/*--------------------------------*- C++ -*----------------------------------*\
| =========                 |                                                 |
| \\      /  F ield         | OpenFOAM: The Open Source CFD Toolbox           |
|  \\    /   O peration     | Version:  v1806                                 |
|   \\  /    A nd           | Web:      www.OpenFOAM.com                      |
|    \\/     M anipulation  |                                                 |
\*---------------------------------------------------------------------------*/
FoamFile
{
    version     2.0;
    format      ascii;
    class       volScalarField;
    object      dnp1;
}
// * * * * * * * * * * * * * * * * * * * * * * * * * * * * * * * * * * * * * //

dimensions      [0 -3 0 0 0 0 0];

internalField   nonuniform List<scalar> 
6400
(
2.229258E+016
3.327128E+016
5.252535E+016
7.350316E+016
7.610974E+016
7.481122E+016
9.188538E+016
1.198313E+017
1.335933E+017
1.252714E+017
1.051384E+017
1.4322E+017
1.575502E+017
1.538929E+017
1.52301E+017
2.274154E+017
2.104608E+017
1.899283E+017
1.768734E+017
2.259296E+017
2.321872E+017
2.656602E+017
2.485417E+017
2.528552E+017
2.557639E+017
2.756366E+017
2.732391E+017
3.275987E+017
2.996118E+017
2.874813E+017
2.876367E+017
3.16893E+017
2.898623E+017
3.009806E+017
3.249413E+017
3.036345E+017
2.886776E+017
2.660719E+017
3.030071E+017
3.040538E+017
2.717167E+017
2.877143E+017
2.849511E+017
3.156575E+017
3.123386E+017
2.815188E+017
3.034389E+017
2.9449E+017
2.872006E+017
3.224726E+017
2.933282E+017
3.161666E+017
2.908932E+017
2.630592E+017
2.353652E+017
2.196914E+017
2.239527E+017
2.050639E+017
2.388309E+017
2.206594E+017
2.181572E+017
2.206014E+017
2.09659E+017
1.97692E+017
1.97444E+017
1.669498E+017
1.499529E+017
1.762356E+017
1.267135E+017
1.207479E+017
1.087411E+017
1.159936E+017
1.022664E+017
1.064059E+017
9.248182E+016
8.269639E+016
5.747093E+016
3.782259E+016
3.482627E+016
1.569045E+016
3.956106E+016
6.404246E+016
6.425448E+016
9.291869E+016
1.258178E+017
1.269769E+017
1.501123E+017
1.899149E+017
2.198724E+017
2.151856E+017
2.289216E+017
2.423894E+017
2.972397E+017
2.590553E+017
2.882886E+017
3.368725E+017
3.455163E+017
3.50941E+017
3.580555E+017
3.880472E+017
3.97095E+017
4.524833E+017
4.227742E+017
3.831225E+017
3.922263E+017
3.848881E+017
4.432593E+017
4.712194E+017
4.609767E+017
4.615547E+017
4.797274E+017
4.803089E+017
5.196439E+017
4.576535E+017
5.198788E+017
4.710461E+017
4.502226E+017
4.515611E+017
4.643508E+017
5.122366E+017
5.752157E+017
4.954584E+017
4.611329E+017
5.051761E+017
4.852281E+017
5.074569E+017
5.641444E+017
5.462299E+017
4.913113E+017
4.877741E+017
5.230458E+017
4.892959E+017
4.378749E+017
4.560118E+017
4.342589E+017
4.511854E+017
3.736289E+017
3.908229E+017
3.597626E+017
3.82381E+017
3.502304E+017
3.688627E+017
3.315961E+017
3.491611E+017
3.590345E+017
2.658986E+017
2.961037E+017
3.123067E+017
2.674494E+017
2.24872E+017
2.123896E+017
1.855063E+017
2.1584E+017
1.432553E+017
1.478781E+017
1.113887E+017
1.03677E+017
8.867832E+016
5.746892E+016
3.742494E+016
4.046327E+016
7.842846E+016
1.253527E+017
1.293801E+017
1.984661E+017
2.047687E+017
2.089649E+017
2.543598E+017
2.765545E+017
3.239069E+017
3.201663E+017
3.69681E+017
3.31582E+017
4.035088E+017
3.905964E+017
3.518154E+017
3.738767E+017
4.489311E+017
5.011013E+017
4.489191E+017
5.292958E+017
5.703608E+017
5.46753E+017
6.231475E+017
5.875633E+017
5.620747E+017
5.831242E+017
6.019431E+017
5.55016E+017
6.465124E+017
6.073761E+017
6.494878E+017
6.410937E+017
6.772511E+017
6.792972E+017
7.075763E+017
6.491727E+017
6.498604E+017
6.86086E+017
7.137467E+017
6.902583E+017
6.638958E+017
7.445091E+017
7.145149E+017
7.151294E+017
7.021263E+017
7.222759E+017
6.940111E+017
6.674199E+017
6.970183E+017
6.478684E+017
6.191675E+017
6.681698E+017
6.331537E+017
5.855878E+017
5.853116E+017
5.954385E+017
5.148784E+017
4.606132E+017
4.912336E+017
5.161647E+017
5.138052E+017
5.57098E+017
4.93652E+017
4.568745E+017
4.664206E+017
3.908749E+017
3.506666E+017
3.538843E+017
3.077181E+017
2.838355E+017
2.907792E+017
2.630303E+017
2.353672E+017
1.926908E+017
1.369458E+017
1.139167E+017
9.297902E+016
7.1561E+016
4.31703E+016
5.310991E+016
1.056566E+017
1.415397E+017
1.963145E+017
2.155224E+017
2.373991E+017
2.938997E+017
3.479595E+017
3.967908E+017
3.979235E+017
4.052469E+017
4.01327E+017
4.004386E+017
4.831038E+017
4.797218E+017
5.332532E+017
5.321063E+017
5.614369E+017
5.995703E+017
6.980057E+017
7.003774E+017
7.699341E+017
7.418962E+017
7.261421E+017
7.661901E+017
7.771613E+017
7.704857E+017
8.286764E+017
8.133205E+017
8.105692E+017
7.90408E+017
8.043649E+017
8.153012E+017
8.222365E+017
9.008788E+017
8.563432E+017
8.23976E+017
8.862462E+017
9.304812E+017
8.755715E+017
9.286027E+017
8.979488E+017
8.767378E+017
9.414261E+017
9.020694E+017
9.179767E+017
8.387298E+017
9.105414E+017
8.635995E+017
8.758992E+017
7.680204E+017
8.589702E+017
8.432552E+017
7.666885E+017
7.404591E+017
7.232247E+017
6.345961E+017
7.100538E+017
6.878593E+017
6.098944E+017
5.668851E+017
6.041586E+017
5.96749E+017
6.004928E+017
5.512644E+017
5.569429E+017
4.777761E+017
4.401394E+017
3.801258E+017
3.360929E+017
3.894969E+017
3.288998E+017
2.961728E+017
2.704244E+017
2.048361E+017
1.866295E+017
1.742137E+017
1.325351E+017
9.997326E+016
5.358817E+016
5.676427E+016
1.003956E+017
1.924019E+017
2.253915E+017
2.410157E+017
2.508413E+017
3.578865E+017
3.273715E+017
3.893352E+017
4.34759E+017
4.952957E+017
4.665964E+017
5.78263E+017
5.914815E+017
6.266308E+017
6.550029E+017
6.975675E+017
6.935244E+017
7.717024E+017
7.768784E+017
8.41357E+017
8.457256E+017
8.979668E+017
9.255956E+017
8.468423E+017
9.716905E+017
9.484394E+017
9.937127E+017
9.137166E+017
9.734631E+017
1.020943E+018
1.008355E+018
1.082509E+018
1.020425E+018
1.065517E+018
1.081765E+018
1.053996E+018
1.106093E+018
1.098918E+018
1.155245E+018
1.003714E+018
1.025168E+018
1.034047E+018
1.040356E+018
1.095359E+018
1.056752E+018
1.038566E+018
1.041207E+018
1.067167E+018
1.04547E+018
1.046669E+018
9.314631E+017
9.085455E+017
9.062034E+017
9.394506E+017
8.65233E+017
8.193212E+017
8.187441E+017
8.034344E+017
8.491481E+017
6.654788E+017
7.107974E+017
7.386772E+017
7.086444E+017
6.830806E+017
6.175099E+017
5.548127E+017
5.288379E+017
4.534844E+017
4.152619E+017
3.836997E+017
4.217913E+017
3.472902E+017
3.157639E+017
3.185016E+017
2.056068E+017
2.058209E+017
1.404609E+017
1.118402E+017
8.957567E+016
6.715952E+016
1.310087E+017
1.380949E+017
2.31726E+017
2.647466E+017
2.915022E+017
3.831642E+017
3.899506E+017
4.97234E+017
6.340632E+017
6.19796E+017
6.407685E+017
6.904618E+017
7.239487E+017
7.563515E+017
7.816239E+017
8.134605E+017
9.027979E+017
8.829033E+017
9.642557E+017
9.810616E+017
1.003278E+018
9.809396E+017
1.091218E+018
9.811338E+017
1.034891E+018
1.144725E+018
1.121949E+018
1.182127E+018
1.202083E+018
1.15017E+018
1.221087E+018
1.171616E+018
1.252656E+018
1.249593E+018
1.277523E+018
1.326203E+018
1.283189E+018
1.255574E+018
1.241642E+018
1.233334E+018
1.25426E+018
1.310038E+018
1.196325E+018
1.322349E+018
1.246805E+018
1.275307E+018
1.319439E+018
1.267286E+018
1.227169E+018
1.147131E+018
1.138771E+018
1.145359E+018
9.976615E+017
1.095327E+018
9.634632E+017
1.092953E+018
1.001139E+018
9.597825E+017
8.773891E+017
8.351636E+017
8.380123E+017
8.447782E+017
8.839495E+017
7.681882E+017
7.587782E+017
6.811093E+017
6.216172E+017
6.529706E+017
5.759035E+017
5.006722E+017
4.336398E+017
4.059305E+017
3.697909E+017
3.533926E+017
2.489335E+017
2.120655E+017
1.748711E+017
1.191696E+017
7.020791E+016
6.872085E+016
1.214622E+017
1.947546E+017
2.453653E+017
3.079609E+017
3.495702E+017
4.671685E+017
5.072296E+017
5.715563E+017
6.503609E+017
6.719178E+017
7.257043E+017
8.145743E+017
8.38682E+017
8.802323E+017
9.174945E+017
8.619271E+017
9.317046E+017
1.050912E+018
1.064258E+018
1.05782E+018
1.143073E+018
1.107716E+018
1.167042E+018
1.193516E+018
1.259712E+018
1.200839E+018
1.379134E+018
1.340638E+018
1.315589E+018
1.392137E+018
1.444853E+018
1.358956E+018
1.410283E+018
1.440847E+018
1.378444E+018
1.55261E+018
1.581912E+018
1.46432E+018
1.420077E+018
1.577795E+018
1.466099E+018
1.445833E+018
1.449396E+018
1.470267E+018
1.516572E+018
1.39944E+018
1.37844E+018
1.511471E+018
1.409483E+018
1.312501E+018
1.275647E+018
1.24383E+018
1.299905E+018
1.179865E+018
1.201909E+018
1.120883E+018
1.125748E+018
1.0908E+018
1.073849E+018
1.055965E+018
9.509932E+017
9.851162E+017
8.495286E+017
8.696317E+017
8.362241E+017
8.076191E+017
8.000237E+017
6.596258E+017
6.031753E+017
5.715492E+017
4.813839E+017
4.306793E+017
4.541534E+017
3.761166E+017
2.870817E+017
2.110498E+017
2.118378E+017
1.376889E+017
8.375422E+016
9.725388E+016
1.367875E+017
2.369335E+017
2.807223E+017
3.413719E+017
4.718318E+017
4.769501E+017
5.713475E+017
5.925061E+017
6.813269E+017
7.336102E+017
8.26602E+017
8.151187E+017
9.20296E+017
9.575535E+017
9.294162E+017
9.625307E+017
1.042925E+018
1.169913E+018
1.232537E+018
1.189818E+018
1.298556E+018
1.23711E+018
1.251182E+018
1.229873E+018
1.469067E+018
1.291373E+018
1.410202E+018
1.417967E+018
1.470991E+018
1.455925E+018
1.697888E+018
1.615645E+018
1.620195E+018
1.574404E+018
1.632055E+018
1.599011E+018
1.685569E+018
1.685842E+018
1.683435E+018
1.684295E+018
1.652167E+018
1.584991E+018
1.657591E+018
1.643357E+018
1.623321E+018
1.624982E+018
1.580978E+018
1.601624E+018
1.601122E+018
1.505967E+018
1.503392E+018
1.508704E+018
1.48824E+018
1.360551E+018
1.369995E+018
1.387873E+018
1.254065E+018
1.204298E+018
1.229027E+018
1.180289E+018
1.185071E+018
1.0743E+018
1.023275E+018
9.389725E+017
8.915271E+017
8.699715E+017
8.46533E+017
6.900928E+017
7.752803E+017
6.999376E+017
5.882365E+017
5.141297E+017
4.59273E+017
4.186365E+017
3.630195E+017
2.61175E+017
1.811658E+017
1.582238E+017
8.784982E+016
1.047293E+017
1.672866E+017
2.747564E+017
2.985371E+017
3.843477E+017
4.586018E+017
5.088296E+017
5.722915E+017
7.546531E+017
7.670056E+017
8.286863E+017
8.337208E+017
9.161564E+017
1.024856E+018
1.071251E+018
1.025131E+018
1.092493E+018
1.156884E+018
1.282399E+018
1.28453E+018
1.248317E+018
1.318231E+018
1.357797E+018
1.334263E+018
1.457203E+018
1.608427E+018
1.529261E+018
1.553165E+018
1.595149E+018
1.71686E+018
1.651362E+018
1.755092E+018
1.761524E+018
1.77311E+018
1.726885E+018
1.658885E+018
1.750939E+018
1.826332E+018
1.694888E+018
1.83496E+018
1.86664E+018
1.842575E+018
1.712638E+018
1.80653E+018
1.873548E+018
1.779091E+018
1.735742E+018
1.795037E+018
1.687041E+018
1.660591E+018
1.726867E+018
1.745241E+018
1.609191E+018
1.571238E+018
1.549532E+018
1.444345E+018
1.440742E+018
1.482097E+018
1.36206E+018
1.384148E+018
1.284302E+018
1.204902E+018
1.144166E+018
1.126239E+018
1.081687E+018
1.028334E+018
9.34055E+017
8.875461E+017
8.67554E+017
7.861223E+017
7.873638E+017
6.741327E+017
5.91565E+017
5.290432E+017
4.366566E+017
3.922117E+017
3.156048E+017
2.265165E+017
1.639549E+017
1.06833E+017
1.251498E+017
1.973106E+017
2.508654E+017
3.083791E+017
4.184209E+017
4.878515E+017
5.523908E+017
7.39216E+017
8.348734E+017
8.134444E+017
8.787404E+017
8.909535E+017
1.099017E+018
1.099941E+018
1.211038E+018
1.166549E+018
1.251357E+018
1.379663E+018
1.368551E+018
1.398721E+018
1.408527E+018
1.470497E+018
1.626263E+018
1.603821E+018
1.604465E+018
1.630187E+018
1.745173E+018
1.804548E+018
1.831857E+018
1.945269E+018
1.960182E+018
1.946049E+018
1.873495E+018
1.930582E+018
1.880223E+018
1.864211E+018
1.8553E+018
1.934372E+018
1.969172E+018
1.947387E+018
1.995425E+018
2.00265E+018
1.93807E+018
2.006365E+018
1.901368E+018
1.822581E+018
2.013928E+018
1.97283E+018
1.830197E+018
1.824776E+018
1.884143E+018
1.772612E+018
1.661911E+018
1.750577E+018
1.785315E+018
1.712282E+018
1.585509E+018
1.462269E+018
1.479841E+018
1.493712E+018
1.352664E+018
1.29488E+018
1.312243E+018
1.280251E+018
1.212689E+018
1.169742E+018
1.154691E+018
1.148998E+018
9.252261E+017
9.188855E+017
7.959277E+017
7.984435E+017
6.878108E+017
5.592029E+017
4.60408E+017
4.169162E+017
3.234171E+017
2.685876E+017
2.230344E+017
1.180355E+017
1.32008E+017
2.2642E+017
2.989599E+017
3.605125E+017
5.139201E+017
6.108467E+017
5.972112E+017
7.11123E+017
8.222808E+017
8.512584E+017
1.009836E+018
1.127234E+018
1.073445E+018
1.204068E+018
1.262635E+018
1.287404E+018
1.244924E+018
1.404034E+018
1.414173E+018
1.536473E+018
1.542692E+018
1.589064E+018
1.715616E+018
1.859246E+018
1.793852E+018
1.856162E+018
1.928112E+018
1.867577E+018
1.924561E+018
2.043349E+018
2.118275E+018
2.06742E+018
2.053357E+018
2.083153E+018
2.102077E+018
2.173439E+018
2.092619E+018
2.133678E+018
2.020041E+018
2.09558E+018
2.210767E+018
2.142608E+018
2.141897E+018
2.069266E+018
2.107513E+018
2.043811E+018
2.006834E+018
2.059192E+018
1.982493E+018
2.054904E+018
1.986822E+018
1.963542E+018
1.824941E+018
1.858508E+018
1.900731E+018
1.846532E+018
1.773547E+018
1.609357E+018
1.633662E+018
1.71221E+018
1.570865E+018
1.540937E+018
1.37326E+018
1.445177E+018
1.325929E+018
1.236255E+018
1.189726E+018
1.149115E+018
9.710888E+017
9.670028E+017
8.967648E+017
8.306361E+017
6.925304E+017
5.939058E+017
5.908727E+017
4.436567E+017
3.511024E+017
2.91146E+017
2.235876E+017
1.407757E+017
1.226709E+017
2.583734E+017
3.125016E+017
4.683964E+017
5.42198E+017
6.320135E+017
7.512522E+017
7.415232E+017
8.290459E+017
9.234829E+017
1.03369E+018
1.132793E+018
1.217833E+018
1.268981E+018
1.411997E+018
1.393221E+018
1.377366E+018
1.448913E+018
1.475337E+018
1.470688E+018
1.680796E+018
1.801315E+018
1.792557E+018
1.858558E+018
1.922246E+018
1.893754E+018
2.057486E+018
1.9969E+018
2.11638E+018
2.120806E+018
2.184565E+018
2.164434E+018
2.177502E+018
2.23073E+018
2.242203E+018
2.239616E+018
2.348994E+018
2.334571E+018
2.278805E+018
2.267542E+018
2.390908E+018
2.255381E+018
2.300032E+018
2.276745E+018
2.225975E+018
2.231904E+018
2.248894E+018
2.25958E+018
2.152161E+018
2.312858E+018
2.301968E+018
2.041053E+018
1.952056E+018
1.952294E+018
1.990212E+018
1.945521E+018
1.890332E+018
1.883945E+018
1.751354E+018
1.759067E+018
1.659961E+018
1.593053E+018
1.49822E+018
1.373398E+018
1.446005E+018
1.299396E+018
1.203775E+018
1.160795E+018
1.115303E+018
9.051758E+017
9.229129E+017
8.060843E+017
7.133928E+017
6.377388E+017
5.468616E+017
5.159216E+017
3.696035E+017
3.526856E+017
2.409279E+017
1.151249E+017
1.425096E+017
2.632306E+017
3.714756E+017
4.514429E+017
5.706039E+017
6.97148E+017
7.361819E+017
7.619923E+017
9.518873E+017
1.082702E+018
1.120746E+018
1.155448E+018
1.264605E+018
1.530064E+018
1.401742E+018
1.555636E+018
1.671887E+018
1.55641E+018
1.580709E+018
1.654181E+018
1.764806E+018
1.899749E+018
2.004542E+018
1.919004E+018
1.995749E+018
2.088952E+018
2.07633E+018
2.279964E+018
2.305223E+018
2.353563E+018
2.320275E+018
2.4561E+018
2.378114E+018
2.389763E+018
2.520702E+018
2.416582E+018
2.40274E+018
2.428887E+018
2.480688E+018
2.533623E+018
2.493596E+018
2.511695E+018
2.470515E+018
2.500261E+018
2.431893E+018
2.297862E+018
2.357352E+018
2.260549E+018
2.35039E+018
2.2545E+018
2.362321E+018
2.149819E+018
2.125532E+018
2.156254E+018
2.133744E+018
2.114215E+018
2.092183E+018
1.936791E+018
1.778722E+018
1.829728E+018
1.739573E+018
1.678303E+018
1.668703E+018
1.54243E+018
1.442402E+018
1.378543E+018
1.285765E+018
1.175301E+018
1.113781E+018
1.087559E+018
9.532565E+017
8.303907E+017
7.830597E+017
6.869822E+017
6.268777E+017
5.51791E+017
4.1215E+017
2.93766E+017
2.308404E+017
1.49725E+017
1.516194E+017
2.683095E+017
3.863633E+017
4.548471E+017
5.790546E+017
7.026326E+017
8.342796E+017
8.842568E+017
9.927166E+017
9.874757E+017
1.204549E+018
1.203393E+018
1.407463E+018
1.486105E+018
1.508568E+018
1.69531E+018
1.746601E+018
1.81214E+018
1.795203E+018
1.857802E+018
1.991916E+018
1.934195E+018
2.099307E+018
2.122331E+018
2.235355E+018
2.249738E+018
2.383824E+018
2.465108E+018
2.38859E+018
2.549062E+018
2.562132E+018
2.513019E+018
2.431741E+018
2.680832E+018
2.614421E+018
2.730126E+018
2.553911E+018
2.583257E+018
2.559527E+018
2.669124E+018
2.601315E+018
2.527868E+018
2.641084E+018
2.726957E+018
2.610088E+018
2.532034E+018
2.558161E+018
2.520869E+018
2.452843E+018
2.558817E+018
2.502777E+018
2.227388E+018
2.470102E+018
2.265775E+018
2.320358E+018
2.255732E+018
2.210287E+018
2.060636E+018
2.044907E+018
1.955967E+018
1.977018E+018
1.804811E+018
1.768153E+018
1.707071E+018
1.576936E+018
1.386047E+018
1.329183E+018
1.302436E+018
1.306112E+018
1.146489E+018
9.745372E+017
8.876268E+017
7.441082E+017
7.324318E+017
6.336847E+017
5.789171E+017
4.67548E+017
4.152922E+017
2.54248E+017
1.697346E+017
1.913615E+017
2.782212E+017
4.094647E+017
5.041017E+017
5.903686E+017
7.454308E+017
8.406432E+017
8.942951E+017
1.078972E+018
1.124404E+018
1.199696E+018
1.345317E+018
1.396987E+018
1.532571E+018
1.602435E+018
1.781231E+018
1.933667E+018
1.830083E+018
1.890972E+018
1.881135E+018
2.082685E+018
2.067344E+018
2.200392E+018
2.303836E+018
2.397498E+018
2.341423E+018
2.47877E+018
2.645808E+018
2.604455E+018
2.536362E+018
2.630485E+018
2.723332E+018
2.726881E+018
2.752274E+018
2.695769E+018
2.689559E+018
2.810504E+018
2.689097E+018
2.775415E+018
2.758202E+018
2.656314E+018
2.712974E+018
2.660086E+018
2.704929E+018
2.749498E+018
2.682346E+018
2.647376E+018
2.642116E+018
2.81242E+018
2.741286E+018
2.519727E+018
2.626643E+018
2.616329E+018
2.458567E+018
2.384258E+018
2.253439E+018
2.229197E+018
2.155474E+018
2.200816E+018
2.133572E+018
2.013667E+018
2.0178E+018
1.8251E+018
1.706429E+018
1.641773E+018
1.500393E+018
1.45299E+018
1.353975E+018
1.319729E+018
1.141147E+018
1.082E+018
1.038138E+018
9.433567E+017
8.159233E+017
6.968353E+017
6.077301E+017
5.777371E+017
3.74225E+017
2.921755E+017
1.785143E+017
1.832607E+017
2.781449E+017
4.257662E+017
5.841604E+017
6.174072E+017
7.308336E+017
8.21874E+017
9.780567E+017
1.149115E+018
1.148242E+018
1.293952E+018
1.450506E+018
1.504827E+018
1.616408E+018
1.675401E+018
1.73023E+018
1.771788E+018
1.924556E+018
1.962123E+018
2.243604E+018
2.156604E+018
2.32276E+018
2.308719E+018
2.331769E+018
2.46341E+018
2.464413E+018
2.701366E+018
2.627008E+018
2.573729E+018
2.696271E+018
2.861073E+018
2.745628E+018
2.89495E+018
2.944089E+018
2.776713E+018
2.796744E+018
2.842166E+018
2.897396E+018
2.854582E+018
2.98896E+018
2.996602E+018
2.932201E+018
2.937009E+018
2.969181E+018
3.071894E+018
2.884916E+018
2.867922E+018
2.822308E+018
2.935421E+018
2.763238E+018
2.703515E+018
2.762056E+018
2.661596E+018
2.658295E+018
2.485205E+018
2.537499E+018
2.359975E+018
2.325243E+018
2.321182E+018
2.432695E+018
2.141449E+018
2.013943E+018
1.835931E+018
1.871765E+018
1.71012E+018
1.80882E+018
1.513744E+018
1.450837E+018
1.344865E+018
1.242393E+018
1.224881E+018
1.034102E+018
9.292273E+017
7.573218E+017
6.58715E+017
6.290063E+017
5.712392E+017
3.836917E+017
2.677274E+017
1.636958E+017
2.205988E+017
2.863134E+017
4.231187E+017
5.835523E+017
7.550009E+017
8.293712E+017
9.436008E+017
1.072453E+018
1.166211E+018
1.187516E+018
1.422867E+018
1.504541E+018
1.589299E+018
1.637888E+018
1.683545E+018
1.817931E+018
1.939543E+018
1.989557E+018
2.105218E+018
2.225411E+018
2.276874E+018
2.359579E+018
2.52956E+018
2.494043E+018
2.591188E+018
2.732835E+018
2.827382E+018
2.88113E+018
2.807706E+018
2.855806E+018
2.936883E+018
2.84699E+018
2.987704E+018
3.042042E+018
3.148722E+018
2.99775E+018
3.016897E+018
3.149266E+018
3.082263E+018
3.078475E+018
3.086557E+018
3.160932E+018
3.038741E+018
3.127683E+018
3.247947E+018
3.205295E+018
3.082946E+018
3.092257E+018
2.987611E+018
3.068777E+018
2.796668E+018
2.884616E+018
2.843289E+018
2.64278E+018
2.661538E+018
2.659152E+018
2.628044E+018
2.412275E+018
2.327734E+018
2.267851E+018
2.25831E+018
2.095931E+018
2.101455E+018
2.032738E+018
1.890019E+018
1.755005E+018
1.58801E+018
1.502667E+018
1.477571E+018
1.251615E+018
1.262209E+018
1.181466E+018
1.005577E+018
9.002611E+017
7.51796E+017
6.65111E+017
6.140878E+017
4.354284E+017
3.110165E+017
2.118262E+017
2.139909E+017
3.154569E+017
4.775057E+017
5.843736E+017
6.906052E+017
8.347189E+017
9.120797E+017
1.136274E+018
1.160265E+018
1.295999E+018
1.489648E+018
1.612312E+018
1.575653E+018
1.663261E+018
1.730458E+018
2.003027E+018
2.056382E+018
2.034294E+018
2.175485E+018
2.182952E+018
2.416189E+018
2.601625E+018
2.658899E+018
2.560669E+018
2.714889E+018
2.844957E+018
2.784492E+018
2.831495E+018
2.986941E+018
3.005849E+018
3.132278E+018
3.136592E+018
3.100279E+018
3.115952E+018
3.247708E+018
3.377978E+018
3.287729E+018
3.270139E+018
3.274148E+018
3.231097E+018
3.300937E+018
3.193357E+018
3.284834E+018
3.327513E+018
3.268981E+018
3.257235E+018
3.217903E+018
3.124465E+018
3.113899E+018
3.004271E+018
3.071818E+018
2.840565E+018
2.900689E+018
2.833893E+018
2.930952E+018
2.859205E+018
2.756954E+018
2.50759E+018
2.399233E+018
2.364364E+018
2.388433E+018
2.251404E+018
2.170779E+018
2.040571E+018
1.851518E+018
1.792694E+018
1.678298E+018
1.665835E+018
1.540222E+018
1.348004E+018
1.313473E+018
1.155646E+018
1.102017E+018
1.026308E+018
7.617879E+017
6.871352E+017
5.814564E+017
4.507607E+017
3.55406E+017
2.477912E+017
2.119946E+017
3.393031E+017
5.433831E+017
6.600813E+017
7.907495E+017
9.069787E+017
1.012655E+018
1.25877E+018
1.340705E+018
1.376862E+018
1.584403E+018
1.614769E+018
1.731837E+018
1.720958E+018
1.87466E+018
2.021458E+018
2.072602E+018
2.180132E+018
2.329471E+018
2.256914E+018
2.479341E+018
2.591434E+018
2.524754E+018
2.71412E+018
2.880621E+018
2.941955E+018
2.88169E+018
3.117494E+018
3.002762E+018
3.242333E+018
3.133042E+018
3.127817E+018
3.163108E+018
3.153479E+018
3.203909E+018
3.249507E+018
3.331717E+018
3.40389E+018
3.393865E+018
3.29889E+018
3.390591E+018
3.505512E+018
3.277773E+018
3.404089E+018
3.456276E+018
3.335395E+018
3.268099E+018
3.355736E+018
3.220324E+018
3.099955E+018
3.187488E+018
3.019312E+018
3.130739E+018
3.100099E+018
2.929083E+018
2.852803E+018
2.739005E+018
2.594823E+018
2.522635E+018
2.411531E+018
2.484665E+018
2.325711E+018
2.217293E+018
2.11134E+018
2.030068E+018
1.995226E+018
1.868319E+018
1.711279E+018
1.621587E+018
1.353678E+018
1.324932E+018
1.259226E+018
1.142726E+018
9.960568E+017
8.40815E+017
7.746432E+017
6.313319E+017
5.180036E+017
3.932856E+017
2.181957E+017
2.096022E+017
3.570721E+017
5.043756E+017
6.619926E+017
8.555593E+017
8.587894E+017
1.084062E+018
1.20526E+018
1.365273E+018
1.458761E+018
1.637765E+018
1.653417E+018
1.902376E+018
1.842075E+018
2.021951E+018
2.040464E+018
2.04522E+018
2.193175E+018
2.312703E+018
2.467891E+018
2.524738E+018
2.782466E+018
2.797964E+018
2.864614E+018
2.859114E+018
2.955571E+018
3.07264E+018
3.22401E+018
3.412024E+018
3.324632E+018
3.195313E+018
3.244082E+018
3.342081E+018
3.380028E+018
3.312244E+018
3.395295E+018
3.425046E+018
3.482284E+018
3.633371E+018
3.565348E+018
3.610274E+018
3.715047E+018
3.451721E+018
3.434838E+018
3.47577E+018
3.386058E+018
3.479884E+018
3.313024E+018
3.315601E+018
3.279375E+018
3.310085E+018
3.19296E+018
3.169801E+018
3.139245E+018
2.886081E+018
2.910845E+018
2.923414E+018
2.664322E+018
2.661527E+018
2.511267E+018
2.55394E+018
2.499635E+018
2.359139E+018
2.277028E+018
2.196028E+018
1.904095E+018
1.932806E+018
1.822459E+018
1.585036E+018
1.454989E+018
1.425102E+018
1.245934E+018
1.180271E+018
1.025303E+018
8.206299E+017
7.028515E+017
5.904009E+017
4.989409E+017
3.478942E+017
2.420692E+017
2.561258E+017
4.047758E+017
5.365324E+017
7.220455E+017
8.403137E+017
9.741036E+017
1.219612E+018
1.222467E+018
1.446646E+018
1.513364E+018
1.589202E+018
1.734138E+018
1.767103E+018
1.927618E+018
1.954554E+018
2.237725E+018
2.307207E+018
2.312977E+018
2.399815E+018
2.610918E+018
2.627417E+018
2.789993E+018
2.893022E+018
2.887871E+018
2.988015E+018
3.118385E+018
3.158944E+018
3.204454E+018
3.414901E+018
3.4807E+018
3.36437E+018
3.347369E+018
3.488244E+018
3.511993E+018
3.515245E+018
3.606445E+018
3.623611E+018
3.627919E+018
3.695421E+018
3.628926E+018
3.702413E+018
3.65731E+018
3.770348E+018
3.703749E+018
3.53389E+018
3.534731E+018
3.56934E+018
3.502244E+018
3.508314E+018
3.493647E+018
3.504411E+018
3.249587E+018
3.190894E+018
3.210449E+018
3.177663E+018
3.119717E+018
2.874197E+018
2.728994E+018
2.753547E+018
2.721895E+018
2.584974E+018
2.562018E+018
2.400945E+018
2.36183E+018
2.23628E+018
2.124624E+018
1.916453E+018
1.899341E+018
1.748639E+018
1.595602E+018
1.436416E+018
1.355609E+018
1.125074E+018
1.034182E+018
9.119463E+017
7.128261E+017
6.306009E+017
5.847087E+017
4.187992E+017
2.136306E+017
2.089263E+017
3.438859E+017
5.752779E+017
6.965244E+017
8.620751E+017
1.131569E+018
1.11234E+018
1.312901E+018
1.388854E+018
1.510507E+018
1.667642E+018
1.864407E+018
1.881503E+018
1.987996E+018
2.185081E+018
2.342325E+018
2.400249E+018
2.497421E+018
2.459581E+018
2.717828E+018
2.732439E+018
2.688691E+018
3.02394E+018
3.220182E+018
2.959133E+018
3.303638E+018
3.346998E+018
3.350778E+018
3.322689E+018
3.543583E+018
3.497215E+018
3.679607E+018
3.72606E+018
3.632534E+018
3.638115E+018
3.561072E+018
3.765954E+018
3.65368E+018
3.691004E+018
3.637717E+018
3.708625E+018
3.68846E+018
3.773194E+018
3.777836E+018
3.533878E+018
3.697531E+018
3.639123E+018
3.509486E+018
3.596675E+018
3.524805E+018
3.541207E+018
3.250357E+018
3.450908E+018
3.104871E+018
3.175242E+018
3.03427E+018
3.058283E+018
3.01616E+018
2.779838E+018
2.807762E+018
2.883376E+018
2.558128E+018
2.451947E+018
2.396637E+018
2.209788E+018
2.242132E+018
2.084959E+018
1.836891E+018
1.690427E+018
1.626271E+018
1.439908E+018
1.368165E+018
1.095673E+018
1.10166E+018
1.015632E+018
8.550311E+017
7.777299E+017
5.649305E+017
4.122921E+017
2.238177E+017
2.20625E+017
4.093644E+017
5.205337E+017
7.596704E+017
8.127534E+017
1.025602E+018
1.163585E+018
1.269261E+018
1.556169E+018
1.569013E+018
1.780566E+018
1.914298E+018
2.001483E+018
2.126384E+018
2.26853E+018
2.455236E+018
2.402371E+018
2.456153E+018
2.653474E+018
2.826857E+018
2.859139E+018
2.942181E+018
3.042425E+018
3.148766E+018
3.22684E+018
3.303349E+018
3.243622E+018
3.369802E+018
3.49497E+018
3.563299E+018
3.686715E+018
3.801872E+018
3.730869E+018
3.764226E+018
3.708387E+018
3.65236E+018
3.764559E+018
3.711365E+018
3.859882E+018
3.779691E+018
3.835974E+018
3.87714E+018
3.835725E+018
3.94963E+018
3.816828E+018
3.864239E+018
3.861172E+018
3.775635E+018
3.668126E+018
3.641449E+018
3.659616E+018
3.4659E+018
3.484765E+018
3.30076E+018
3.285217E+018
3.104113E+018
3.104782E+018
2.952842E+018
2.929534E+018
2.884785E+018
2.824925E+018
2.698889E+018
2.518585E+018
2.42228E+018
2.182948E+018
2.190864E+018
2.126052E+018
1.986886E+018
1.798487E+018
1.623506E+018
1.547637E+018
1.421602E+018
1.229151E+018
1.076444E+018
9.540359E+017
7.982435E+017
7.313758E+017
6.004298E+017
4.182209E+017
2.112538E+017
2.193929E+017
3.958264E+017
5.643371E+017
7.435119E+017
8.964685E+017
9.432115E+017
1.1912E+018
1.330511E+018
1.540589E+018
1.640416E+018
1.84269E+018
1.930706E+018
2.051411E+018
2.245236E+018
2.31019E+018
2.465902E+018
2.60918E+018
2.581286E+018
2.667671E+018
2.920603E+018
2.898743E+018
3.058733E+018
3.025473E+018
3.079742E+018
3.278553E+018
3.440407E+018
3.373864E+018
3.642216E+018
3.831668E+018
3.693724E+018
3.79946E+018
3.699202E+018
3.684118E+018
3.801538E+018
3.814953E+018
3.753165E+018
3.986834E+018
3.956926E+018
3.874363E+018
3.886783E+018
3.83988E+018
3.929585E+018
3.964272E+018
3.848172E+018
4.018263E+018
3.928689E+018
3.880007E+018
3.995516E+018
4.000184E+018
3.871544E+018
3.535608E+018
3.550203E+018
3.72846E+018
3.60468E+018
3.555588E+018
3.128446E+018
3.232631E+018
3.145684E+018
3.003346E+018
2.926164E+018
2.890968E+018
2.769702E+018
2.646425E+018
2.465144E+018
2.390389E+018
2.261248E+018
2.196808E+018
1.96789E+018
1.770801E+018
1.678016E+018
1.613351E+018
1.33573E+018
1.259557E+018
1.219795E+018
1.004556E+018
8.540152E+017
7.465828E+017
6.123308E+017
3.766358E+017
2.420616E+017
2.369927E+017
4.356845E+017
6.612723E+017
7.734499E+017
8.612367E+017
1.035189E+018
1.226868E+018
1.456643E+018
1.518297E+018
1.747492E+018
1.865467E+018
1.98244E+018
2.133495E+018
2.248549E+018
2.294156E+018
2.35814E+018
2.459833E+018
2.623574E+018
2.714939E+018
2.943895E+018
3.011577E+018
3.371718E+018
3.233844E+018
3.244528E+018
3.346495E+018
3.529257E+018
3.627936E+018
3.660124E+018
3.750677E+018
3.868885E+018
3.819426E+018
3.710573E+018
3.736242E+018
3.85142E+018
3.88032E+018
3.96842E+018
4.051035E+018
4.074972E+018
3.974178E+018
3.960935E+018
4.045874E+018
4.011578E+018
4.10086E+018
4.060776E+018
3.887174E+018
4.212923E+018
3.998439E+018
4.042535E+018
3.929974E+018
3.90135E+018
3.703555E+018
3.826431E+018
3.720593E+018
3.607885E+018
3.420861E+018
3.612042E+018
3.385983E+018
3.183106E+018
3.154508E+018
3.004551E+018
2.909373E+018
2.824043E+018
2.753528E+018
2.573783E+018
2.400944E+018
2.362422E+018
2.287774E+018
1.997426E+018
1.970122E+018
1.654224E+018
1.643487E+018
1.454429E+018
1.343209E+018
1.283432E+018
1.079831E+018
8.652388E+017
7.72102E+017
5.416574E+017
3.968232E+017
2.403965E+017
2.713179E+017
4.562918E+017
6.239051E+017
8.32988E+017
9.422766E+017
1.1631E+018
1.241865E+018
1.514018E+018
1.587047E+018
1.760781E+018
1.855587E+018
1.982199E+018
2.078185E+018
2.239771E+018
2.417791E+018
2.506569E+018
2.569969E+018
2.733538E+018
2.755964E+018
3.035328E+018
3.17874E+018
3.272652E+018
3.464139E+018
3.335369E+018
3.508744E+018
3.650462E+018
3.812081E+018
3.694558E+018
3.897188E+018
4.00376E+018
3.838306E+018
3.920398E+018
3.799242E+018
3.982228E+018
4.097282E+018
4.160004E+018
4.114609E+018
4.029152E+018
4.148791E+018
4.203455E+018
4.211454E+018
4.149569E+018
4.351423E+018
4.238685E+018
4.19813E+018
4.206119E+018
4.201215E+018
4.120943E+018
3.862853E+018
4.038859E+018
3.856328E+018
3.762534E+018
3.748834E+018
3.645313E+018
3.600265E+018
3.545696E+018
3.570346E+018
3.343562E+018
3.197822E+018
3.000462E+018
3.033619E+018
2.934891E+018
2.869672E+018
2.612057E+018
2.490877E+018
2.417368E+018
2.244549E+018
2.095036E+018
2.019746E+018
1.848224E+018
1.706912E+018
1.648688E+018
1.445389E+018
1.121617E+018
1.156029E+018
9.564806E+017
7.64013E+017
6.026094E+017
4.423289E+017
2.759454E+017
2.652095E+017
4.809299E+017
5.908558E+017
7.928866E+017
1.003464E+018
1.114957E+018
1.270053E+018
1.465734E+018
1.60707E+018
1.827444E+018
1.920851E+018
2.013602E+018
2.110664E+018
2.205636E+018
2.349189E+018
2.65618E+018
2.669019E+018
2.75565E+018
2.895746E+018
2.935515E+018
3.109734E+018
3.361548E+018
3.429818E+018
3.566323E+018
3.575125E+018
3.653228E+018
3.791075E+018
3.800255E+018
3.875539E+018
3.991103E+018
4.025383E+018
4.08948E+018
3.881843E+018
4.085449E+018
4.304926E+018
4.269453E+018
4.22758E+018
4.281104E+018
4.304828E+018
4.279923E+018
4.293982E+018
4.265341E+018
4.530111E+018
4.498232E+018
4.275134E+018
4.289937E+018
4.249698E+018
4.235161E+018
4.077513E+018
4.286352E+018
3.947076E+018
3.838818E+018
3.81442E+018
3.852752E+018
3.617323E+018
3.686169E+018
3.507928E+018
3.272895E+018
3.165326E+018
3.273386E+018
3.158901E+018
2.987214E+018
2.787845E+018
2.714464E+018
2.510422E+018
2.334593E+018
2.343374E+018
2.09852E+018
1.982221E+018
1.879668E+018
1.734812E+018
1.611691E+018
1.490128E+018
1.265426E+018
1.126791E+018
9.915197E+017
7.910896E+017
6.372399E+017
4.161962E+017
2.786137E+017
2.570802E+017
4.652749E+017
6.24549E+017
8.577274E+017
9.62248E+017
1.102155E+018
1.287726E+018
1.565552E+018
1.649921E+018
1.745303E+018
1.887169E+018
2.082437E+018
2.255425E+018
2.310557E+018
2.418741E+018
2.535554E+018
2.776936E+018
3.037358E+018
3.061156E+018
3.213988E+018
3.210504E+018
3.412023E+018
3.541316E+018
3.55477E+018
3.707616E+018
3.676264E+018
3.920039E+018
3.954088E+018
3.982537E+018
4.07794E+018
4.049603E+018
4.269508E+018
4.347774E+018
4.145807E+018
4.404385E+018
4.229649E+018
4.300407E+018
4.411283E+018
4.450246E+018
4.389681E+018
4.401896E+018
4.512048E+018
4.508006E+018
4.628836E+018
4.466568E+018
4.398545E+018
4.446571E+018
4.083522E+018
4.155222E+018
4.167077E+018
4.028556E+018
3.980492E+018
3.897169E+018
3.836707E+018
3.672439E+018
3.727112E+018
3.541353E+018
3.362556E+018
3.353334E+018
3.220946E+018
3.092244E+018
2.996968E+018
2.909822E+018
2.766827E+018
2.653698E+018
2.470461E+018
2.390945E+018
2.251424E+018
2.079858E+018
1.913909E+018
1.729033E+018
1.565246E+018
1.566486E+018
1.330144E+018
1.148513E+018
9.076771E+017
8.48578E+017
5.967288E+017
4.261439E+017
2.806039E+017
3.038566E+017
4.931681E+017
6.122886E+017
8.296885E+017
1.011303E+018
1.227798E+018
1.29215E+018
1.493623E+018
1.689737E+018
1.829174E+018
2.038349E+018
2.122662E+018
2.143475E+018
2.38727E+018
2.592858E+018
2.704816E+018
2.913834E+018
2.98165E+018
3.227529E+018
3.263851E+018
3.335736E+018
3.498243E+018
3.65372E+018
3.748385E+018
3.755267E+018
3.888136E+018
3.850233E+018
4.025252E+018
4.043908E+018
4.204401E+018
4.038139E+018
4.306264E+018
4.244214E+018
4.363086E+018
4.425289E+018
4.360763E+018
4.406473E+018
4.405917E+018
4.533746E+018
4.486545E+018
4.575789E+018
4.649009E+018
4.434993E+018
4.461875E+018
4.515905E+018
4.431624E+018
4.344901E+018
4.226504E+018
4.261921E+018
4.309877E+018
4.242222E+018
4.104798E+018
3.891167E+018
3.751371E+018
3.887395E+018
3.661347E+018
3.646287E+018
3.492124E+018
3.495891E+018
3.306858E+018
3.087161E+018
3.101745E+018
2.835916E+018
2.693436E+018
2.617305E+018
2.544368E+018
2.514194E+018
2.229924E+018
2.109143E+018
2.027006E+018
1.824853E+018
1.602613E+018
1.602254E+018
1.368726E+018
1.217168E+018
9.955878E+017
7.796619E+017
6.277584E+017
4.881489E+017
3.16578E+017
2.983058E+017
4.819784E+017
6.492362E+017
9.259491E+017
1.024598E+018
1.151054E+018
1.32586E+018
1.454977E+018
1.651009E+018
1.930572E+018
1.965849E+018
2.103032E+018
2.3466E+018
2.530458E+018
2.638499E+018
2.772971E+018
2.871664E+018
2.949774E+018
3.140689E+018
3.257214E+018
3.478766E+018
3.597151E+018
3.56648E+018
3.882938E+018
3.818873E+018
4.003149E+018
4.029671E+018
4.114368E+018
4.122174E+018
4.195979E+018
4.176984E+018
4.248122E+018
4.379455E+018
4.479984E+018
4.441871E+018
4.572142E+018
4.430344E+018
4.604732E+018
4.570238E+018
4.732525E+018
4.555947E+018
4.535184E+018
4.678534E+018
4.580001E+018
4.450533E+018
4.569671E+018
4.358676E+018
4.458609E+018
4.297396E+018
4.412845E+018
4.097462E+018
4.145697E+018
4.114812E+018
3.890817E+018
4.018354E+018
3.839433E+018
3.677465E+018
3.566811E+018
3.502655E+018
3.495858E+018
3.198876E+018
3.052751E+018
3.050184E+018
2.882035E+018
2.743577E+018
2.554157E+018
2.502867E+018
2.199288E+018
2.081228E+018
2.030924E+018
1.731169E+018
1.636334E+018
1.569838E+018
1.470337E+018
1.29809E+018
1.010773E+018
7.872057E+017
6.198591E+017
4.703118E+017
3.09477E+017
2.723394E+017
4.975382E+017
6.084579E+017
8.360598E+017
1.002157E+018
1.088285E+018
1.344568E+018
1.614286E+018
1.663801E+018
1.911747E+018
2.061193E+018
2.236478E+018
2.408096E+018
2.452263E+018
2.635285E+018
2.771793E+018
2.9077E+018
3.043921E+018
3.169126E+018
3.299668E+018
3.432522E+018
3.478534E+018
3.791051E+018
3.732586E+018
4.106194E+018
3.899016E+018
4.118099E+018
4.094809E+018
4.126543E+018
4.238852E+018
4.275833E+018
4.398102E+018
4.389341E+018
4.571757E+018
4.528459E+018
4.477804E+018
4.464932E+018
4.637573E+018
4.697578E+018
4.480549E+018
4.520477E+018
4.809925E+018
4.635647E+018
4.636184E+018
4.522669E+018
4.599105E+018
4.412114E+018
4.399869E+018
4.336524E+018
4.299864E+018
4.303289E+018
4.308238E+018
4.22043E+018
4.106776E+018
3.906368E+018
3.911055E+018
3.586063E+018
3.507992E+018
3.497664E+018
3.448629E+018
3.154987E+018
3.093378E+018
3.08468E+018
2.810167E+018
2.665597E+018
2.625183E+018
2.381415E+018
2.256862E+018
2.101657E+018
2.032338E+018
1.852759E+018
1.718404E+018
1.581913E+018
1.42984E+018
1.286208E+018
9.740896E+017
8.174897E+017
6.761701E+017
4.397859E+017
2.853006E+017
2.808356E+017
4.657349E+017
6.326577E+017
8.265239E+017
1.03533E+018
1.193271E+018
1.369677E+018
1.661625E+018
1.63412E+018
1.948537E+018
2.073944E+018
2.268829E+018
2.368986E+018
2.565577E+018
2.748832E+018
2.790119E+018
2.963986E+018
3.123365E+018
3.103825E+018
3.2967E+018
3.431372E+018
3.563483E+018
3.733464E+018
3.820642E+018
3.962606E+018
3.930841E+018
4.163337E+018
4.032462E+018
4.151967E+018
4.496185E+018
4.308675E+018
4.280162E+018
4.28151E+018
4.487067E+018
4.592404E+018
4.67672E+018
4.600796E+018
4.85482E+018
4.940081E+018
4.964448E+018
4.938425E+018
4.754286E+018
4.736286E+018
4.579442E+018
4.532052E+018
4.488634E+018
4.426303E+018
4.511534E+018
4.515771E+018
4.159978E+018
4.215877E+018
4.235399E+018
4.237256E+018
3.963776E+018
3.775876E+018
3.869165E+018
3.852017E+018
3.496165E+018
3.433078E+018
3.325985E+018
3.290155E+018
3.139788E+018
2.984309E+018
2.867069E+018
2.749355E+018
2.693823E+018
2.376805E+018
2.39948E+018
2.179284E+018
2.037765E+018
1.915668E+018
1.722048E+018
1.620258E+018
1.423164E+018
1.272143E+018
1.00659E+018
8.477923E+017
6.888695E+017
4.79045E+017
2.505108E+017
3.210617E+017
5.36822E+017
6.721852E+017
8.924491E+017
9.527047E+017
1.202141E+018
1.396134E+018
1.604126E+018
1.79463E+018
1.895059E+018
2.025767E+018
2.230198E+018
2.465419E+018
2.514933E+018
2.692648E+018
2.921917E+018
2.983858E+018
3.057776E+018
3.285524E+018
3.286216E+018
3.357972E+018
3.484737E+018
3.663123E+018
3.909963E+018
4.037472E+018
4.012546E+018
4.103454E+018
4.22084E+018
4.339556E+018
4.473366E+018
4.522565E+018
4.465273E+018
4.463419E+018
4.599375E+018
4.464274E+018
4.661168E+018
4.740973E+018
4.623403E+018
4.790133E+018
4.811476E+018
4.89367E+018
4.852813E+018
4.723032E+018
4.66877E+018
4.73121E+018
4.753385E+018
4.609409E+018
4.627403E+018
4.570727E+018
4.30384E+018
4.447456E+018
4.318132E+018
4.219134E+018
4.008963E+018
3.934662E+018
4.043036E+018
3.891172E+018
3.684027E+018
3.547682E+018
3.479828E+018
3.42464E+018
3.298159E+018
3.064786E+018
3.066392E+018
2.832972E+018
2.500983E+018
2.535741E+018
2.340895E+018
2.209567E+018
1.937543E+018
1.900183E+018
1.71155E+018
1.541888E+018
1.423369E+018
1.290111E+018
1.079801E+018
8.400064E+017
7.083732E+017
5.266414E+017
2.641623E+017
2.904264E+017
4.761105E+017
6.737048E+017
8.914676E+017
1.097257E+018
1.231415E+018
1.43974E+018
1.575559E+018
1.695878E+018
1.941797E+018
2.027638E+018
2.217271E+018
2.451084E+018
2.520026E+018
2.787361E+018
2.969465E+018
2.960878E+018
3.16687E+018
3.311828E+018
3.385295E+018
3.460253E+018
3.629018E+018
3.691915E+018
3.865728E+018
3.782211E+018
3.948697E+018
4.042719E+018
4.297141E+018
4.336807E+018
4.502122E+018
4.557438E+018
4.440547E+018
4.599277E+018
4.700247E+018
4.678266E+018
4.823308E+018
4.803703E+018
4.818395E+018
4.862667E+018
4.812267E+018
4.834656E+018
4.822555E+018
4.746344E+018
4.805279E+018
4.709589E+018
4.720544E+018
4.701246E+018
4.62222E+018
4.526817E+018
4.620598E+018
4.353688E+018
4.370262E+018
4.181441E+018
4.141368E+018
3.964133E+018
4.103815E+018
3.89183E+018
3.578545E+018
3.759369E+018
3.554075E+018
3.458508E+018
3.335343E+018
3.057866E+018
2.906526E+018
2.868224E+018
2.685308E+018
2.551128E+018
2.282737E+018
2.181707E+018
2.141659E+018
1.904396E+018
1.7655E+018
1.613717E+018
1.387301E+018
1.20043E+018
1.01758E+018
9.049118E+017
6.510966E+017
4.769454E+017
2.41904E+017
2.988002E+017
5.058935E+017
6.969578E+017
8.528368E+017
1.054242E+018
1.244406E+018
1.420093E+018
1.623026E+018
1.776709E+018
1.998437E+018
2.071599E+018
2.343278E+018
2.300327E+018
2.645043E+018
2.850464E+018
2.870377E+018
3.091981E+018
3.241199E+018
3.308016E+018
3.39383E+018
3.540279E+018
3.728838E+018
3.717773E+018
3.897961E+018
3.928421E+018
4.19952E+018
4.179453E+018
4.191191E+018
4.456796E+018
4.624277E+018
4.470668E+018
4.605071E+018
4.651305E+018
4.808104E+018
4.707392E+018
4.811535E+018
4.915435E+018
4.804908E+018
4.905304E+018
4.735872E+018
4.929202E+018
4.987073E+018
4.811985E+018
4.857418E+018
4.730123E+018
4.74432E+018
4.777089E+018
4.634689E+018
4.690728E+018
4.449391E+018
4.519088E+018
4.269541E+018
4.067427E+018
4.017566E+018
4.151358E+018
3.945174E+018
3.753351E+018
3.796017E+018
3.668714E+018
3.419303E+018
3.438851E+018
3.358184E+018
3.052256E+018
3.107727E+018
2.763624E+018
2.686711E+018
2.545314E+018
2.402635E+018
2.124639E+018
2.252065E+018
1.995181E+018
1.846294E+018
1.460314E+018
1.403549E+018
1.183784E+018
9.924002E+017
9.701355E+017
7.316034E+017
4.232439E+017
2.523947E+017
3.08978E+017
5.035934E+017
6.785149E+017
8.853732E+017
1.035704E+018
1.293267E+018
1.463662E+018
1.695578E+018
1.802056E+018
2.027597E+018
2.136413E+018
2.32389E+018
2.447858E+018
2.582083E+018
2.935356E+018
3.05945E+018
3.098476E+018
3.280496E+018
3.305591E+018
3.535328E+018
3.607198E+018
3.738637E+018
3.933243E+018
3.86692E+018
3.955705E+018
4.120094E+018
4.158583E+018
4.379307E+018
4.524654E+018
4.511646E+018
4.563123E+018
4.739066E+018
4.943059E+018
4.863901E+018
4.865905E+018
4.702736E+018
4.692784E+018
4.864918E+018
4.834014E+018
4.886516E+018
4.92722E+018
4.940282E+018
4.941754E+018
4.863019E+018
4.748817E+018
4.621639E+018
4.941338E+018
4.868119E+018
4.771274E+018
4.615871E+018
4.519059E+018
4.281046E+018
4.264937E+018
4.03351E+018
4.112388E+018
3.911576E+018
4.002958E+018
3.721313E+018
3.825964E+018
3.639008E+018
3.55388E+018
3.391006E+018
3.081556E+018
3.206091E+018
2.937764E+018
2.626469E+018
2.665233E+018
2.494948E+018
2.197743E+018
2.154398E+018
1.915456E+018
1.869843E+018
1.676179E+018
1.406532E+018
1.200508E+018
1.057935E+018
9.59601E+017
6.840058E+017
4.630344E+017
2.828497E+017
2.992539E+017
5.553377E+017
7.755414E+017
9.529499E+017
1.084366E+018
1.35774E+018
1.528688E+018
1.689003E+018
1.939124E+018
2.09674E+018
2.156329E+018
2.306463E+018
2.502698E+018
2.589213E+018
2.902144E+018
3.005228E+018
3.202396E+018
3.205134E+018
3.44783E+018
3.725915E+018
3.832846E+018
3.620811E+018
3.692002E+018
3.839947E+018
4.033882E+018
4.201587E+018
4.154494E+018
4.343805E+018
4.547506E+018
4.620092E+018
4.575634E+018
4.748351E+018
4.834516E+018
4.778874E+018
4.951336E+018
4.870766E+018
4.854287E+018
4.898881E+018
4.925621E+018
4.841055E+018
4.883074E+018
4.821703E+018
5.003123E+018
4.74938E+018
4.757261E+018
4.934082E+018
4.680861E+018
4.808262E+018
4.763198E+018
4.632107E+018
4.604123E+018
4.359303E+018
4.244487E+018
4.139316E+018
4.013863E+018
3.955333E+018
3.935491E+018
3.993157E+018
3.535049E+018
3.5381E+018
3.490799E+018
3.346563E+018
3.152981E+018
3.100682E+018
2.810984E+018
2.725957E+018
2.659246E+018
2.412989E+018
2.313786E+018
2.098872E+018
1.923686E+018
1.754463E+018
1.536463E+018
1.480358E+018
1.250479E+018
1.067969E+018
8.585631E+017
6.497054E+017
4.674207E+017
3.15811E+017
2.902733E+017
5.603524E+017
7.361886E+017
9.563531E+017
1.094711E+018
1.376125E+018
1.503417E+018
1.626972E+018
1.827436E+018
1.944202E+018
2.230181E+018
2.352005E+018
2.459368E+018
2.6695E+018
2.787204E+018
3.045957E+018
3.138875E+018
3.359831E+018
3.505296E+018
3.699276E+018
3.795877E+018
3.887025E+018
3.910529E+018
4.095125E+018
4.093756E+018
4.240797E+018
4.212258E+018
4.351206E+018
4.552501E+018
4.778792E+018
4.421147E+018
4.757907E+018
4.736338E+018
4.802376E+018
4.950252E+018
4.832339E+018
4.974815E+018
4.859974E+018
4.990662E+018
4.872785E+018
4.907727E+018
4.947703E+018
4.959139E+018
4.898754E+018
4.941948E+018
4.920635E+018
4.810786E+018
4.87208E+018
4.73599E+018
4.580248E+018
4.561506E+018
4.500229E+018
4.306222E+018
4.223772E+018
4.240134E+018
4.073497E+018
4.023876E+018
3.784854E+018
3.851157E+018
3.445022E+018
3.39826E+018
3.165609E+018
3.157387E+018
3.063513E+018
2.841052E+018
2.731561E+018
2.615728E+018
2.632609E+018
2.292511E+018
2.176614E+018
1.923838E+018
1.780487E+018
1.549348E+018
1.476401E+018
1.279724E+018
1.079636E+018
8.116838E+017
6.650291E+017
5.059683E+017
2.926356E+017
2.978724E+017
5.170417E+017
7.344189E+017
9.089799E+017
1.117151E+018
1.270315E+018
1.5088E+018
1.757421E+018
1.904502E+018
2.049262E+018
2.258262E+018
2.445836E+018
2.518263E+018
2.689924E+018
2.70784E+018
2.890074E+018
3.308683E+018
3.448945E+018
3.45998E+018
3.648833E+018
3.681767E+018
3.746724E+018
3.84599E+018
3.99665E+018
4.0825E+018
4.276196E+018
4.248296E+018
4.255051E+018
4.42648E+018
4.634021E+018
4.493689E+018
4.794883E+018
4.649562E+018
4.774025E+018
4.825111E+018
4.86647E+018
4.818891E+018
5.116839E+018
4.933209E+018
4.960918E+018
4.800505E+018
4.840831E+018
4.847435E+018
5.01035E+018
4.980261E+018
4.853278E+018
4.775462E+018
4.803836E+018
4.678326E+018
4.64478E+018
4.374313E+018
4.585086E+018
4.341202E+018
4.116288E+018
4.190128E+018
4.051902E+018
3.884159E+018
3.944896E+018
3.964925E+018
3.555218E+018
3.439379E+018
3.182396E+018
3.220126E+018
3.177504E+018
2.862598E+018
2.707427E+018
2.502368E+018
2.399249E+018
2.358383E+018
2.054633E+018
1.885682E+018
1.71653E+018
1.518753E+018
1.390488E+018
1.157679E+018
1.107785E+018
9.548477E+017
6.729062E+017
4.90753E+017
2.831454E+017
3.427435E+017
5.48186E+017
6.69961E+017
8.377959E+017
1.029716E+018
1.346327E+018
1.478647E+018
1.654292E+018
1.774988E+018
1.983757E+018
2.131457E+018
2.243909E+018
2.56459E+018
2.732135E+018
2.850841E+018
2.914033E+018
3.294047E+018
3.443798E+018
3.494793E+018
3.747854E+018
3.736464E+018
3.90212E+018
4.015908E+018
4.179425E+018
4.237249E+018
4.194251E+018
4.284334E+018
4.449728E+018
4.662173E+018
4.7023E+018
4.528011E+018
4.724981E+018
4.491653E+018
4.908848E+018
5.141939E+018
4.757962E+018
4.958523E+018
4.899357E+018
5.116856E+018
5.013273E+018
4.847035E+018
4.764358E+018
5.024377E+018
4.839083E+018
4.892015E+018
4.820401E+018
4.977393E+018
4.637384E+018
4.789737E+018
4.650788E+018
4.77397E+018
4.534603E+018
4.491323E+018
4.376822E+018
4.128199E+018
4.205887E+018
3.80747E+018
3.784861E+018
3.806787E+018
3.579502E+018
3.329005E+018
3.31125E+018
3.263722E+018
3.0322E+018
3.059568E+018
2.803645E+018
2.702027E+018
2.488288E+018
2.252041E+018
2.016607E+018
1.915437E+018
1.752072E+018
1.670513E+018
1.428075E+018
1.235108E+018
1.039814E+018
9.250858E+017
6.760912E+017
5.308095E+017
2.807146E+017
2.771583E+017
5.059801E+017
7.358469E+017
9.48594E+017
9.927962E+017
1.217617E+018
1.486995E+018
1.666472E+018
1.801754E+018
2.067774E+018
2.293629E+018
2.379643E+018
2.509233E+018
2.733116E+018
2.902177E+018
3.046553E+018
3.206024E+018
3.374685E+018
3.433843E+018
3.490024E+018
3.68065E+018
3.657575E+018
4.049906E+018
4.324747E+018
4.286904E+018
4.202637E+018
4.292908E+018
4.694406E+018
4.627898E+018
4.540162E+018
4.725052E+018
4.568269E+018
4.683287E+018
4.743018E+018
4.777003E+018
4.787078E+018
4.969871E+018
4.778085E+018
4.882952E+018
4.987657E+018
4.781148E+018
4.964538E+018
4.91386E+018
5.041719E+018
4.859597E+018
4.732727E+018
4.62363E+018
4.683395E+018
4.627957E+018
4.689467E+018
4.510889E+018
4.526102E+018
4.341922E+018
4.236813E+018
4.096026E+018
4.067538E+018
3.965263E+018
3.772165E+018
3.625751E+018
3.553023E+018
3.479879E+018
3.402845E+018
3.36931E+018
3.023763E+018
2.93658E+018
2.890744E+018
2.649225E+018
2.435215E+018
2.172392E+018
2.015298E+018
1.847372E+018
1.858762E+018
1.55584E+018
1.421479E+018
1.253066E+018
9.731715E+017
8.382184E+017
7.108003E+017
5.280095E+017
2.872103E+017
3.097551E+017
4.806916E+017
6.662599E+017
9.061415E+017
1.131523E+018
1.245104E+018
1.443336E+018
1.699675E+018
1.808114E+018
2.019478E+018
2.200685E+018
2.378056E+018
2.594945E+018
2.757183E+018
2.91861E+018
2.985681E+018
3.102579E+018
3.346906E+018
3.358882E+018
3.462726E+018
3.655912E+018
3.937397E+018
3.831414E+018
4.111701E+018
4.268283E+018
4.091886E+018
4.387853E+018
4.393308E+018
4.533046E+018
4.635786E+018
4.736893E+018
4.685204E+018
4.653424E+018
4.831757E+018
4.900352E+018
4.735855E+018
4.83147E+018
4.902661E+018
5.054178E+018
5.139887E+018
4.890724E+018
4.803501E+018
4.811189E+018
5.002772E+018
4.792354E+018
4.842082E+018
4.785125E+018
4.728852E+018
4.76143E+018
4.716494E+018
4.529748E+018
4.341216E+018
4.464191E+018
4.258648E+018
4.058533E+018
4.042643E+018
3.887992E+018
3.803113E+018
3.689444E+018
3.659401E+018
3.47628E+018
3.328808E+018
3.178692E+018
3.011334E+018
3.138984E+018
2.935311E+018
2.60049E+018
2.386896E+018
2.284352E+018
2.18734E+018
1.943307E+018
1.877181E+018
1.582128E+018
1.47059E+018
1.233931E+018
1.032196E+018
8.402253E+017
7.086388E+017
4.840246E+017
2.599666E+017
3.155176E+017
5.275927E+017
6.773021E+017
8.93145E+017
1.048795E+018
1.258707E+018
1.449263E+018
1.730726E+018
1.841321E+018
2.045931E+018
2.083057E+018
2.367385E+018
2.470922E+018
2.665184E+018
2.875652E+018
2.993846E+018
3.095664E+018
3.203593E+018
3.331765E+018
3.530848E+018
3.55935E+018
3.701143E+018
3.950343E+018
4.110961E+018
4.101661E+018
4.189911E+018
4.403099E+018
4.651045E+018
4.559721E+018
4.63688E+018
4.637643E+018
4.725848E+018
4.931747E+018
4.851283E+018
4.604395E+018
4.900235E+018
4.898877E+018
4.795939E+018
5.063292E+018
5.106673E+018
5.008763E+018
4.929368E+018
4.907781E+018
4.922693E+018
4.73824E+018
4.833644E+018
4.672047E+018
4.592896E+018
4.510861E+018
4.636502E+018
4.438793E+018
4.417268E+018
4.532307E+018
4.329026E+018
4.18904E+018
4.26419E+018
3.823541E+018
3.877596E+018
3.795572E+018
3.615302E+018
3.491863E+018
3.354509E+018
3.223858E+018
3.061358E+018
2.95933E+018
2.843111E+018
2.646049E+018
2.279215E+018
2.232347E+018
2.162878E+018
1.972123E+018
1.764772E+018
1.662738E+018
1.487977E+018
1.2457E+018
1.069348E+018
8.921694E+017
6.529323E+017
5.059033E+017
2.852743E+017
2.987119E+017
5.140018E+017
7.339727E+017
9.223252E+017
1.132165E+018
1.31395E+018
1.381866E+018
1.578516E+018
1.794283E+018
2.040432E+018
2.180246E+018
2.416446E+018
2.601376E+018
2.803988E+018
2.883579E+018
3.09917E+018
3.0709E+018
3.276137E+018
3.320023E+018
3.5176E+018
3.648685E+018
3.914706E+018
3.873418E+018
4.174847E+018
4.01717E+018
4.266139E+018
4.274731E+018
4.408521E+018
4.609649E+018
4.585988E+018
4.495198E+018
4.719601E+018
4.825958E+018
4.538547E+018
4.759807E+018
4.970665E+018
4.923177E+018
4.819202E+018
5.008313E+018
4.948953E+018
4.931007E+018
4.894795E+018
4.948602E+018
4.752603E+018
4.747707E+018
4.896586E+018
4.652559E+018
4.486346E+018
4.562276E+018
4.519345E+018
4.360537E+018
4.24959E+018
4.416139E+018
4.222963E+018
4.137152E+018
4.169424E+018
3.841387E+018
3.749356E+018
3.630993E+018
3.374319E+018
3.330847E+018
3.385353E+018
3.192201E+018
3.048E+018
2.973448E+018
2.812941E+018
2.553065E+018
2.510193E+018
2.433688E+018
2.103494E+018
1.940277E+018
1.851754E+018
1.628366E+018
1.450118E+018
1.248609E+018
1.037288E+018
8.650963E+017
6.496844E+017
4.913869E+017
2.858151E+017
3.238389E+017
4.948725E+017
7.085772E+017
8.868795E+017
1.029179E+018
1.263757E+018
1.414412E+018
1.599102E+018
1.84628E+018
1.919366E+018
2.220168E+018
2.337876E+018
2.525549E+018
2.677278E+018
2.755635E+018
3.064144E+018
3.142177E+018
3.213996E+018
3.482726E+018
3.520756E+018
3.585439E+018
3.778348E+018
3.956535E+018
4.069173E+018
4.086386E+018
4.165349E+018
4.335949E+018
4.38422E+018
4.662807E+018
4.609313E+018
4.641885E+018
4.727497E+018
4.750153E+018
4.659957E+018
4.87292E+018
4.844492E+018
4.889709E+018
4.893414E+018
4.906929E+018
4.892801E+018
4.871425E+018
4.733534E+018
4.656557E+018
4.678472E+018
4.754255E+018
4.694317E+018
4.636027E+018
4.545338E+018
4.499707E+018
4.61905E+018
4.470472E+018
4.378319E+018
4.36092E+018
4.216151E+018
4.251233E+018
4.18028E+018
3.926509E+018
3.644321E+018
3.560037E+018
3.514386E+018
3.303785E+018
3.247592E+018
3.08985E+018
2.883956E+018
2.800133E+018
2.586232E+018
2.499748E+018
2.374609E+018
2.273079E+018
2.143606E+018
1.972874E+018
1.868317E+018
1.637844E+018
1.464615E+018
1.314135E+018
1.037485E+018
8.776122E+017
7.319783E+017
4.854272E+017
3.115179E+017
2.906768E+017
5.335784E+017
6.841908E+017
9.316369E+017
1.10732E+018
1.30306E+018
1.387498E+018
1.647448E+018
1.76386E+018
1.919701E+018
2.080643E+018
2.285086E+018
2.505856E+018
2.609903E+018
2.807573E+018
3.061382E+018
3.037428E+018
3.218508E+018
3.468682E+018
3.506926E+018
3.629295E+018
3.583746E+018
3.836463E+018
3.938481E+018
4.185318E+018
4.041656E+018
4.27314E+018
4.361556E+018
4.492928E+018
4.57583E+018
4.629672E+018
4.659595E+018
4.67739E+018
4.772022E+018
4.780388E+018
4.918599E+018
4.865067E+018
4.884889E+018
4.803648E+018
4.975819E+018
4.901912E+018
4.871031E+018
4.751025E+018
4.801589E+018
4.740775E+018
4.754625E+018
4.659993E+018
4.504744E+018
4.60788E+018
4.361789E+018
4.338329E+018
4.337909E+018
4.275362E+018
4.278562E+018
4.20654E+018
3.97565E+018
3.763056E+018
3.563589E+018
3.569361E+018
3.315543E+018
3.298059E+018
3.223245E+018
3.192096E+018
3.066149E+018
2.85001E+018
2.691574E+018
2.481822E+018
2.267139E+018
2.241733E+018
2.035634E+018
1.974677E+018
1.828306E+018
1.623883E+018
1.454164E+018
1.230035E+018
1.052087E+018
8.161392E+017
6.089219E+017
4.383632E+017
2.544525E+017
3.307579E+017
4.952765E+017
7.238649E+017
9.527443E+017
1.056306E+018
1.265214E+018
1.397829E+018
1.663782E+018
1.58347E+018
1.917311E+018
2.077925E+018
2.223453E+018
2.508979E+018
2.607082E+018
2.884581E+018
2.899191E+018
2.96832E+018
3.061844E+018
3.451584E+018
3.365282E+018
3.540912E+018
3.780334E+018
3.921751E+018
3.971124E+018
4.13803E+018
4.213653E+018
4.418096E+018
4.289136E+018
4.360906E+018
4.567953E+018
4.405074E+018
4.59153E+018
4.68113E+018
4.721998E+018
4.774202E+018
4.742595E+018
4.769639E+018
4.945365E+018
5.01202E+018
4.927201E+018
4.814857E+018
4.702379E+018
4.70495E+018
4.719824E+018
4.837136E+018
4.759617E+018
4.559927E+018
4.525456E+018
4.358486E+018
4.275163E+018
4.431384E+018
4.365091E+018
4.200579E+018
4.085263E+018
4.044764E+018
3.883176E+018
3.802981E+018
3.659695E+018
3.69794E+018
3.506179E+018
3.223439E+018
3.314001E+018
3.153992E+018
3.053819E+018
2.889772E+018
2.70514E+018
2.562499E+018
2.230766E+018
2.16118E+018
1.998074E+018
1.914391E+018
1.711591E+018
1.692788E+018
1.403653E+018
1.242457E+018
9.577297E+017
8.713945E+017
6.616759E+017
4.954083E+017
2.818431E+017
3.271756E+017
5.357461E+017
7.20423E+017
8.959207E+017
9.992626E+017
1.215776E+018
1.377683E+018
1.537142E+018
1.702735E+018
1.861397E+018
2.121878E+018
2.226955E+018
2.429328E+018
2.579787E+018
2.827313E+018
2.920995E+018
2.99613E+018
3.216573E+018
3.174533E+018
3.380096E+018
3.527851E+018
3.645108E+018
3.786417E+018
3.774905E+018
4.05322E+018
4.14012E+018
4.21473E+018
4.377737E+018
4.40267E+018
4.423986E+018
4.464909E+018
4.565477E+018
4.620916E+018
4.447049E+018
4.631687E+018
4.76979E+018
4.789401E+018
4.79587E+018
4.884275E+018
4.796138E+018
4.750443E+018
4.761097E+018
4.770351E+018
4.889971E+018
4.52004E+018
4.80591E+018
4.557408E+018
4.472564E+018
4.317321E+018
4.229436E+018
4.280854E+018
4.394627E+018
4.171645E+018
4.166632E+018
4.013924E+018
3.844903E+018
3.937001E+018
3.668972E+018
3.561542E+018
3.453448E+018
3.343682E+018
3.25768E+018
3.072988E+018
2.811984E+018
2.760577E+018
2.609247E+018
2.502729E+018
2.288926E+018
2.147076E+018
2.014548E+018
1.879144E+018
1.762669E+018
1.567463E+018
1.437135E+018
1.244592E+018
1.015731E+018
8.570117E+017
6.315487E+017
4.613036E+017
2.549685E+017
3.035576E+017
5.0654E+017
6.639071E+017
8.455094E+017
1.018502E+018
1.168203E+018
1.340292E+018
1.675643E+018
1.696682E+018
1.94832E+018
2.080552E+018
2.203491E+018
2.30402E+018
2.638816E+018
2.780109E+018
2.927203E+018
3.014303E+018
3.057673E+018
3.3052E+018
3.546995E+018
3.411263E+018
3.644999E+018
3.756592E+018
3.768589E+018
4.053321E+018
4.040593E+018
4.111186E+018
4.120445E+018
4.341675E+018
4.360018E+018
4.240517E+018
4.373088E+018
4.529788E+018
4.616438E+018
4.637016E+018
4.718466E+018
4.703888E+018
4.566131E+018
4.737954E+018
4.716738E+018
4.701619E+018
4.72389E+018
4.622073E+018
4.522239E+018
4.557483E+018
4.400801E+018
4.369259E+018
4.549891E+018
4.574033E+018
4.435911E+018
4.343622E+018
4.30167E+018
4.152895E+018
4.124297E+018
3.887101E+018
3.831393E+018
3.894949E+018
3.598412E+018
3.582245E+018
3.256837E+018
3.21442E+018
3.213223E+018
3.023458E+018
2.79806E+018
2.714326E+018
2.600624E+018
2.411596E+018
2.291968E+018
2.02507E+018
1.899345E+018
1.807683E+018
1.683292E+018
1.565189E+018
1.319096E+018
1.131695E+018
9.870363E+017
8.510329E+017
6.944748E+017
4.618E+017
2.662714E+017
2.780719E+017
4.499731E+017
6.281511E+017
8.000287E+017
1.003051E+018
1.10935E+018
1.379249E+018
1.63148E+018
1.656258E+018
1.908763E+018
2.052688E+018
2.346408E+018
2.320365E+018
2.640583E+018
2.737942E+018
2.830245E+018
2.823186E+018
3.100727E+018
3.177984E+018
3.430243E+018
3.549402E+018
3.407491E+018
3.590293E+018
3.654487E+018
3.828773E+018
4.009873E+018
4.07862E+018
3.962685E+018
4.412516E+018
4.306913E+018
4.333028E+018
4.344657E+018
4.457551E+018
4.425158E+018
4.506139E+018
4.681545E+018
4.675031E+018
4.499447E+018
4.737056E+018
4.725947E+018
4.647886E+018
4.450789E+018
4.736665E+018
4.750476E+018
4.547836E+018
4.331799E+018
4.446305E+018
4.423051E+018
4.462381E+018
4.2546E+018
4.405024E+018
4.154342E+018
4.17542E+018
3.990305E+018
3.922256E+018
3.901442E+018
3.789724E+018
3.591572E+018
3.659759E+018
3.295041E+018
3.137523E+018
3.145816E+018
2.865061E+018
2.821129E+018
2.515326E+018
2.498823E+018
2.447009E+018
2.268985E+018
2.106547E+018
1.879282E+018
1.803121E+018
1.705785E+018
1.535086E+018
1.393542E+018
1.232415E+018
9.611513E+017
8.724077E+017
6.479591E+017
5.133089E+017
2.56087E+017
3.135957E+017
4.642237E+017
6.379757E+017
8.43431E+017
1.053335E+018
1.247188E+018
1.363432E+018
1.547085E+018
1.735835E+018
1.934289E+018
1.962321E+018
2.234894E+018
2.479264E+018
2.514552E+018
2.668792E+018
2.779444E+018
2.898037E+018
2.992772E+018
3.155196E+018
3.249554E+018
3.347298E+018
3.369035E+018
3.473166E+018
3.618895E+018
3.781188E+018
4.001009E+018
4.189442E+018
4.113988E+018
3.957093E+018
4.194165E+018
4.396294E+018
4.324251E+018
4.379848E+018
4.36452E+018
4.347354E+018
4.596199E+018
4.667196E+018
4.579107E+018
4.637764E+018
4.574336E+018
4.618594E+018
4.545116E+018
4.360991E+018
4.515047E+018
4.463769E+018
4.499391E+018
4.422181E+018
4.49838E+018
4.295096E+018
4.425376E+018
4.195205E+018
4.20753E+018
4.122894E+018
4.02427E+018
3.831244E+018
3.800205E+018
3.76646E+018
3.629968E+018
3.317361E+018
3.177041E+018
3.062296E+018
3.065684E+018
2.964706E+018
2.783929E+018
2.439888E+018
2.583368E+018
2.269015E+018
2.202408E+018
2.141552E+018
1.847406E+018
1.727405E+018
1.625724E+018
1.389433E+018
1.244091E+018
1.108914E+018
1.015921E+018
7.92663E+017
6.913867E+017
4.622127E+017
2.755585E+017
2.493088E+017
4.228833E+017
6.689248E+017
7.533878E+017
1.038491E+018
1.165803E+018
1.268165E+018
1.616255E+018
1.785521E+018
1.776235E+018
1.907833E+018
2.165271E+018
2.250072E+018
2.351934E+018
2.428038E+018
2.669667E+018
2.721445E+018
2.958463E+018
3.019831E+018
3.187578E+018
3.224449E+018
3.313053E+018
3.506205E+018
3.607849E+018
3.715388E+018
4.064817E+018
3.974052E+018
3.89062E+018
4.007035E+018
4.030698E+018
3.975729E+018
4.304629E+018
4.483056E+018
4.279145E+018
4.306907E+018
4.50964E+018
4.568256E+018
4.625397E+018
4.526626E+018
4.433054E+018
4.435115E+018
4.468584E+018
4.529342E+018
4.319832E+018
4.413589E+018
4.330965E+018
4.265222E+018
4.306339E+018
4.310681E+018
4.368407E+018
4.024872E+018
4.23765E+018
4.101274E+018
3.791971E+018
3.835445E+018
3.646629E+018
3.694517E+018
3.521408E+018
3.313821E+018
3.127394E+018
3.059455E+018
3.051577E+018
2.982022E+018
2.827025E+018
2.640165E+018
2.555624E+018
2.21517E+018
2.15773E+018
1.985363E+018
1.875427E+018
1.770803E+018
1.698194E+018
1.374594E+018
1.254308E+018
1.11882E+018
9.687841E+017
7.968874E+017
6.254135E+017
4.363621E+017
2.553914E+017
3.004252E+017
4.584475E+017
6.383071E+017
7.914099E+017
1.025973E+018
1.137123E+018
1.3306E+018
1.433978E+018
1.688561E+018
1.822776E+018
1.941373E+018
2.130343E+018
2.193539E+018
2.286503E+018
2.467756E+018
2.638708E+018
2.649163E+018
2.868266E+018
2.966027E+018
3.119831E+018
3.133205E+018
3.242874E+018
3.386455E+018
3.655472E+018
3.715798E+018
3.902109E+018
3.964964E+018
4.039382E+018
4.020189E+018
4.07686E+018
4.124399E+018
4.320513E+018
4.31817E+018
4.357033E+018
4.326142E+018
4.251242E+018
4.296132E+018
4.57292E+018
4.499271E+018
4.350912E+018
4.480894E+018
4.453305E+018
4.36798E+018
4.391325E+018
4.392217E+018
4.268886E+018
4.257244E+018
4.218279E+018
4.132749E+018
4.159161E+018
4.063005E+018
4.015927E+018
3.880214E+018
3.894053E+018
3.630392E+018
3.558745E+018
3.501245E+018
3.397454E+018
3.137012E+018
3.174757E+018
3.068154E+018
3.031544E+018
2.827777E+018
2.786595E+018
2.561565E+018
2.44871E+018
2.279351E+018
2.144657E+018
1.979498E+018
1.883275E+018
1.723058E+018
1.586922E+018
1.562314E+018
1.258648E+018
1.159551E+018
1.033253E+018
8.244825E+017
5.550633E+017
4.09273E+017
2.6825E+017
2.865202E+017
4.561767E+017
6.703847E+017
7.344396E+017
9.678615E+017
1.093982E+018
1.371305E+018
1.4604E+018
1.701687E+018
1.836241E+018
1.87928E+018
1.957255E+018
2.201658E+018
2.311849E+018
2.401148E+018
2.542003E+018
2.694138E+018
2.906876E+018
2.945445E+018
3.032936E+018
3.223789E+018
3.069383E+018
3.209084E+018
3.601479E+018
3.567749E+018
3.816093E+018
3.913603E+018
3.814185E+018
4.021092E+018
3.830686E+018
3.961804E+018
4.254982E+018
4.143841E+018
4.153914E+018
4.150161E+018
4.092422E+018
4.267577E+018
4.10248E+018
4.172861E+018
4.286309E+018
4.290932E+018
4.366235E+018
4.186988E+018
4.318947E+018
4.393306E+018
4.364873E+018
4.145858E+018
4.128035E+018
4.131226E+018
4.066718E+018
3.889847E+018
3.964419E+018
3.784972E+018
3.776512E+018
3.619538E+018
3.511783E+018
3.379224E+018
3.353836E+018
3.22602E+018
3.037883E+018
3.099605E+018
3.011669E+018
2.861826E+018
2.805452E+018
2.432146E+018
2.342731E+018
2.25972E+018
2.12132E+018
1.914949E+018
1.904198E+018
1.69012E+018
1.617786E+018
1.517797E+018
1.293626E+018
1.050696E+018
9.7194E+017
7.879217E+017
6.589576E+017
4.370687E+017
2.391691E+017
2.773874E+017
4.612524E+017
5.89537E+017
6.87376E+017
9.115835E+017
1.085453E+018
1.214826E+018
1.471419E+018
1.493556E+018
1.675694E+018
1.763879E+018
1.999073E+018
2.153904E+018
2.227106E+018
2.377003E+018
2.633997E+018
2.713889E+018
2.801375E+018
3.001676E+018
2.995399E+018
3.102898E+018
3.22182E+018
3.39917E+018
3.39995E+018
3.558307E+018
3.570263E+018
3.585418E+018
3.803226E+018
3.845134E+018
3.898807E+018
3.876044E+018
4.201626E+018
3.985718E+018
4.013028E+018
4.026734E+018
3.985124E+018
4.064792E+018
4.060164E+018
4.10433E+018
4.220377E+018
4.294565E+018
4.301879E+018
4.310867E+018
4.173785E+018
4.226357E+018
4.124143E+018
4.106131E+018
4.05936E+018
3.911758E+018
3.883027E+018
3.952457E+018
3.797048E+018
3.74187E+018
3.638581E+018
3.480727E+018
3.399424E+018
3.426235E+018
3.242763E+018
3.09352E+018
3.17033E+018
2.994246E+018
2.931351E+018
2.809205E+018
2.557618E+018
2.379963E+018
2.340238E+018
2.235983E+018
2.016833E+018
1.851339E+018
1.716362E+018
1.652753E+018
1.483916E+018
1.377816E+018
1.231E+018
1.092326E+018
8.828346E+017
8.074546E+017
5.909982E+017
3.78356E+017
2.452531E+017
2.367102E+017
4.16321E+017
6.367955E+017
7.87453E+017
8.827146E+017
1.021583E+018
1.169134E+018
1.427151E+018
1.560019E+018
1.732131E+018
1.770326E+018
1.985601E+018
2.066715E+018
2.331978E+018
2.224365E+018
2.480744E+018
2.67964E+018
2.735142E+018
2.91159E+018
3.077879E+018
3.114144E+018
3.235742E+018
3.248628E+018
3.316117E+018
3.476449E+018
3.508591E+018
3.653564E+018
3.529299E+018
3.690892E+018
3.751505E+018
3.79504E+018
3.880769E+018
3.862547E+018
3.938223E+018
4.068564E+018
3.999343E+018
3.960781E+018
4.023306E+018
4.121683E+018
4.133659E+018
4.214962E+018
4.079476E+018
3.999955E+018
3.886111E+018
3.976233E+018
3.993038E+018
4.1241E+018
3.950224E+018
3.772714E+018
3.773635E+018
3.630082E+018
3.697654E+018
3.607682E+018
3.507611E+018
3.403554E+018
3.356793E+018
3.303552E+018
3.111725E+018
3.108784E+018
2.973154E+018
3.085014E+018
2.746049E+018
2.695074E+018
2.581005E+018
2.491658E+018
2.240238E+018
2.209061E+018
2.028703E+018
1.797179E+018
1.714609E+018
1.619872E+018
1.54641E+018
1.353864E+018
1.226689E+018
1.020775E+018
8.670792E+017
7.457689E+017
5.586835E+017
4.286305E+017
2.339661E+017
2.300548E+017
4.371792E+017
5.620868E+017
7.50207E+017
8.56219E+017
9.999339E+017
1.157717E+018
1.300542E+018
1.436904E+018
1.531204E+018
1.682668E+018
1.926294E+018
2.197993E+018
2.195992E+018
2.364426E+018
2.303007E+018
2.463209E+018
2.681053E+018
2.663062E+018
2.715289E+018
2.86227E+018
2.964889E+018
3.112414E+018
3.357616E+018
3.37663E+018
3.345335E+018
3.435497E+018
3.53534E+018
3.628271E+018
3.656666E+018
3.961082E+018
3.729733E+018
3.85959E+018
3.871854E+018
3.679814E+018
4.049321E+018
3.98892E+018
3.914471E+018
3.847737E+018
3.854903E+018
4.018203E+018
3.896287E+018
3.962783E+018
3.954929E+018
4.011924E+018
4.041314E+018
3.889351E+018
3.958449E+018
3.741032E+018
3.699074E+018
3.605952E+018
3.596298E+018
3.54246E+018
3.426037E+018
3.271287E+018
3.183744E+018
3.232096E+018
3.259893E+018
3.079719E+018
2.757769E+018
2.827473E+018
2.618681E+018
2.434347E+018
2.430617E+018
2.497906E+018
2.229887E+018
2.063837E+018
2.030126E+018
1.8566E+018
1.692945E+018
1.532265E+018
1.433946E+018
1.390938E+018
1.144379E+018
9.897237E+017
8.1499E+017
6.833416E+017
5.816733E+017
3.942133E+017
2.555985E+017
2.800848E+017
4.099373E+017
5.257937E+017
7.267718E+017
8.865731E+017
1.013638E+018
1.191277E+018
1.310301E+018
1.390468E+018
1.558274E+018
1.744985E+018
1.793818E+018
1.992268E+018
2.09519E+018
2.248259E+018
2.356176E+018
2.517491E+018
2.600982E+018
2.59107E+018
2.630973E+018
2.837637E+018
2.880093E+018
3.310024E+018
3.160405E+018
3.323173E+018
3.35208E+018
3.533026E+018
3.430762E+018
3.554026E+018
3.532979E+018
3.569273E+018
3.608152E+018
3.696544E+018
3.609455E+018
3.599004E+018
3.691775E+018
3.788261E+018
3.809677E+018
3.828083E+018
3.786765E+018
3.845505E+018
3.768345E+018
3.879624E+018
3.913743E+018
3.851193E+018
3.892899E+018
3.751328E+018
3.663505E+018
3.554576E+018
3.518127E+018
3.395671E+018
3.491502E+018
3.433914E+018
3.261037E+018
3.438024E+018
3.233251E+018
3.17355E+018
3.085491E+018
2.937043E+018
2.781851E+018
2.737085E+018
2.685638E+018
2.519215E+018
2.459468E+018
2.218527E+018
2.199033E+018
2.11672E+018
1.949205E+018
1.774866E+018
1.657808E+018
1.504677E+018
1.402041E+018
1.272772E+018
1.081216E+018
9.026609E+017
7.734249E+017
6.904441E+017
5.567275E+017
3.924003E+017
2.329613E+017
2.615892E+017
3.841528E+017
5.677728E+017
7.110752E+017
8.763697E+017
9.613742E+017
1.045611E+018
1.155761E+018
1.426993E+018
1.499898E+018
1.634653E+018
1.800629E+018
1.874253E+018
2.071072E+018
2.188265E+018
2.240889E+018
2.401725E+018
2.574385E+018
2.564625E+018
2.601631E+018
2.835157E+018
2.903769E+018
3.00911E+018
3.061607E+018
3.162926E+018
3.23004E+018
3.262815E+018
3.392998E+018
3.277248E+018
3.592816E+018
3.450514E+018
3.455085E+018
3.604452E+018
3.556832E+018
3.524761E+018
3.618281E+018
3.723117E+018
3.636991E+018
3.762066E+018
3.661629E+018
3.777089E+018
3.674446E+018
3.799738E+018
3.840627E+018
3.659821E+018
3.835545E+018
3.673339E+018
3.587678E+018
3.640834E+018
3.484791E+018
3.399321E+018
3.386135E+018
3.339528E+018
3.222184E+018
3.181577E+018
3.067576E+018
3.055061E+018
3.005609E+018
2.838469E+018
2.764387E+018
2.678874E+018
2.562204E+018
2.421266E+018
2.278933E+018
2.210452E+018
2.044884E+018
2.042912E+018
1.849477E+018
1.80106E+018
1.562863E+018
1.56598E+018
1.454345E+018
1.346444E+018
1.080236E+018
9.307284E+017
7.565827E+017
6.171127E+017
4.825323E+017
3.399818E+017
2.69825E+017
2.175654E+017
4.078404E+017
6.011672E+017
6.804767E+017
7.985221E+017
9.579044E+017
1.008882E+018
1.115934E+018
1.384634E+018
1.447983E+018
1.667726E+018
1.707668E+018
1.828161E+018
2.098408E+018
2.103395E+018
2.150074E+018
2.436943E+018
2.465138E+018
2.569343E+018
2.609929E+018
2.748985E+018
2.755544E+018
2.920571E+018
3.033472E+018
3.068705E+018
3.157685E+018
3.30781E+018
3.443379E+018
3.450172E+018
3.408471E+018
3.350877E+018
3.380048E+018
3.247168E+018
3.397722E+018
3.383779E+018
3.503801E+018
3.530495E+018
3.604026E+018
3.602471E+018
3.482257E+018
3.591107E+018
3.624999E+018
3.665667E+018
3.612261E+018
3.599252E+018
3.645883E+018
3.528993E+018
3.653693E+018
3.543024E+018
3.453509E+018
3.371701E+018
3.403871E+018
3.222638E+018
3.098837E+018
3.064165E+018
2.942332E+018
3.007748E+018
2.930846E+018
2.737913E+018
2.632315E+018
2.52811E+018
2.460209E+018
2.232775E+018
2.204203E+018
2.162379E+018
2.019597E+018
1.847724E+018
1.840225E+018
1.677039E+018
1.534283E+018
1.556434E+018
1.415146E+018
1.251241E+018
1.088247E+018
8.560561E+017
6.966886E+017
6.061066E+017
5.558908E+017
3.483613E+017
2.238265E+017
2.310783E+017
3.317628E+017
5.592781E+017
6.913305E+017
8.223381E+017
9.598068E+017
9.577987E+017
1.152409E+018
1.263552E+018
1.419387E+018
1.580852E+018
1.664022E+018
1.719493E+018
1.834421E+018
1.998212E+018
2.084515E+018
2.229372E+018
2.353023E+018
2.528649E+018
2.553969E+018
2.713545E+018
2.541737E+018
2.844274E+018
2.815449E+018
2.996836E+018
3.031096E+018
3.163976E+018
3.200235E+018
3.212951E+018
3.264547E+018
3.317054E+018
3.052903E+018
3.17857E+018
3.274871E+018
3.348663E+018
3.385981E+018
3.414036E+018
3.501872E+018
3.442474E+018
3.48828E+018
3.394883E+018
3.661426E+018
3.260696E+018
3.679873E+018
3.47307E+018
3.479781E+018
3.485763E+018
3.502622E+018
3.496039E+018
3.411163E+018
3.277246E+018
3.244319E+018
3.227018E+018
2.990154E+018
2.856719E+018
2.858111E+018
2.907443E+018
2.74157E+018
2.709995E+018
2.60095E+018
2.497338E+018
2.400385E+018
2.315694E+018
2.24216E+018
2.019131E+018
1.94587E+018
1.873975E+018
1.755195E+018
1.70936E+018
1.511013E+018
1.389722E+018
1.294232E+018
1.215096E+018
1.060444E+018
8.479554E+017
6.876033E+017
6.51162E+017
5.054044E+017
3.191176E+017
1.85962E+017
1.997389E+017
3.452495E+017
4.791244E+017
6.183519E+017
7.64281E+017
8.291794E+017
9.348945E+017
1.062576E+018
1.266047E+018
1.359988E+018
1.610616E+018
1.658905E+018
1.704847E+018
1.729317E+018
1.896594E+018
1.913746E+018
2.069218E+018
2.108647E+018
2.273719E+018
2.354923E+018
2.363491E+018
2.636505E+018
2.6322E+018
2.806833E+018
2.896303E+018
2.978237E+018
3.018477E+018
3.043712E+018
2.956098E+018
3.20034E+018
3.252684E+018
3.072999E+018
3.182704E+018
3.211473E+018
3.104429E+018
3.182883E+018
3.288993E+018
3.371243E+018
3.3832E+018
3.375654E+018
3.606737E+018
3.482755E+018
3.429561E+018
3.421872E+018
3.271611E+018
3.311454E+018
3.301096E+018
3.186248E+018
3.447747E+018
3.301243E+018
3.120235E+018
3.002587E+018
3.012579E+018
2.884355E+018
2.888524E+018
2.950999E+018
2.777587E+018
2.667742E+018
2.420405E+018
2.373097E+018
2.439033E+018
2.401882E+018
2.255405E+018
2.156018E+018
2.043804E+018
1.941986E+018
1.839665E+018
1.661696E+018
1.616526E+018
1.395547E+018
1.278872E+018
1.202012E+018
1.092576E+018
9.39087E+017
8.35499E+017
7.188457E+017
6.115886E+017
4.622993E+017
3.534486E+017
1.697179E+017
1.899947E+017
3.148914E+017
4.59275E+017
5.696459E+017
6.939986E+017
8.570701E+017
9.272296E+017
1.153475E+018
1.234786E+018
1.269543E+018
1.503121E+018
1.620842E+018
1.589103E+018
1.647563E+018
1.870277E+018
1.915957E+018
2.061425E+018
2.195083E+018
2.121158E+018
2.247873E+018
2.36692E+018
2.441251E+018
2.477453E+018
2.58137E+018
2.776553E+018
2.712779E+018
2.898035E+018
2.972998E+018
2.977916E+018
2.96406E+018
3.042161E+018
2.938432E+018
3.088053E+018
3.130455E+018
3.085085E+018
3.153457E+018
3.25897E+018
3.267176E+018
3.213405E+018
3.264797E+018
3.301061E+018
3.250091E+018
3.151927E+018
3.211779E+018
3.23466E+018
3.219998E+018
3.184685E+018
3.13655E+018
3.110767E+018
2.931056E+018
2.881209E+018
2.946356E+018
2.973547E+018
2.756316E+018
2.758451E+018
2.757917E+018
2.538168E+018
2.46724E+018
2.507291E+018
2.295371E+018
2.41042E+018
2.287396E+018
2.218186E+018
2.114212E+018
1.970013E+018
1.888758E+018
1.709473E+018
1.753316E+018
1.513335E+018
1.419234E+018
1.325558E+018
1.176243E+018
1.065799E+018
9.236906E+017
8.48238E+017
7.573983E+017
5.6943E+017
3.959044E+017
3.075611E+017
1.990383E+017
2.012816E+017
3.127548E+017
4.000956E+017
5.911969E+017
6.471538E+017
7.621936E+017
9.062245E+017
1.042488E+018
1.193712E+018
1.327253E+018
1.348852E+018
1.432518E+018
1.567532E+018
1.67206E+018
1.800532E+018
1.856105E+018
1.944217E+018
2.083779E+018
2.247055E+018
2.215039E+018
2.430909E+018
2.413352E+018
2.368631E+018
2.423573E+018
2.537054E+018
2.521796E+018
2.675606E+018
2.726048E+018
2.815143E+018
2.801603E+018
2.691285E+018
2.952853E+018
2.91517E+018
2.880663E+018
2.979301E+018
2.984058E+018
3.054501E+018
3.055843E+018
3.127664E+018
3.227154E+018
3.113423E+018
3.151994E+018
2.987856E+018
2.979595E+018
3.085959E+018
2.911506E+018
2.958019E+018
2.863289E+018
2.869958E+018
2.94116E+018
2.875887E+018
2.855321E+018
2.682666E+018
2.658159E+018
2.655765E+018
2.468834E+018
2.575224E+018
2.324561E+018
2.396045E+018
2.309108E+018
2.137867E+018
2.21224E+018
2.008783E+018
1.938539E+018
1.785888E+018
1.846139E+018
1.665344E+018
1.458147E+018
1.405574E+018
1.264486E+018
1.30774E+018
1.141537E+018
1.024742E+018
9.243549E+017
8.20078E+017
7.947868E+017
5.137906E+017
4.149929E+017
3.217247E+017
1.84472E+017
1.917253E+017
2.817657E+017
4.184759E+017
5.428228E+017
6.946116E+017
8.276947E+017
8.832956E+017
9.824805E+017
1.105726E+018
1.235604E+018
1.266293E+018
1.344185E+018
1.455391E+018
1.650893E+018
1.734404E+018
1.753476E+018
1.902447E+018
2.019077E+018
2.133563E+018
2.114822E+018
2.225336E+018
2.240383E+018
2.303236E+018
2.403512E+018
2.410251E+018
2.472742E+018
2.567551E+018
2.641265E+018
2.613995E+018
2.585744E+018
2.678523E+018
2.746072E+018
2.774032E+018
2.8478E+018
2.787082E+018
2.973929E+018
2.942668E+018
2.881348E+018
2.94543E+018
2.851587E+018
2.902374E+018
2.915829E+018
2.967935E+018
2.796891E+018
2.931864E+018
2.801535E+018
2.854758E+018
2.912057E+018
2.793578E+018
2.750987E+018
2.812041E+018
2.662275E+018
2.626192E+018
2.685876E+018
2.579529E+018
2.431835E+018
2.460235E+018
2.336893E+018
2.324985E+018
2.154711E+018
2.110348E+018
2.091435E+018
2.033458E+018
1.89323E+018
1.734907E+018
1.770826E+018
1.650489E+018
1.513644E+018
1.457478E+018
1.376962E+018
1.217446E+018
1.10578E+018
9.61223E+017
9.781954E+017
8.244283E+017
6.642311E+017
4.692539E+017
3.876426E+017
2.924851E+017
1.731511E+017
1.679935E+017
3.263532E+017
4.459247E+017
5.285211E+017
6.646733E+017
8.143269E+017
9.338465E+017
9.479064E+017
1.081466E+018
1.134784E+018
1.331997E+018
1.348674E+018
1.504398E+018
1.617921E+018
1.58265E+018
1.632382E+018
1.891744E+018
1.973319E+018
1.97974E+018
1.977542E+018
2.056095E+018
2.090192E+018
2.324259E+018
2.329794E+018
2.319307E+018
2.311722E+018
2.427009E+018
2.446826E+018
2.424392E+018
2.488795E+018
2.55183E+018
2.55667E+018
2.664162E+018
2.742488E+018
2.795833E+018
2.644207E+018
2.724957E+018
2.763765E+018
2.902404E+018
2.804368E+018
2.770418E+018
2.653422E+018
2.75505E+018
2.686071E+018
2.723454E+018
2.645819E+018
2.827096E+018
2.730632E+018
2.616145E+018
2.498441E+018
2.600812E+018
2.495178E+018
2.450128E+018
2.539093E+018
2.391438E+018
2.294116E+018
2.316124E+018
2.211812E+018
2.293266E+018
2.092447E+018
2.046168E+018
1.922886E+018
1.83915E+018
1.780982E+018
1.581835E+018
1.623518E+018
1.568235E+018
1.533903E+018
1.346068E+018
1.284169E+018
1.141127E+018
1.009797E+018
9.026018E+017
8.90851E+017
7.433351E+017
6.846535E+017
4.778816E+017
3.457168E+017
2.823916E+017
1.765072E+017
1.455489E+017
2.979331E+017
3.913798E+017
4.82765E+017
5.721837E+017
7.144867E+017
8.782692E+017
1.012338E+018
9.780411E+017
1.067363E+018
1.19791E+018
1.316348E+018
1.384325E+018
1.454614E+018
1.53674E+018
1.668539E+018
1.781019E+018
1.768538E+018
1.767082E+018
1.907167E+018
1.936823E+018
2.075153E+018
2.221853E+018
2.2017E+018
2.19626E+018
2.313348E+018
2.393277E+018
2.310358E+018
2.425422E+018
2.246392E+018
2.404693E+018
2.403635E+018
2.551109E+018
2.533104E+018
2.652714E+018
2.594706E+018
2.545094E+018
2.530681E+018
2.548934E+018
2.636442E+018
2.601432E+018
2.593375E+018
2.599485E+018
2.554877E+018
2.53215E+018
2.499264E+018
2.692618E+018
2.726192E+018
2.473733E+018
2.467594E+018
2.388816E+018
2.413138E+018
2.331093E+018
2.372125E+018
2.319811E+018
2.143182E+018
2.160401E+018
2.141268E+018
2.013562E+018
2.037005E+018
2.011741E+018
1.765787E+018
1.789306E+018
1.713231E+018
1.503196E+018
1.572179E+018
1.533685E+018
1.453726E+018
1.319762E+018
1.151867E+018
1.16031E+018
1.016867E+018
8.728223E+017
7.891595E+017
6.793245E+017
6.089078E+017
4.837603E+017
3.693803E+017
3.063803E+017
1.692122E+017
1.463859E+017
2.600299E+017
3.567693E+017
4.696098E+017
6.438963E+017
6.766917E+017
7.729685E+017
7.937108E+017
9.340949E+017
9.67853E+017
1.093528E+018
1.229595E+018
1.262169E+018
1.340501E+018
1.437725E+018
1.500787E+018
1.613571E+018
1.584334E+018
1.676635E+018
1.841937E+018
1.829016E+018
1.879687E+018
1.964653E+018
2.175482E+018
2.123074E+018
2.143982E+018
2.182135E+018
2.127451E+018
2.17502E+018
2.251297E+018
2.311985E+018
2.322799E+018
2.373757E+018
2.418772E+018
2.291016E+018
2.41082E+018
2.526926E+018
2.418002E+018
2.440555E+018
2.470494E+018
2.468906E+018
2.443198E+018
2.433626E+018
2.432268E+018
2.392628E+018
2.505106E+018
2.438965E+018
2.531189E+018
2.272817E+018
2.304187E+018
2.276541E+018
2.363182E+018
2.180454E+018
2.120765E+018
2.148342E+018
2.134863E+018
2.13304E+018
2.087972E+018
1.938313E+018
1.809547E+018
1.80138E+018
1.685015E+018
1.626022E+018
1.556619E+018
1.621651E+018
1.471482E+018
1.419883E+018
1.27446E+018
1.186037E+018
1.07649E+018
1.024068E+018
8.875075E+017
7.396169E+017
7.359906E+017
7.044612E+017
5.708553E+017
3.897357E+017
3.438177E+017
2.284893E+017
1.597548E+017
1.352803E+017
2.248539E+017
3.451613E+017
4.505277E+017
4.727893E+017
6.312641E+017
7.55789E+017
8.11191E+017
9.014472E+017
9.323165E+017
1.055834E+018
1.053267E+018
1.125435E+018
1.211604E+018
1.412434E+018
1.415197E+018
1.439346E+018
1.505023E+018
1.604703E+018
1.687099E+018
1.686167E+018
1.735809E+018
1.848089E+018
1.911573E+018
1.805059E+018
1.852615E+018
1.940095E+018
1.926301E+018
2.10132E+018
2.121562E+018
2.00751E+018
2.098742E+018
2.136966E+018
2.161319E+018
2.267777E+018
2.214408E+018
2.254682E+018
2.263915E+018
2.329404E+018
2.287717E+018
2.304596E+018
2.378014E+018
2.195083E+018
2.28512E+018
2.235113E+018
2.196426E+018
2.214143E+018
2.056053E+018
2.130431E+018
2.102712E+018
2.151229E+018
2.141981E+018
2.10081E+018
1.979523E+018
2.034544E+018
1.948105E+018
1.964539E+018
1.901348E+018
1.90904E+018
1.751193E+018
1.71689E+018
1.540496E+018
1.535927E+018
1.402843E+018
1.491389E+018
1.352491E+018
1.200722E+018
1.193388E+018
1.154418E+018
1.044459E+018
9.315637E+017
8.710539E+017
6.956624E+017
6.518587E+017
5.786614E+017
4.858146E+017
4.529682E+017
3.02509E+017
2.318917E+017
1.471965E+017
1.393669E+017
2.377486E+017
2.994846E+017
3.53689E+017
4.627031E+017
5.665732E+017
6.423061E+017
7.550319E+017
8.299279E+017
1.016541E+018
9.478333E+017
9.721085E+017
1.143676E+018
1.225395E+018
1.267057E+018
1.33646E+018
1.359253E+018
1.457109E+018
1.453156E+018
1.407917E+018
1.440977E+018
1.701083E+018
1.860571E+018
1.809903E+018
1.737958E+018
1.840063E+018
1.850759E+018
1.797629E+018
1.879668E+018
1.96919E+018
1.906488E+018
2.011458E+018
1.983609E+018
2.029472E+018
1.983594E+018
1.995688E+018
2.013915E+018
2.016275E+018
2.129838E+018
2.147577E+018
2.182688E+018
2.149693E+018
2.069915E+018
2.128274E+018
2.174415E+018
2.052791E+018
2.044281E+018
1.946291E+018
2.0557E+018
2.10664E+018
1.980268E+018
1.900878E+018
1.97589E+018
1.949359E+018
1.930073E+018
1.865773E+018
1.756219E+018
1.777923E+018
1.673198E+018
1.593335E+018
1.547254E+018
1.486685E+018
1.378018E+018
1.39988E+018
1.421505E+018
1.297592E+018
1.180031E+018
1.097186E+018
1.014571E+018
9.893523E+017
9.270663E+017
8.119157E+017
6.901291E+017
6.520852E+017
5.516512E+017
4.378719E+017
4.105788E+017
3.044961E+017
2.316399E+017
1.391137E+017
1.191795E+017
2.012688E+017
2.65755E+017
3.466682E+017
4.531274E+017
5.18881E+017
6.191028E+017
6.808593E+017
7.225879E+017
8.670811E+017
8.876658E+017
9.17219E+017
1.011885E+018
1.006603E+018
1.13089E+018
1.214443E+018
1.314912E+018
1.321089E+018
1.330533E+018
1.365252E+018
1.421067E+018
1.488884E+018
1.5594E+018
1.624706E+018
1.612092E+018
1.639562E+018
1.716555E+018
1.83438E+018
1.718042E+018
1.858553E+018
1.913918E+018
1.854455E+018
1.783909E+018
1.835354E+018
1.83618E+018
1.991592E+018
1.893071E+018
1.883299E+018
1.966773E+018
1.864955E+018
1.881149E+018
1.944247E+018
2.006167E+018
1.958796E+018
1.948283E+018
1.899261E+018
1.843376E+018
1.918103E+018
1.815067E+018
1.777976E+018
1.873865E+018
1.884293E+018
1.732628E+018
1.717065E+018
1.829983E+018
1.718953E+018
1.672465E+018
1.572292E+018
1.623421E+018
1.60039E+018
1.453205E+018
1.365893E+018
1.368291E+018
1.292007E+018
1.168724E+018
1.048448E+018
1.089962E+018
1.099221E+018
1.03057E+018
8.76175E+017
8.613855E+017
7.919908E+017
6.784293E+017
5.612524E+017
5.515649E+017
4.200575E+017
3.821057E+017
2.938041E+017
2.054508E+017
1.342818E+017
1.065764E+017
1.678241E+017
2.618929E+017
3.609458E+017
3.978429E+017
4.594458E+017
5.643341E+017
6.253663E+017
7.256973E+017
7.481748E+017
8.176363E+017
9.08099E+017
9.286843E+017
9.409013E+017
1.08526E+018
1.096885E+018
1.165887E+018
1.206881E+018
1.253254E+018
1.241655E+018
1.264001E+018
1.420833E+018
1.354898E+018
1.501596E+018
1.552465E+018
1.538985E+018
1.485074E+018
1.585655E+018
1.670424E+018
1.633855E+018
1.682644E+018
1.646536E+018
1.777793E+018
1.542767E+018
1.720846E+018
1.735749E+018
1.720315E+018
1.733729E+018
1.689601E+018
1.707939E+018
1.752469E+018
1.692074E+018
1.759998E+018
1.764906E+018
1.714862E+018
1.782242E+018
1.67169E+018
1.66008E+018
1.703943E+018
1.685863E+018
1.66044E+018
1.651452E+018
1.618994E+018
1.601108E+018
1.645221E+018
1.457303E+018
1.520316E+018
1.48202E+018
1.415976E+018
1.347721E+018
1.394251E+018
1.3112E+018
1.113128E+018
1.100286E+018
1.085386E+018
1.016617E+018
9.845508E+017
8.282051E+017
9.074499E+017
8.106102E+017
7.732117E+017
6.552689E+017
6.33867E+017
4.986867E+017
4.741241E+017
4.093751E+017
3.841554E+017
2.641731E+017
1.805405E+017
1.185706E+017
1.025148E+017
1.729671E+017
1.937823E+017
2.811604E+017
3.119816E+017
4.253402E+017
4.494708E+017
5.717038E+017
5.872397E+017
6.84873E+017
7.03001E+017
7.584461E+017
8.895836E+017
9.76E+017
9.300118E+017
9.744761E+017
1.014565E+018
1.101932E+018
1.092012E+018
1.150745E+018
1.189523E+018
1.255518E+018
1.284073E+018
1.416199E+018
1.457966E+018
1.307006E+018
1.323336E+018
1.465134E+018
1.390609E+018
1.503177E+018
1.419766E+018
1.52758E+018
1.516331E+018
1.527329E+018
1.519482E+018
1.556271E+018
1.573864E+018
1.569916E+018
1.600828E+018
1.555335E+018
1.603448E+018
1.600143E+018
1.584545E+018
1.626956E+018
1.538818E+018
1.642376E+018
1.483029E+018
1.471013E+018
1.491895E+018
1.451496E+018
1.502738E+018
1.528776E+018
1.527055E+018
1.390997E+018
1.335787E+018
1.409673E+018
1.452724E+018
1.404746E+018
1.331308E+018
1.262832E+018
1.246321E+018
1.100887E+018
1.126355E+018
1.055121E+018
1.022067E+018
9.592014E+017
8.531231E+017
8.167064E+017
7.32978E+017
6.848489E+017
6.924486E+017
5.879793E+017
5.498713E+017
4.608038E+017
3.550971E+017
3.126823E+017
2.797823E+017
2.685791E+017
1.673019E+017
1.223611E+017
8.494897E+016
1.469955E+017
2.055513E+017
2.364998E+017
3.173364E+017
4.135127E+017
4.066071E+017
4.733127E+017
4.905164E+017
6.061341E+017
6.144893E+017
6.761257E+017
7.141719E+017
8.914045E+017
9.183974E+017
8.018241E+017
8.469439E+017
1.030383E+018
1.035418E+018
1.083324E+018
1.018498E+018
1.060548E+018
1.090766E+018
1.17654E+018
1.133199E+018
1.174882E+018
1.181108E+018
1.212298E+018
1.294663E+018
1.248853E+018
1.280451E+018
1.342136E+018
1.424003E+018
1.415344E+018
1.424648E+018
1.311244E+018
1.390083E+018
1.421329E+018
1.456883E+018
1.457371E+018
1.431289E+018
1.525643E+018
1.512656E+018
1.417081E+018
1.453321E+018
1.356222E+018
1.345098E+018
1.433761E+018
1.366934E+018
1.325666E+018
1.371153E+018
1.312492E+018
1.277092E+018
1.299593E+018
1.137017E+018
1.220609E+018
1.298098E+018
1.205689E+018
1.142818E+018
1.11881E+018
9.889952E+017
9.852319E+017
9.512045E+017
8.442892E+017
8.388965E+017
8.705884E+017
7.968586E+017
7.77881E+017
6.925106E+017
5.921724E+017
6.261555E+017
5.802783E+017
5.097983E+017
4.144394E+017
3.734393E+017
2.992517E+017
2.606901E+017
1.970584E+017
1.394411E+017
7.672158E+016
8.51119E+016
1.271134E+017
1.641672E+017
1.875273E+017
2.538226E+017
3.064955E+017
3.581152E+017
4.263966E+017
4.657559E+017
4.638001E+017
5.486232E+017
5.981192E+017
5.924128E+017
6.679921E+017
7.199866E+017
7.498762E+017
7.68919E+017
8.304662E+017
8.447736E+017
8.868715E+017
8.781764E+017
9.86605E+017
1.019824E+018
1.008649E+018
1.027211E+018
9.901384E+017
1.070705E+018
1.136954E+018
1.04113E+018
1.123865E+018
1.124317E+018
1.118152E+018
1.246447E+018
1.190257E+018
1.201804E+018
1.214475E+018
1.253779E+018
1.208382E+018
1.297723E+018
1.270119E+018
1.34727E+018
1.319885E+018
1.199447E+018
1.154422E+018
1.254617E+018
1.222532E+018
1.120897E+018
1.226739E+018
1.32176E+018
1.249058E+018
1.223598E+018
1.155164E+018
1.14219E+018
1.126014E+018
1.09863E+018
1.148481E+018
1.100488E+018
1.106364E+018
9.715903E+017
9.594454E+017
1.013571E+018
8.07999E+017
8.428966E+017
7.880619E+017
7.250165E+017
7.556338E+017
6.867149E+017
6.59761E+017
5.714177E+017
5.664897E+017
5.320864E+017
5.028184E+017
4.201919E+017
3.231254E+017
3.281726E+017
2.900012E+017
2.23897E+017
1.792179E+017
1.029564E+017
7.747284E+016
6.001732E+016
9.324949E+016
1.490208E+017
1.385772E+017
1.94436E+017
2.613124E+017
2.660395E+017
3.595555E+017
3.814797E+017
4.228288E+017
4.494028E+017
5.482507E+017
5.053239E+017
5.71624E+017
5.745566E+017
5.642966E+017
6.836392E+017
7.250616E+017
7.875083E+017
7.638321E+017
8.035751E+017
8.528672E+017
7.569996E+017
8.792521E+017
8.215016E+017
8.654616E+017
9.402437E+017
9.058526E+017
9.524399E+017
1.034E+018
1.045966E+018
1.01901E+018
1.080743E+018
1.077431E+018
1.042573E+018
1.027038E+018
9.631561E+017
1.022934E+018
1.060447E+018
1.130729E+018
1.257262E+018
1.089201E+018
1.056594E+018
1.044044E+018
1.022005E+018
9.942367E+017
9.730026E+017
1.12392E+018
1.045707E+018
1.068292E+018
9.709389E+017
1.022082E+018
1.056992E+018
8.755931E+017
9.123681E+017
8.934579E+017
8.225778E+017
8.404381E+017
8.910533E+017
8.463517E+017
7.404581E+017
8.00208E+017
7.707312E+017
6.939517E+017
6.747163E+017
6.720862E+017
6.297007E+017
5.670485E+017
5.446513E+017
4.769384E+017
4.16673E+017
4.048607E+017
3.523195E+017
3.009143E+017
3.280746E+017
2.462725E+017
1.834291E+017
1.742651E+017
1.275447E+017
5.956548E+016
4.455706E+016
9.855788E+016
1.060525E+017
1.595766E+017
1.705397E+017
2.180334E+017
2.512996E+017
2.738468E+017
3.326952E+017
3.328798E+017
3.756194E+017
4.602575E+017
4.794932E+017
4.902556E+017
4.731101E+017
5.564166E+017
6.675988E+017
6.421796E+017
5.677859E+017
6.299525E+017
7.112759E+017
6.900648E+017
6.933079E+017
7.147588E+017
7.348932E+017
7.149904E+017
7.368477E+017
7.58208E+017
7.548046E+017
8.137015E+017
8.143838E+017
8.363589E+017
8.343819E+017
9.176172E+017
8.544597E+017
9.09935E+017
8.704612E+017
8.054666E+017
8.582615E+017
8.999452E+017
9.582133E+017
8.659598E+017
8.936817E+017
8.576457E+017
9.727429E+017
9.156042E+017
8.276714E+017
9.073215E+017
9.003863E+017
8.633681E+017
8.249493E+017
7.622423E+017
8.381522E+017
7.662078E+017
7.77549E+017
7.808593E+017
7.529638E+017
7.03418E+017
7.660957E+017
6.410584E+017
6.07277E+017
5.686424E+017
5.944651E+017
5.674806E+017
5.706769E+017
4.707489E+017
5.264269E+017
4.939858E+017
4.834214E+017
3.794332E+017
3.514454E+017
3.424743E+017
2.839998E+017
2.735171E+017
2.836563E+017
1.873996E+017
1.830716E+017
1.188988E+017
8.769194E+016
7.309687E+016
3.2674E+016
8.418461E+016
9.304929E+016
1.447012E+017
1.528053E+017
1.675475E+017
1.826061E+017
2.379615E+017
2.62448E+017
2.917178E+017
2.926011E+017
3.292032E+017
3.44433E+017
4.119447E+017
4.215483E+017
5.12863E+017
5.120667E+017
4.994355E+017
4.751944E+017
6.208658E+017
5.462792E+017
5.62373E+017
5.745726E+017
5.279632E+017
5.707525E+017
5.995706E+017
5.50748E+017
6.3173E+017
6.290927E+017
6.712132E+017
6.576277E+017
7.257452E+017
6.396656E+017
7.668197E+017
7.237562E+017
6.280135E+017
6.525734E+017
6.733269E+017
6.235048E+017
7.162624E+017
6.892765E+017
6.779839E+017
7.41633E+017
6.961967E+017
6.563172E+017
7.029642E+017
6.791411E+017
6.796514E+017
7.268975E+017
6.765454E+017
5.976029E+017
6.211245E+017
6.173334E+017
6.254873E+017
6.694994E+017
6.135827E+017
5.882482E+017
5.94325E+017
6.032828E+017
5.33914E+017
4.858441E+017
4.943463E+017
4.255756E+017
4.444687E+017
4.230997E+017
4.294998E+017
3.859821E+017
3.643152E+017
3.921707E+017
3.532436E+017
3.143762E+017
2.720991E+017
2.447171E+017
2.270629E+017
1.913422E+017
1.668222E+017
1.341417E+017
9.762505E+016
5.244671E+016
5.568652E+016
2.586442E+016
5.641242E+016
5.677532E+016
7.510874E+016
1.085775E+017
1.444866E+017
1.336659E+017
1.560567E+017
1.787764E+017
1.70751E+017
2.411166E+017
2.217863E+017
2.889317E+017
2.804571E+017
2.989904E+017
3.028951E+017
3.303835E+017
3.46943E+017
3.28163E+017
3.772171E+017
3.94605E+017
4.219702E+017
3.924207E+017
4.17403E+017
4.462322E+017
4.438977E+017
4.298329E+017
4.450003E+017
4.990526E+017
4.891386E+017
5.011723E+017
5.02423E+017
4.927695E+017
4.965124E+017
5.037506E+017
4.899382E+017
4.69471E+017
5.396885E+017
4.822402E+017
5.07421E+017
4.951749E+017
4.964007E+017
5.345706E+017
4.817449E+017
5.267975E+017
4.689774E+017
4.792058E+017
5.043847E+017
4.72451E+017
4.926782E+017
4.510775E+017
4.383721E+017
3.881821E+017
4.394873E+017
4.06254E+017
3.505604E+017
4.469961E+017
4.28837E+017
4.094649E+017
4.484874E+017
4.000745E+017
3.686628E+017
3.1778E+017
3.316081E+017
3.668948E+017
2.885189E+017
2.636288E+017
2.987415E+017
2.832471E+017
2.430268E+017
1.914369E+017
2.113167E+017
1.854385E+017
1.486442E+017
1.399401E+017
1.479743E+017
1.064232E+017
7.274157E+016
5.793533E+016
3.838648E+016
1.802033E+016
3.071538E+016
2.910453E+016
6.293454E+016
7.818109E+016
6.898905E+016
7.344822E+016
9.781134E+016
1.141519E+017
9.813349E+016
1.181395E+017
1.138434E+017
1.61928E+017
1.696146E+017
1.804498E+017
1.592788E+017
2.086363E+017
2.12253E+017
2.140606E+017
2.246252E+017
2.167555E+017
2.051558E+017
2.574387E+017
2.574058E+017
2.990263E+017
2.393609E+017
2.547658E+017
2.860762E+017
2.661138E+017
3.246528E+017
3.173904E+017
3.182571E+017
2.828188E+017
2.829204E+017
2.922178E+017
2.441318E+017
3.084247E+017
2.785641E+017
2.891305E+017
3.00143E+017
3.215777E+017
3.101379E+017
3.578973E+017
2.814754E+017
2.599447E+017
3.450241E+017
3.040994E+017
2.69909E+017
2.706506E+017
2.664454E+017
3.106813E+017
3.154617E+017
2.829284E+017
2.577748E+017
2.529268E+017
2.360659E+017
2.715125E+017
2.414799E+017
2.57495E+017
2.381129E+017
2.634301E+017
1.954531E+017
2.161075E+017
1.819122E+017
1.745744E+017
1.888774E+017
1.676915E+017
2.091701E+017
1.455416E+017
1.55515E+017
1.146328E+017
1.542718E+017
1.056232E+017
6.930991E+016
7.277072E+016
8.389345E+016
3.999078E+016
3.709382E+016
3.873208E+016
2.389474E+016
); 
boundaryField
{
    movingWall
    {
        type           fixedValue; //fixedGradient;//fixedValue;
        //gradient        uniform 0; 

        value           uniform 0;
        
    }
   
  

    fixedWalls
    {
        type           fixedValue;//type            fixedValue;
       value       uniform 0; 
    }

    frontAndBack
    {
        type            empty;
    }

}
