/*--------------------------------*- C++ -*----------------------------------*\
| =========                 |                                                 |
| \\      /  F ield         | OpenFOAM: The Open Source CFD Toolbox           |
|  \\    /   O peration     | Version:  v1806                                 |
|   \\  /    A nd           | Web:      www.OpenFOAM.com                      |
|    \\/     M anipulation  |                                                 |
\*---------------------------------------------------------------------------*/
FoamFile
{
    version     2.0;
    format      ascii;
    class       volScalarField;
    object      dnp2;
}
// * * * * * * * * * * * * * * * * * * * * * * * * * * * * * * * * * * * * * //

dimensions      [0 -3 0 0 0 0 0];

internalField   nonuniform List<scalar> 
6400
(
4.333764E+016
6.468065E+016
1.021113E+017
1.42893E+017
1.47908E+017
1.454017E+017
1.786287E+017
2.328217E+017
2.596804E+017
2.435324E+017
2.043716E+017
2.779789E+017
3.0625E+017
2.987942E+017
2.96079E+017
4.420731E+017
4.090543E+017
3.692099E+017
3.433115E+017
4.384066E+017
4.512691E+017
5.164417E+017
4.831104E+017
4.915541E+017
4.97141E+017
5.35839E+017
5.311873E+017
6.362841E+017
5.822424E+017
5.588528E+017
5.590712E+017
6.157976E+017
5.634845E+017
5.843504E+017
6.316373E+017
5.902771E+017
5.609687E+017
5.172541E+017
5.889142E+017
5.910427E+017
5.275105E+017
5.593276E+017
5.533135E+017
6.134782E+017
6.071063E+017
5.46981E+017
5.89565E+017
5.72487E+017
5.581431E+017
6.264737E+017
5.698966E+017
6.143846E+017
5.652377E+017
5.111854E+017
4.574883E+017
4.27081E+017
4.35319E+017
3.985096E+017
4.642832E+017
4.285241E+017
4.241015E+017
4.288249E+017
4.07319E+017
3.841956E+017
3.837281E+017
3.243699E+017
2.915134E+017
3.424009E+017
2.46336E+017
2.345453E+017
2.113706E+017
2.25129E+017
1.987352E+017
2.068572E+017
1.797882E+017
1.607649E+017
1.117257E+017
7.352856E+016
6.77036E+016
3.047519E+016
7.690822E+016
1.24501E+017
1.248895E+017
1.80344E+017
2.445634E+017
2.468145E+017
2.918165E+017
3.691117E+017
4.270956E+017
4.183291E+017
4.449333E+017
4.710444E+017
5.772919E+017
5.035661E+017
5.603288E+017
6.54874E+017
6.71428E+017
6.820583E+017
6.958443E+017
7.54114E+017
7.718505E+017
8.793122E+017
8.216288E+017
7.447908E+017
7.623408E+017
7.482372E+017
8.615841E+017
9.154567E+017
8.959962E+017
8.971846E+017
9.325786E+017
9.333673E+017
1.009952E+018
8.896959E+017
1.010604E+018
9.151855E+017
8.749961E+017
8.778522E+017
9.025387E+017
9.956987E+017
1.117418E+018
9.627385E+017
8.962165E+017
9.819072E+017
9.4311E+017
9.861015E+017
1.095891E+018
1.061791E+018
9.551281E+017
9.481185E+017
1.016594E+018
9.508228E+017
8.511567E+017
8.860958E+017
8.440678E+017
8.765196E+017
7.261044E+017
7.595053E+017
6.99123E+017
7.428013E+017
6.808278E+017
7.16875E+017
6.444851E+017
6.787029E+017
6.979582E+017
5.168937E+017
5.754665E+017
6.071363E+017
5.198341E+017
4.3714E+017
4.128326E+017
3.606314E+017
4.195543E+017
2.784754E+017
2.874807E+017
2.164644E+017
2.015135E+017
1.723613E+017
1.117218E+017
7.275552E+016
7.866214E+016
1.524679E+017
2.432862E+017
2.513717E+017
3.855957E+017
3.980305E+017
4.06106E+017
4.94176E+017
5.372315E+017
6.294286E+017
6.220581E+017
7.183027E+017
6.442225E+017
7.840742E+017
7.589606E+017
6.839135E+017
7.26636E+017
8.727123E+017
9.737512E+017
8.720745E+017
1.028809E+018
1.108567E+018
1.062711E+018
1.211392E+018
1.142014E+018
1.0926E+018
1.133591E+018
1.169983E+018
1.078545E+018
1.256632E+018
1.179995E+018
1.262222E+018
1.24592E+018
1.316273E+018
1.32044E+018
1.375232E+018
1.261952E+018
1.262562E+018
1.332176E+018
1.387002E+018
1.341568E+018
1.288899E+018
1.447239E+018
1.388659E+018
1.390002E+018
1.364566E+018
1.402919E+018
1.34895E+018
1.297478E+018
1.354535E+018
1.258362E+018
1.203102E+018
1.298634E+018
1.230708E+018
1.138091E+018
1.137669E+018
1.157491E+018
1.000687E+018
8.953281E+017
9.546591E+017
1.003141E+018
9.986103E+017
1.082645E+018
9.595061E+017
8.879824E+017
9.064668E+017
7.598609E+017
6.815685E+017
6.877287E+017
5.982159E+017
5.51566E+017
5.651143E+017
5.110406E+017
4.572556E+017
3.745682E+017
2.662037E+017
2.214585E+017
1.807548E+017
1.386887E+017
8.376159E+016
1.032477E+017
2.053947E+017
2.749122E+017
3.81364E+017
4.18647E+017
4.615044E+017
5.713522E+017
6.762949E+017
7.711218E+017
7.734772E+017
7.874105E+017
7.797481E+017
7.777011E+017
9.389623E+017
9.324211E+017
1.036561E+018
1.03396E+018
1.091406E+018
1.165377E+018
1.35672E+018
1.360838E+018
1.496748E+018
1.442238E+018
1.411146E+018
1.488935E+018
1.510626E+018
1.497342E+018
1.610802E+018
1.580887E+018
1.575044E+018
1.536387E+018
1.563614E+018
1.584919E+018
1.598292E+018
1.750598E+018
1.664263E+018
1.600541E+018
1.722453E+018
1.808637E+018
1.701732E+018
1.804251E+018
1.745132E+018
1.70421E+018
1.829252E+018
1.753608E+018
1.784034E+018
1.630158E+018
1.769456E+018
1.678156E+018
1.702734E+018
1.492424E+018
1.669527E+018
1.638816E+018
1.489775E+018
1.439194E+018
1.405575E+018
1.233567E+018
1.379842E+018
1.336713E+018
1.185265E+018
1.101515E+018
1.17432E+018
1.160057E+018
1.16718E+018
1.071143E+018
1.082341E+018
9.285063E+017
8.553022E+017
7.388113E+017
6.52941E+017
7.569293E+017
6.393796E+017
5.756027E+017
5.254007E+017
3.97799E+017
3.621981E+017
3.386262E+017
2.574725E+017
1.94345E+017
1.041775E+017
1.103361E+017
1.951664E+017
3.739289E+017
4.381697E+017
4.685438E+017
4.875635E+017
6.957328E+017
6.363935E+017
7.567289E+017
8.451092E+017
9.628117E+017
9.070081E+017
1.124165E+018
1.149493E+018
1.216855E+018
1.272947E+018
1.355692E+018
1.347753E+018
1.499441E+018
1.510261E+018
1.635606E+018
1.644068E+018
1.745437E+018
1.799058E+018
1.646121E+018
1.888384E+018
1.84349E+018
1.931051E+018
1.776138E+018
1.89212E+018
1.984209E+018
1.95967E+018
2.104265E+018
1.983415E+018
2.070604E+018
2.102246E+018
2.048495E+018
2.149972E+018
2.135889E+018
2.24566E+018
1.950754E+018
1.992677E+018
2.009148E+018
2.021793E+018
2.128964E+018
2.053813E+018
2.018664E+018
2.023606E+018
2.073694E+018
2.03179E+018
2.03404E+018
1.810387E+018
1.765819E+018
1.761034E+018
1.82577E+018
1.681908E+018
1.592552E+018
1.59127E+018
1.561125E+018
1.650472E+018
1.293206E+018
1.380936E+018
1.435605E+018
1.377431E+018
1.327361E+018
1.200346E+018
1.078347E+018
1.02776E+018
8.806766E+017
8.070101E+017
7.455945E+017
8.1973E+017
6.746884E+017
6.134841E+017
6.189052E+017
3.994967E+017
4.000968E+017
2.721175E+017
2.17043E+017
1.738111E+017
1.303215E+017
2.546372E+017
2.682201E+017
4.504774E+017
5.144892E+017
5.665233E+017
7.44836E+017
7.579027E+017
9.665485E+017
1.232344E+018
1.204827E+018
1.245184E+018
1.341996E+018
1.40718E+018
1.470156E+018
1.519083E+018
1.581295E+018
1.75502E+018
1.716155E+018
1.874321E+018
1.906891E+018
1.950242E+018
1.906476E+018
2.120946E+018
1.907155E+018
2.010984E+018
2.224506E+018
2.180395E+018
2.296657E+018
2.336554E+018
2.235797E+018
2.37341E+018
2.277325E+018
2.434644E+018
2.428687E+018
2.482986E+018
2.577111E+018
2.493988E+018
2.439826E+018
2.413519E+018
2.396792E+018
2.437702E+018
2.545775E+018
2.325243E+018
2.570142E+018
2.423541E+018
2.478436E+018
2.564866E+018
2.461512E+018
2.385455E+018
2.229465E+018
2.212883E+018
2.225563E+018
1.939087E+018
2.128704E+018
1.872803E+018
2.124389E+018
1.946069E+018
1.865413E+018
1.705117E+018
1.623498E+018
1.628439E+018
1.641632E+018
1.718274E+018
1.492992E+018
1.474916E+018
1.323863E+018
1.208053E+018
1.269059E+018
1.119051E+018
9.729421E+017
8.426196E+017
7.887132E+017
7.187022E+017
6.86921E+017
4.83847E+017
4.120531E+017
3.399279E+017
2.316702E+017
1.364869E+017
1.33596E+017
2.360473E+017
3.785899E+017
4.769818E+017
5.984376E+017
6.79392E+017
9.081648E+017
9.858545E+017
1.111056E+018
1.26417E+018
1.306084E+018
1.410203E+018
1.582206E+018
1.629952E+018
1.710927E+018
1.783253E+018
1.67464E+018
1.810994E+018
2.042518E+018
2.068578E+018
2.056293E+018
2.221735E+018
2.152991E+018
2.268259E+018
2.31951E+018
2.447872E+018
2.333733E+018
2.68053E+018
2.605836E+018
2.556914E+018
2.706189E+018
2.808207E+018
2.641112E+018
2.741151E+018
2.800659E+018
2.678687E+018
3.018232E+018
3.07514E+018
2.846558E+018
2.760223E+018
3.06674E+018
2.848737E+018
2.810251E+018
2.816127E+018
2.857435E+018
2.946788E+018
2.719546E+018
2.678409E+018
2.937197E+018
2.738684E+018
2.551133E+018
2.47924E+018
2.417805E+018
2.525973E+018
2.292667E+018
2.336237E+018
2.178958E+018
2.187525E+018
2.120094E+018
2.08715E+018
2.05231E+018
1.848115E+018
1.914346E+018
1.651163E+018
1.690569E+018
1.625393E+018
1.569669E+018
1.554162E+018
1.281696E+018
1.172162E+018
1.110873E+018
9.357832E+017
8.371621E+017
8.828294E+017
7.306851E+017
5.580762E+017
4.100063E+017
4.115533E+017
2.676724E+017
1.628214E+017
1.890653E+017
2.657575E+017
4.605529E+017
5.457187E+017
6.631267E+017
9.172519E+017
9.267896E+017
1.110593E+018
1.15168E+018
1.324248E+018
1.425562E+018
1.606892E+018
1.584122E+018
1.788618E+018
1.860897E+018
1.805826E+018
1.871185E+018
2.026683E+018
2.273965E+018
2.395752E+018
2.312552E+018
2.523573E+018
2.404546E+018
2.431715E+018
2.390855E+018
2.855355E+018
2.509309E+018
2.74089E+018
2.755916E+018
2.85929E+018
2.829886E+018
3.300096E+018
3.139223E+018
3.149076E+018
3.058696E+018
3.171871E+018
3.107002E+018
3.275726E+018
3.275824E+018
3.272124E+018
3.273817E+018
3.210635E+018
3.079881E+018
3.221102E+018
3.193372E+018
3.155243E+018
3.158273E+018
3.072906E+018
3.113244E+018
3.112404E+018
2.92738E+018
2.921939E+018
2.932504E+018
2.892018E+018
2.644492E+018
2.662228E+018
2.697163E+018
2.437214E+018
2.34029E+018
2.388829E+018
2.293916E+018
2.303604E+018
2.088104E+018
1.988631E+018
1.824858E+018
1.732723E+018
1.69023E+018
1.64514E+018
1.341447E+018
1.506711E+018
1.360055E+018
1.143389E+018
9.993631E+017
8.924239E+017
8.137789E+017
7.057239E+017
5.077093E+017
3.521205E+017
3.075508E+017
1.707376E+017
2.035978E+017
3.251376E+017
5.33985E+017
5.80354E+017
7.468122E+017
8.915108E+017
9.887794E+017
1.112424E+018
1.466149E+018
1.491017E+018
1.610959E+018
1.62066E+018
1.780493E+018
1.992234E+018
2.082109E+018
1.992197E+018
2.123693E+018
2.248817E+018
2.492242E+018
2.49707E+018
2.426059E+018
2.561736E+018
2.638471E+018
2.592865E+018
2.831603E+018
3.126421E+018
2.971545E+018
3.018519E+018
3.100045E+018
3.337065E+018
3.209451E+018
3.411216E+018
3.423148E+018
3.446064E+018
3.356967E+018
3.224046E+018
3.402907E+018
3.549728E+018
3.294451E+018
3.567124E+018
3.627489E+018
3.581305E+018
3.327975E+018
3.510427E+018
3.641195E+018
3.457806E+018
3.373503E+018
3.489449E+018
3.278632E+018
3.227772E+018
3.356757E+018
3.392022E+018
3.127589E+018
3.053844E+018
3.01152E+018
2.80725E+018
2.799863E+018
2.880755E+018
2.646978E+018
2.689501E+018
2.496424E+018
2.341781E+018
2.223669E+018
2.189354E+018
2.102796E+018
1.99877E+018
1.815254E+018
1.725201E+018
1.685921E+018
1.52778E+018
1.530558E+018
1.310394E+018
1.149787E+018
1.028067E+018
8.482957E+017
7.624745E+017
6.134979E+017
4.403567E+017
3.184041E+017
2.076874E+017
2.43296E+017
3.834843E+017
4.875816E+017
5.994868E+017
8.133124E+017
9.482484E+017
1.073541E+018
1.436995E+018
1.622509E+018
1.580697E+018
1.70779E+018
1.73137E+018
2.135919E+018
2.137105E+018
2.353094E+018
2.267685E+018
2.432243E+018
2.681733E+018
2.660084E+018
2.718679E+018
2.737682E+018
2.858143E+018
3.160118E+018
3.117361E+018
3.118796E+018
3.168663E+018
3.391946E+018
3.507105E+018
3.560392E+018
3.780687E+018
3.809562E+018
3.782148E+018
3.641572E+018
3.752024E+018
3.654241E+018
3.623267E+018
3.605236E+018
3.759201E+018
3.82741E+018
3.785172E+018
3.877916E+018
3.891712E+018
3.765516E+018
3.900167E+018
3.695577E+018
3.542554E+018
3.913827E+018
3.834493E+018
3.556905E+018
3.546778E+018
3.661687E+018
3.445311E+018
3.229253E+018
3.402003E+018
3.469395E+018
3.327859E+018
3.08161E+018
2.841915E+018
2.876175E+018
2.903528E+018
2.629387E+018
2.516561E+018
2.550421E+018
2.487858E+018
2.355794E+018
2.273588E+018
2.244369E+018
2.233106E+018
1.79805E+018
1.786117E+018
1.547019E+018
1.551946E+018
1.336712E+018
1.086909E+018
8.949256E+017
8.100962E+017
6.284412E+017
5.221447E+017
4.32841E+017
2.294656E+017
2.566287E+017
4.40169E+017
5.811895E+017
7.006558E+017
9.987943E+017
1.18692E+018
1.160533E+018
1.382075E+018
1.598117E+018
1.654191E+018
1.962454E+018
2.190981E+018
2.085994E+018
2.340513E+018
2.453754E+018
2.502535E+018
2.419688E+018
2.72911E+018
2.748635E+018
2.986117E+018
2.997858E+018
3.088469E+018
3.334395E+018
3.612702E+018
3.486876E+018
3.60726E+018
3.747555E+018
3.629454E+018
3.740736E+018
3.970858E+018
4.117003E+018
4.018391E+018
3.99082E+018
4.048022E+018
4.085351E+018
4.223972E+018
4.067005E+018
4.146982E+018
3.926113E+018
4.07242E+018
4.296942E+018
4.164677E+018
4.162512E+018
4.021906E+018
4.096362E+018
3.971472E+018
3.900217E+018
4.002488E+018
3.852931E+018
3.993192E+018
3.860254E+018
3.816048E+018
3.546817E+018
3.611414E+018
3.694584E+018
3.588748E+018
3.446836E+018
3.128196E+018
3.175099E+018
3.327233E+018
3.052309E+018
2.99487E+018
2.668953E+018
2.807633E+018
2.577412E+018
2.402838E+018
2.312778E+018
2.233111E+018
1.886627E+018
1.879653E+018
1.743056E+018
1.614405E+018
1.345695E+018
1.15348E+018
1.148177E+018
8.624856E+017
6.82482E+017
5.65999E+017
4.342293E+017
2.735576E+017
2.383864E+017
5.020786E+017
6.07075E+017
9.103734E+017
1.053966E+018
1.228413E+018
1.460317E+018
1.441275E+018
1.611083E+018
1.795077E+018
2.009146E+018
2.202065E+018
2.366957E+018
2.466547E+018
2.744486E+018
2.70765E+018
2.677525E+018
2.815832E+018
2.867739E+018
2.85886E+018
3.266039E+018
3.501252E+018
3.484413E+018
3.61191E+018
3.735934E+018
3.680793E+018
3.998864E+018
3.880403E+018
4.112387E+018
4.122332E+018
4.246032E+018
4.206648E+018
4.231451E+018
4.335521E+018
4.358282E+018
4.351912E+018
4.565207E+018
4.53768E+018
4.429159E+018
4.406817E+018
4.64696E+018
4.383334E+018
4.470959E+018
4.425622E+018
4.326384E+018
4.337682E+018
4.370573E+018
4.392093E+018
4.182473E+018
4.494902E+018
4.47463E+018
3.965868E+018
3.793016E+018
3.794491E+018
3.867918E+018
3.781546E+018
3.673884E+018
3.661491E+018
3.403794E+018
3.418714E+018
3.226203E+018
3.095706E+018
2.911706E+018
2.668881E+018
2.810355E+018
2.525129E+018
2.339063E+018
2.255251E+018
2.168014E+018
1.758666E+018
1.794146E+018
1.566846E+018
1.38605E+018
1.239223E+018
1.06259E+018
1.002935E+018
7.185234E+017
6.856126E+017
4.68358E+017
2.237225E+017
2.76993E+017
5.116283E+017
7.220884E+017
8.775841E+017
1.109103E+018
1.355076E+018
1.430865E+018
1.480994E+018
1.850094E+018
2.104172E+018
2.178454E+018
2.245824E+018
2.457474E+018
2.973154E+018
2.724225E+018
3.02315E+018
3.249136E+018
3.024955E+018
3.072618E+018
3.214272E+018
3.430423E+018
3.69267E+018
3.895666E+018
3.729752E+018
3.879104E+018
4.060267E+018
4.035753E+018
4.431451E+018
4.480814E+018
4.57359E+018
4.50972E+018
4.773381E+018
4.621676E+018
4.645174E+018
4.899019E+018
4.696383E+018
4.670242E+018
4.721423E+018
4.82088E+018
4.924376E+018
4.847229E+018
4.88212E+018
4.801985E+018
4.859773E+018
4.725352E+018
4.4666E+018
4.581248E+018
4.39369E+018
4.568399E+018
4.380962E+018
4.591721E+018
4.177902E+018
4.130862E+018
4.190379E+018
4.14691E+018
4.109041E+018
4.0664E+018
3.764373E+018
3.457852E+018
3.555982E+018
3.379852E+018
3.260803E+018
3.242571E+018
2.998121E+018
2.803507E+018
2.678477E+018
2.498935E+018
2.283871E+018
2.165075E+018
2.113146E+018
1.852872E+018
1.61406E+018
1.521937E+018
1.335032E+018
1.21828E+018
1.072673E+018
8.012354E+017
5.710492E+017
4.487313E+017
2.909047E+017
2.94754E+017
5.212977E+017
7.507812E+017
8.838183E+017
1.125458E+018
1.365755E+018
1.621536E+018
1.718645E+018
1.929548E+018
1.919507E+018
2.340713E+018
2.338444E+018
2.735397E+018
2.888733E+018
2.932051E+018
3.295212E+018
3.39446E+018
3.521843E+018
3.48943E+018
3.611038E+018
3.871831E+018
3.75948E+018
4.080621E+018
4.125095E+018
4.344282E+018
4.372842E+018
4.63274E+018
4.791318E+018
4.642052E+018
4.954726E+018
4.979399E+018
4.883841E+018
4.725762E+018
5.210663E+018
5.081645E+018
5.307057E+018
4.964371E+018
5.020607E+018
4.974832E+018
5.187526E+018
5.0561E+018
4.913195E+018
5.133087E+018
5.300694E+018
5.072861E+018
4.920947E+018
4.971494E+018
4.899611E+018
4.767113E+018
4.972123E+018
4.864317E+018
4.329561E+018
4.800969E+018
4.402734E+018
4.509136E+018
4.38379E+018
4.295473E+018
4.004608E+018
3.973637E+018
3.801503E+018
3.842859E+018
3.507542E+018
3.435558E+018
3.317766E+018
3.064618E+018
2.693742E+018
2.583714E+018
2.531457E+018
2.538283E+018
2.227919E+018
1.893605E+018
1.72517E+018
1.446276E+018
1.423481E+018
1.231671E+018
1.125135E+018
9.08828E+017
8.07049E+017
4.936433E+017
3.296391E+017
3.720041E+017
5.408728E+017
7.955208E+017
9.797582E+017
1.14727E+018
1.448988E+018
1.634105E+018
1.738438E+018
2.097123E+018
2.185174E+018
2.331559E+018
2.61482E+018
2.715398E+018
2.978666E+018
3.114422E+018
3.461443E+018
3.757983E+018
3.556885E+018
3.675243E+018
3.655823E+018
4.047044E+018
4.018265E+018
4.275742E+018
4.47817E+018
4.658585E+018
4.55013E+018
4.817795E+018
5.141522E+018
5.062002E+018
4.929875E+018
5.112911E+018
5.293434E+018
5.298902E+018
5.349667E+018
5.239364E+018
5.227411E+018
5.462524E+018
5.226569E+018
5.394721E+018
5.360691E+018
5.16245E+018
5.272451E+018
5.170632E+018
5.256912E+018
5.343966E+018
5.213125E+018
5.146001E+018
5.134985E+018
5.464831E+018
5.328296E+018
4.897142E+018
5.105339E+018
5.084881E+018
4.777972E+018
4.634186E+018
4.379131E+018
4.332093E+018
4.188326E+018
4.27675E+018
4.146526E+018
3.912566E+018
3.92167E+018
3.546996E+018
3.316323E+018
3.191146E+018
2.916187E+018
2.823789E+018
2.631863E+018
2.565302E+018
2.217902E+018
2.103057E+018
2.018108E+018
1.833422E+018
1.586008E+018
1.354149E+018
1.180562E+018
1.123014E+018
7.274405E+017
5.678501E+017
3.469875E+017
3.560833E+017
5.406997E+017
8.277058E+017
1.135069E+018
1.199518E+018
1.420417E+018
1.59717E+018
1.900502E+018
2.233449E+018
2.231114E+018
2.515068E+018
2.818853E+018
2.925033E+018
3.141342E+018
3.255576E+018
3.362012E+018
3.442195E+018
3.741097E+018
3.812427E+018
4.360737E+018
4.190586E+018
4.513798E+018
4.487562E+018
4.531415E+018
4.787564E+018
4.788783E+018
5.24986E+018
5.106446E+018
5.001411E+018
5.239908E+018
5.560545E+018
5.335662E+018
5.627605E+018
5.721906E+018
5.39635E+018
5.434648E+018
5.524027E+018
5.631451E+018
5.548131E+018
5.808816E+018
5.824236E+018
5.698744E+018
5.708033E+018
5.770317E+018
5.970504E+018
5.606466E+018
5.573435E+018
5.484732E+018
5.705807E+018
5.36945E+018
5.254066E+018
5.369136E+018
5.172672E+018
5.166608E+018
4.830615E+018
4.931479E+018
4.587191E+018
4.51967E+018
4.511411E+018
4.728352E+018
4.161807E+018
3.914372E+018
3.568546E+018
3.637773E+018
3.324046E+018
3.516182E+018
2.942386E+018
2.820178E+018
2.614085E+018
2.414991E+018
2.380815E+018
2.008908E+018
1.806237E+018
1.471801E+018
1.279459E+018
1.222322E+018
1.11013E+018
7.455851E+017
5.201449E+017
3.179768E+017
4.285352E+017
5.565896E+017
8.224475E+017
1.133834E+018
1.467512E+018
1.611898E+018
1.832571E+018
2.084632E+018
2.265829E+018
2.306957E+018
2.765725E+018
2.924017E+018
3.089109E+018
3.183469E+018
3.271165E+018
3.533347E+018
3.769909E+018
3.866878E+018
4.091305E+018
4.324554E+018
4.425698E+018
4.585926E+018
4.916302E+018
4.847081E+018
5.036256E+018
5.311809E+018
5.494668E+018
5.600374E+018
5.457485E+018
5.550325E+018
5.708136E+018
5.533353E+018
5.80646E+018
5.911994E+018
6.119918E+018
5.826128E+018
5.863436E+018
6.119481E+018
5.991049E+018
5.98353E+018
5.997976E+018
6.143231E+018
5.905816E+018
6.077858E+018
6.312035E+018
6.229158E+018
5.992501E+018
6.010974E+018
5.806643E+018
5.964532E+018
5.435612E+018
5.606589E+018
5.526702E+018
5.136022E+018
5.172881E+018
5.168004E+018
5.10802E+018
4.688364E+018
4.523969E+018
4.406704E+018
4.389386E+018
4.073405E+018
4.084492E+018
3.950374E+018
3.67283E+018
3.410909E+018
3.086631E+018
2.919506E+018
2.872136E+018
2.43179E+018
2.453539E+018
2.296585E+018
1.954557E+018
1.750063E+018
1.460976E+018
1.292487E+018
1.193504E+018
8.463014E+017
6.045603E+017
4.117139E+017
4.15667E+017
6.13256E+017
9.276968E+017
1.135285E+018
1.34165E+018
1.621853E+018
1.772343E+018
2.208517E+018
2.255233E+018
2.519129E+018
2.895755E+018
3.133508E+018
3.061556E+018
3.232395E+018
3.36279E+018
3.893023E+018
3.99632E+018
3.95246E+018
4.228697E+018
4.242727E+018
4.694459E+018
5.05662E+018
5.16759E+018
4.976662E+018
5.276229E+018
5.529442E+018
5.412015E+018
5.504024E+018
5.805668E+018
5.842169E+018
6.088216E+018
6.095888E+018
6.02508E+018
6.055891E+018
6.312818E+018
6.565539E+018
6.389965E+018
6.355613E+018
6.36404E+018
6.280173E+018
6.415176E+018
6.206812E+018
6.383927E+018
6.467145E+018
6.35332E+018
6.330542E+018
6.25364E+018
6.072417E+018
6.051746E+018
5.83878E+018
5.970812E+018
5.520939E+018
5.638197E+018
5.507915E+018
5.695325E+018
5.556519E+018
5.358811E+018
4.872602E+018
4.662171E+018
4.594609E+018
4.641616E+018
4.376059E+018
4.218813E+018
3.965387E+018
3.598284E+018
3.484437E+018
3.262236E+018
3.238052E+018
2.993707E+018
2.619817E+018
2.552875E+018
2.246413E+018
2.141982E+018
1.994341E+018
1.480712E+018
1.335525E+018
1.129958E+018
8.75977E+017
6.905831E+017
4.817156E+017
4.121188E+017
6.592485E+017
1.055367E+018
1.283015E+018
1.537026E+018
1.762711E+018
1.967814E+018
2.44633E+018
2.6055E+018
2.675779E+018
3.079123E+018
3.137964E+018
3.365814E+018
3.344949E+018
3.64418E+018
3.928519E+018
4.027076E+018
4.237591E+018
4.526799E+018
4.385929E+018
4.817916E+018
5.036777E+018
4.906575E+018
5.275233E+018
5.598829E+018
5.717499E+018
5.60175E+018
6.058676E+018
5.836424E+018
6.30217E+018
6.08874E+018
6.078542E+018
6.14781E+018
6.129203E+018
6.227032E+018
6.315707E+018
6.475227E+018
6.614688E+018
6.595884E+018
6.411138E+018
6.588298E+018
6.813479E+018
6.370607E+018
6.615791E+018
6.717106E+018
6.482481E+018
6.352314E+018
6.521501E+018
6.259535E+018
6.02507E+018
6.194247E+018
5.867699E+018
6.083829E+018
6.025617E+018
5.693453E+018
5.544979E+018
5.323098E+018
5.042599E+018
4.90308E+018
4.687012E+018
4.829526E+018
4.519122E+018
4.309485E+018
4.103113E+018
3.945078E+018
3.876394E+018
3.630967E+018
3.325826E+018
3.151963E+018
2.631335E+018
2.575112E+018
2.44739E+018
2.221259E+018
1.935875E+018
1.634279E+018
1.505802E+018
1.227083E+018
1.006754E+018
7.645189E+017
4.24163E+017
4.073242E+017
6.94083E+017
9.797509E+017
1.286819E+018
1.662647E+018
1.669183E+018
2.107188E+018
2.34253E+018
2.653005E+018
2.835008E+018
3.183256E+018
3.212962E+018
3.697533E+018
3.580516E+018
3.929191E+018
3.965726E+018
3.975135E+018
4.262337E+018
4.494507E+018
4.79656E+018
4.906681E+018
5.408057E+018
5.438856E+018
5.568143E+018
5.556994E+018
5.744606E+018
5.972087E+018
6.265894E+018
6.631899E+018
6.461743E+018
6.211029E+018
6.30527E+018
6.495859E+018
6.569142E+018
6.43768E+018
6.598342E+018
6.656491E+018
6.768338E+018
7.060721E+018
6.928452E+018
7.016934E+018
7.221191E+018
6.705965E+018
6.675271E+018
6.755253E+018
6.580805E+018
6.763305E+018
6.439554E+018
6.444285E+018
6.373565E+018
6.433131E+018
6.205297E+018
6.160215E+018
6.101702E+018
5.609214E+018
5.656712E+018
5.680563E+018
5.178068E+018
5.173278E+018
4.87976E+018
4.964012E+018
4.857342E+018
4.584563E+018
4.424554E+018
4.267882E+018
3.700379E+018
3.756781E+018
3.54161E+018
3.08039E+018
2.8283E+018
2.770202E+018
2.421456E+018
2.292915E+018
1.99247E+018
1.594731E+018
1.366236E+018
1.147702E+018
9.698284E+017
6.763196E+017
4.705473E+017
4.978697E+017
7.868997E+017
1.04304E+018
1.403363E+018
1.632617E+018
1.893436E+018
2.369742E+018
2.375208E+018
2.811175E+018
2.941361E+018
3.088815E+018
3.370203E+018
3.432906E+018
3.745184E+018
3.79829E+018
4.349414E+018
4.484886E+018
4.495427E+018
4.663092E+018
5.074424E+018
5.107546E+018
5.423183E+018
5.622318E+018
5.611961E+018
5.807291E+018
6.060157E+018
6.139437E+018
6.22794E+018
6.637055E+018
6.763336E+018
6.538767E+018
6.504958E+018
6.780154E+018
6.82545E+018
6.831528E+018
7.009044E+018
7.043117E+018
7.051257E+018
7.18258E+018
7.053024E+018
7.195214E+018
7.108544E+018
7.326574E+018
7.19689E+018
6.868279E+018
6.86895E+018
6.937163E+018
6.806998E+018
6.818532E+018
6.790554E+018
6.811548E+018
6.315379E+018
6.201727E+018
6.239883E+018
6.175264E+018
6.063343E+018
5.586746E+018
5.303621E+018
5.351878E+018
5.289797E+018
5.02436E+018
4.979023E+018
4.666242E+018
4.590681E+018
4.346682E+018
4.12963E+018
3.725041E+018
3.691619E+018
3.398858E+018
3.101314E+018
2.791849E+018
2.634898E+018
2.18689E+018
2.010376E+018
1.772343E+018
1.385745E+018
1.225799E+018
1.136291E+018
8.139398E+017
4.152088E+017
4.061394E+017
6.680654E+017
1.118201E+018
1.353144E+018
1.674566E+018
2.199619E+018
2.161987E+018
2.551597E+018
2.699225E+018
2.934989E+018
3.239592E+018
3.62265E+018
3.656387E+018
3.864131E+018
4.247081E+018
4.552439E+018
4.664367E+018
4.854526E+018
4.780209E+018
5.281892E+018
5.311066E+018
5.225554E+018
5.877227E+018
6.258811E+018
5.752123E+018
6.420024E+018
6.50505E+018
6.510918E+018
6.457391E+018
6.886243E+018
6.796712E+018
7.151016E+018
7.241558E+018
7.06E+018
7.070895E+018
6.920426E+018
7.319619E+018
7.102045E+018
7.17285E+018
7.070022E+018
7.208021E+018
7.168503E+018
7.333034E+018
7.342085E+018
6.868189E+018
7.186533E+018
7.073614E+018
6.820013E+018
6.990011E+018
6.851474E+018
6.882178E+018
6.316613E+018
6.706212E+018
6.032909E+018
6.170394E+018
5.897179E+018
5.944131E+018
5.862074E+018
5.402691E+018
5.45706E+018
5.604214E+018
4.971642E+018
4.764681E+018
4.658157E+018
4.295189E+018
4.357414E+018
4.05232E+018
3.570179E+018
3.285853E+018
3.161071E+018
2.798401E+018
2.658936E+018
2.129164E+018
2.141338E+018
1.974286E+018
1.661594E+018
1.511048E+018
1.098109E+018
8.013818E+017
4.350725E+017
4.288349E+017
7.95609E+017
1.011572E+018
1.47658E+018
1.579876E+018
1.993109E+018
2.261647E+018
2.466288E+018
3.02458E+018
3.049936E+018
3.459998E+018
3.72027E+018
3.890227E+018
4.130745E+018
4.408502E+018
4.772008E+018
4.66874E+018
4.773801E+018
5.156983E+018
5.494033E+018
5.557172E+018
5.718469E+018
5.912687E+018
6.120633E+018
6.27148E+018
6.419558E+018
6.304687E+018
6.54918E+018
6.792144E+018
6.925333E+018
7.165279E+018
7.388721E+018
7.252061E+018
7.314058E+018
7.207179E+018
7.097899E+018
7.317241E+018
7.213681E+018
7.501023E+018
7.345301E+018
7.45419E+018
7.536766E+018
7.455964E+018
7.676904E+018
7.418209E+018
7.509183E+018
7.503879E+018
7.337571E+018
7.128519E+018
7.076989E+018
7.111368E+018
6.735403E+018
6.771617E+018
6.412906E+018
6.385015E+018
6.032493E+018
6.033857E+018
5.73879E+018
5.693297E+018
5.606986E+018
5.490935E+018
5.245642E+018
4.895149E+018
4.707813E+018
4.24201E+018
4.258303E+018
4.131702E+018
3.861029E+018
3.495874E+018
3.155449E+018
3.007994E+018
2.762696E+018
2.388884E+018
2.092119E+018
1.854222E+018
1.551391E+018
1.421465E+018
1.16703E+018
8.126519E+017
4.105491E+017
4.264833E+017
7.693962E+017
1.096564E+018
1.443878E+018
1.742456E+018
1.833018E+018
2.31474E+018
2.5854E+018
2.994082E+018
3.188022E+018
3.580907E+018
3.752272E+018
3.986692E+018
4.363711E+018
4.489821E+018
4.791805E+018
5.07141E+018
5.015825E+018
5.18404E+018
5.675511E+018
5.633474E+018
5.944093E+018
5.881255E+018
5.985284E+018
6.371692E+018
6.68747E+018
6.557648E+018
7.079005E+018
7.446923E+018
7.178706E+018
7.385104E+018
7.189869E+018
7.158247E+018
7.388373E+018
7.414245E+018
7.29451E+018
7.749192E+018
7.691012E+018
7.530156E+018
7.553958E+018
7.46333E+018
7.637196E+018
7.70545E+018
7.479527E+018
7.810234E+018
7.636384E+018
7.540945E+018
7.76484E+018
7.774926E+018
7.524256E+018
6.871223E+018
6.898685E+018
7.246783E+018
7.005325E+018
6.909604E+018
6.079513E+018
6.283631E+018
6.114087E+018
5.837519E+018
5.685986E+018
5.618644E+018
5.383772E+018
5.142672E+018
4.790478E+018
4.646269E+018
4.394919E+018
4.267878E+018
3.824358E+018
3.44141E+018
3.261527E+018
3.135944E+018
2.596255E+018
2.448365E+018
2.370473E+018
1.951851E+018
1.659414E+018
1.450654E+018
1.190184E+018
7.321357E+017
4.70304E+017
4.606829E+017
8.46916E+017
1.285152E+018
1.502736E+018
1.673626E+018
2.012047E+018
2.384241E+018
2.831182E+018
2.951206E+018
3.39644E+018
3.625579E+018
3.852825E+018
4.146471E+018
4.369842E+018
4.458691E+018
4.582267E+018
4.779847E+018
5.099079E+018
5.275501E+018
5.721795E+018
5.853605E+018
6.553713E+018
6.286003E+018
6.306313E+018
6.504182E+018
6.85917E+018
7.049979E+018
7.113002E+018
7.289373E+018
7.519698E+018
7.424335E+018
7.211592E+018
7.260497E+018
7.485925E+018
7.541111E+018
7.712378E+018
7.873144E+018
7.919253E+018
7.724536E+018
7.698339E+018
7.863559E+018
7.796225E+018
7.96886E+018
7.892068E+018
7.555207E+018
8.187777E+018
7.772031E+018
7.857868E+018
7.638418E+018
7.582933E+018
7.197879E+018
7.43672E+018
7.231496E+018
7.011328E+018
6.648316E+018
7.019895E+018
6.581657E+018
6.186248E+018
6.129631E+018
5.839854E+018
5.654927E+018
5.488772E+018
5.351382E+018
5.002336E+018
4.666059E+018
4.591542E+018
4.446892E+018
3.882631E+018
3.828813E+018
3.215002E+018
3.193819E+018
2.826364E+018
2.609938E+018
2.494165E+018
2.098761E+018
1.681811E+018
1.500656E+018
1.052212E+018
7.713967E+017
4.66934E+017
5.27065E+017
8.868432E+017
1.212294E+018
1.618192E+018
1.830869E+018
2.260255E+018
2.4136E+018
2.942567E+018
3.084861E+018
3.421902E+018
3.606719E+018
3.852791E+018
4.039151E+018
4.352492E+018
4.699232E+018
4.871076E+018
4.995084E+018
5.312647E+018
5.356567E+018
5.898688E+018
6.177728E+018
6.360308E+018
6.733206E+018
6.481266E+018
6.819709E+018
7.094583E+018
7.40945E+018
7.18038E+018
7.574051E+018
7.779183E+018
7.458978E+018
7.618868E+018
7.383909E+018
7.73895E+018
7.963394E+018
8.085366E+018
7.996731E+018
7.831716E+018
8.063115E+018
8.168963E+018
8.185762E+018
8.06465E+018
8.457344E+018
8.238057E+018
8.158091E+018
8.174548E+018
8.165404E+018
8.008959E+018
7.5066E+018
7.849357E+018
7.494957E+018
7.312222E+018
7.285319E+018
7.084323E+018
6.996978E+018
6.890357E+018
6.938262E+018
6.498006E+018
6.214441E+018
5.830947E+018
5.895417E+018
5.704515E+018
5.577734E+018
5.076721E+018
4.840589E+018
4.697809E+018
4.36241E+018
4.071624E+018
3.925047E+018
3.592617E+018
3.317198E+018
3.204874E+018
2.80927E+018
2.179425E+018
2.246792E+018
1.859276E+018
1.485186E+018
1.171182E+018
8.597721E+017
5.364042E+017
5.152125E+017
9.348744E+017
1.148381E+018
1.541302E+018
1.950206E+018
2.166636E+018
2.467788E+018
2.848533E+018
3.12297E+018
3.550455E+018
3.732914E+018
3.913687E+018
4.102509E+018
4.287269E+018
4.564882E+018
5.162486E+018
5.187322E+018
5.356648E+018
5.628472E+018
5.705117E+018
6.043919E+018
6.533389E+018
6.665765E+018
6.931864E+018
6.94794E+018
7.099987E+018
7.367371E+018
7.386072E+018
7.532554E+018
7.75771E+018
7.823665E+018
7.947265E+018
7.543724E+018
7.94025E+018
8.36646E+018
8.297971E+018
8.216799E+018
8.318898E+018
8.365803E+018
8.318457E+018
8.345146E+018
8.290335E+018
8.803646E+018
8.742546E+018
8.309688E+018
8.337644E+018
8.260793E+018
8.230866E+018
7.924429E+018
8.330793E+018
7.671209E+018
7.460778E+018
7.413618E+018
7.487801E+018
7.028924E+018
7.164115E+018
6.816769E+018
6.360619E+018
6.151856E+018
6.361763E+018
6.138768E+018
5.805992E+018
5.418761E+018
5.274848E+018
4.878998E+018
4.537815E+018
4.554055E+018
4.077713E+018
3.851818E+018
3.653436E+018
3.371555E+018
3.132497E+018
2.896071E+018
2.459479E+018
2.189615E+018
1.926707E+018
1.537661E+018
1.238698E+018
8.088025E+017
5.413693E+017
4.995084E+017
9.039766E+017
1.2137E+018
1.667265E+018
1.870187E+018
2.142182E+018
2.502586E+018
3.042817E+018
3.206643E+018
3.391953E+018
3.667979E+018
4.047959E+018
4.383656E+018
4.490763E+018
4.700776E+018
4.927727E+018
5.396352E+018
5.903134E+018
5.949468E+018
6.246005E+018
6.239451E+018
6.631211E+018
6.882119E+018
6.909488E+018
7.205757E+018
7.143605E+018
7.619166E+018
7.685122E+018
7.740484E+018
7.924612E+018
7.87135E+018
8.29764E+018
8.449946E+018
8.057971E+018
8.558109E+018
8.221114E+018
8.358228E+018
8.572528E+018
8.648907E+018
8.531106E+018
8.555076E+018
8.769862E+018
8.762565E+018
8.995312E+018
8.681499E+018
8.548001E+018
8.643681E+018
7.936603E+018
8.076126E+018
8.099135E+018
7.830298E+018
7.735819E+018
7.575265E+018
7.456977E+018
7.137534E+018
7.243868E+018
6.88291E+018
6.535864E+018
6.517771E+018
6.260121E+018
6.010278E+018
5.824588E+018
5.655333E+018
5.37787E+018
5.155828E+018
4.800152E+018
4.647423E+018
4.375148E+018
4.042452E+018
3.719619E+018
3.360179E+018
3.042699E+018
3.045012E+018
2.585747E+018
2.232309E+018
1.764334E+018
1.649297E+018
1.159741E+018
8.283803E+017
5.452973E+017
5.90449E+017
9.587124E+017
1.190013E+018
1.612546E+018
1.965266E+018
2.386053E+018
2.511414E+018
2.902685E+018
3.28416E+018
3.553618E+018
3.960547E+018
4.12596E+018
4.165743E+018
4.638961E+018
5.038908E+018
5.256536E+018
5.662663E+018
5.794948E+018
6.273832E+018
6.34252E+018
6.483323E+018
6.79991E+018
7.100756E+018
7.284624E+018
7.298462E+018
7.55768E+018
7.482332E+018
7.822734E+018
7.859184E+018
8.171901E+018
7.848329E+018
8.370305E+018
8.24888E+018
8.479979E+018
8.60053E+018
8.474685E+018
8.565122E+018
8.561946E+018
8.812394E+018
8.719541E+018
8.893032E+018
9.035904E+018
8.619073E+018
8.671168E+018
8.777603E+018
8.613231E+018
8.443193E+018
8.214336E+018
8.284316E+018
8.377087E+018
8.245211E+018
7.978338E+018
7.561933E+018
7.290798E+018
7.554826E+018
7.115867E+018
7.086891E+018
6.786774E+018
6.793824E+018
6.427615E+018
5.999383E+018
6.027453E+018
5.511478E+018
5.234515E+018
5.086337E+018
4.945027E+018
4.885891E+018
4.33382E+018
4.098865E+018
3.939195E+018
3.546346E+018
3.11511E+018
3.114221E+018
2.659925E+018
2.366028E+018
1.935053E+018
1.515342E+018
1.220323E+018
9.486226E+017
6.151855E+017
5.798335E+017
9.365681E+017
1.261968E+018
1.799402E+018
1.991213E+018
2.236915E+018
2.576312E+018
2.826904E+018
3.208053E+018
3.751825E+018
3.820348E+018
4.087665E+018
4.560888E+018
4.91845E+018
5.127797E+018
5.389282E+018
5.580348E+018
5.73246E+018
6.103682E+018
6.330198E+018
6.761248E+018
6.990876E+018
6.93171E+018
7.547234E+018
7.422962E+018
7.781183E+018
7.8312E+018
7.996905E+018
8.011874E+018
8.155004E+018
8.118119E+018
8.256827E+018
8.51276E+018
8.706628E+018
8.633393E+018
8.886365E+018
8.609122E+018
8.94945E+018
8.881967E+018
9.198416E+018
8.855521E+018
8.815212E+018
9.092284E+018
8.900851E+018
8.648954E+018
8.881347E+018
8.471926E+018
8.665379E+018
8.352039E+018
8.577894E+018
7.963354E+018
8.057754E+018
7.997372E+018
7.561921E+018
7.809726E+018
7.462262E+018
7.147779E+018
6.932527E+018
6.808337E+018
6.794045E+018
6.215411E+018
5.93296E+018
5.927721E+018
5.601641E+018
5.333219E+018
4.964023E+018
4.863157E+018
4.274793E+018
4.045191E+018
3.947918E+018
3.364165E+018
3.179243E+018
3.050884E+018
2.857727E+018
2.523086E+018
1.964537E+018
1.529586E+018
1.20503E+018
9.138899E+017
6.015672E+017
5.288975E+017
9.671162E+017
1.182772E+018
1.624784E+018
1.947749E+018
2.115043E+018
2.61331E+018
3.136635E+018
3.233968E+018
3.715781E+018
4.006293E+018
4.347211E+018
4.680047E+018
4.766126E+018
5.12207E+018
5.387339E+018
5.650537E+018
5.915484E+018
6.158746E+018
6.413632E+018
6.671238E+018
6.760036E+018
7.369093E+018
7.254274E+018
7.980828E+018
7.577734E+018
8.003151E+018
7.958683E+018
8.01915E+018
8.239022E+018
8.30972E+018
8.547691E+018
8.530317E+018
8.885579E+018
8.799975E+018
8.702902E+018
8.676593E+018
9.012853E+018
9.130119E+018
8.708167E+018
8.784432E+018
9.349357E+018
9.009647E+018
9.011565E+018
8.790431E+018
8.939034E+018
8.574853E+018
8.551465E+018
8.428944E+018
8.357183E+018
8.363381E+018
8.37239E+018
8.201464E+018
7.981422E+018
7.591946E+018
7.601353E+018
6.969434E+018
6.81772E+018
6.798379E+018
6.702116E+018
6.131456E+018
6.011378E+018
5.995509E+018
5.461881E+018
5.180512E+018
5.101563E+018
4.628303E+018
4.386816E+018
4.08515E+018
3.949446E+018
3.600882E+018
3.340615E+018
3.074947E+018
2.777893E+018
2.500068E+018
1.893293E+018
1.588836E+018
1.314261E+018
8.547051E+017
5.540881E+017
5.457184E+017
9.052334E+017
1.229823E+018
1.60589E+018
2.012321E+018
2.319233E+018
2.662037E+018
3.229498E+018
3.176115E+018
3.78724E+018
4.030964E+018
4.409465E+018
4.603902E+018
4.985926E+018
5.342882E+018
5.423181E+018
5.760674E+018
6.07064E+018
6.033079E+018
6.406931E+018
6.668937E+018
6.926722E+018
7.255663E+018
7.42387E+018
7.700323E+018
7.640325E+018
8.091664E+018
7.836407E+018
8.068614E+018
8.738646E+018
8.373603E+018
8.318577E+018
8.321497E+018
8.720533E+018
8.924528E+018
9.089323E+018
8.941177E+018
9.434449E+018
9.600967E+018
9.648898E+018
9.597165E+018
9.240643E+018
9.205879E+018
8.899467E+018
8.80841E+018
8.723876E+018
8.602991E+018
8.768641E+018
8.777358E+018
8.085026E+018
8.193918E+018
8.231705E+018
8.235367E+018
7.704067E+018
7.338237E+018
7.519487E+018
7.486583E+018
6.794329E+018
6.671358E+018
6.463928E+018
6.393685E+018
6.102676E+018
5.799715E+018
5.572977E+018
5.344245E+018
5.23555E+018
4.61856E+018
4.662823E+018
4.234686E+018
3.96E+018
3.723163E+018
3.34721E+018
3.14898E+018
2.765921E+018
2.472508E+018
1.956113E+018
1.647328E+018
1.339165E+018
9.310893E+017
4.866893E+017
6.241384E+017
1.04338E+018
1.306322E+018
1.734356E+018
1.851939E+018
2.336847E+018
2.712823E+018
3.116935E+018
3.488286E+018
3.683266E+018
3.936887E+018
4.334962E+018
4.791295E+018
4.888018E+018
5.232632E+018
5.679601E+018
5.798974E+018
5.943563E+018
6.385106E+018
6.387689E+018
6.526016E+018
6.772226E+018
7.119645E+018
7.59879E+018
7.846641E+018
7.799293E+018
7.974674E+018
8.203547E+018
8.434236E+018
8.694639E+018
8.790098E+018
8.678781E+018
8.675095E+018
8.938858E+018
8.676182E+018
9.058735E+018
9.213984E+018
8.986316E+018
9.310369E+018
9.350987E+018
9.511058E+018
9.43026E+018
9.180455E+018
9.07301E+018
9.196269E+018
9.238776E+018
8.959531E+018
8.994499E+018
8.882783E+018
8.364378E+018
8.642467E+018
8.39241E+018
8.199993E+018
7.791125E+018
7.646817E+018
7.85757E+018
7.562835E+018
7.160578E+018
6.894654E+018
6.763402E+018
6.654985E+018
6.409405E+018
5.955924E+018
5.95927E+018
5.507103E+018
4.86044E+018
4.927703E+018
4.549629E+018
4.294854E+018
3.765742E+018
3.692404E+018
3.32611E+018
2.996794E+018
2.766418E+018
2.5077E+018
2.098672E+018
1.632971E+018
1.376645E+018
1.023164E+018
5.135175E+017
5.64363E+017
9.255037E+017
1.308769E+018
1.732934E+018
2.132844E+018
2.393155E+018
2.798332E+018
3.062507E+018
3.295399E+018
3.77375E+018
3.94118E+018
4.309847E+018
4.76429E+018
4.897416E+018
5.416006E+018
5.770423E+018
5.753914E+018
6.155192E+018
6.436591E+018
6.579614E+018
6.724601E+018
7.051392E+018
7.174823E+018
7.512344E+018
7.350836E+018
7.674091E+018
7.857418E+018
8.352678E+018
8.42845E+018
8.750324E+018
8.856676E+018
8.630576E+018
8.939119E+018
9.13508E+018
9.092539E+018
9.374594E+018
9.335169E+018
9.365154E+018
9.450088E+018
9.353891E+018
9.396321E+018
9.372669E+018
9.225409E+018
9.339565E+018
9.152945E+018
9.175639E+018
9.136786E+018
8.982817E+018
8.798332E+018
8.979874E+018
8.461569E+018
8.494387E+018
8.127297E+018
8.04866E+018
7.703983E+018
7.975936E+018
7.564301E+018
6.9544E+018
7.306371E+018
6.907921E+018
6.721536E+018
6.481591E+018
5.9433E+018
5.649443E+018
5.573915E+018
5.219688E+018
4.95783E+018
4.436906E+018
4.240193E+018
4.16291E+018
3.701412E+018
3.431372E+018
3.135677E+018
2.69571E+018
2.332506E+018
1.976894E+018
1.759105E+018
1.264946E+018
9.27153E+017
4.697895E+017
5.80767E+017
9.828806E+017
1.354716E+018
1.657556E+018
2.049053E+018
2.418571E+018
2.760132E+018
3.153477E+018
3.453354E+018
3.883541E+018
4.026399E+018
4.554533E+018
4.469554E+018
5.1408E+018
5.539206E+018
5.578689E+018
6.009825E+018
6.298971E+018
6.429732E+018
6.596082E+018
6.88142E+018
7.247029E+018
7.224275E+018
7.575951E+018
7.635098E+018
8.162094E+018
8.122582E+018
8.144974E+018
8.662337E+018
8.988298E+018
8.688258E+018
8.94899E+018
9.039654E+018
9.344876E+018
9.149112E+018
9.349539E+018
9.553856E+018
9.339105E+018
9.534321E+018
9.204586E+018
9.57947E+018
9.693636E+018
9.352088E+018
9.438416E+018
9.192657E+018
9.221008E+018
9.285283E+018
9.008609E+018
9.115221E+018
8.64796E+018
8.782759E+018
8.298307E+018
7.905202E+018
7.808305E+018
8.069241E+018
7.666995E+018
7.294303E+018
7.377413E+018
7.130065E+018
6.645957E+018
6.68396E+018
6.526362E+018
5.932787E+018
6.040628E+018
5.371818E+018
5.221759E+018
4.947395E+018
4.669532E+018
4.129073E+018
4.377235E+018
3.877344E+018
3.58838E+018
2.838151E+018
2.728091E+018
2.300775E+018
1.928308E+018
1.88581E+018
1.422185E+018
8.227732E+017
4.906377E+017
6.004637E+017
9.789614E+017
1.31845E+018
1.720311E+018
2.012866E+018
2.5138E+018
2.844933E+018
3.295029E+018
3.501584E+018
3.939906E+018
4.152127E+018
4.516485E+018
4.758104E+018
5.018866E+018
5.705828E+018
5.946459E+018
6.020451E+018
6.375902E+018
6.424119E+018
6.871339E+018
7.011221E+018
7.26642E+018
7.643885E+018
7.516047E+018
7.687324E+018
8.007504E+018
8.083032E+018
8.51114E+018
8.794234E+018
8.768375E+018
8.868336E+018
9.209985E+018
9.606228E+018
9.452723E+018
9.457239E+018
9.140711E+018
9.121027E+018
9.455905E+018
9.394536E+018
9.497379E+018
9.575998E+018
9.60181E+018
9.603924E+018
9.451197E+018
9.228655E+018
8.983304E+018
9.604769E+018
9.460157E+018
9.273704E+018
8.970938E+018
8.783451E+018
8.320582E+018
8.288986E+018
7.840124E+018
7.991642E+018
7.602757E+018
7.779767E+018
7.233141E+018
7.436395E+018
7.071824E+018
6.907168E+018
6.590136E+018
5.988768E+018
6.231085E+018
5.70932E+018
5.104825E+018
5.180617E+018
4.849605E+018
4.271773E+018
4.186787E+018
3.722837E+018
3.634234E+018
3.258142E+018
2.733444E+018
2.333324E+018
2.055696E+018
1.864991E+018
1.329668E+018
8.994635E+017
5.498281E+017
5.812836E+017
1.079081E+018
1.507638E+018
1.852382E+018
2.10738E+018
2.638509E+018
2.971203E+018
3.283169E+018
3.76878E+018
4.075054E+018
4.191097E+018
4.482334E+018
4.864512E+018
5.03322E+018
5.64008E+018
5.841306E+018
6.224033E+018
6.228568E+018
6.700738E+018
7.241519E+018
7.449384E+018
7.037241E+018
7.175271E+018
7.463576E+018
7.839455E+018
8.166079E+018
8.073754E+018
8.443289E+018
8.838358E+018
8.978641E+018
8.892444E+018
9.227809E+018
9.395996E+018
9.286554E+018
9.622393E+018
9.46644E+018
9.434749E+018
9.522354E+018
9.573409E+018
9.40893E+018
9.491421E+018
9.369848E+018
9.72435E+018
9.23046E+018
9.243462E+018
9.590424E+018
9.097905E+018
9.345515E+018
9.258179E+018
9.003207E+018
8.948908E+018
8.471077E+018
8.24855E+018
8.044283E+018
7.800389E+018
7.68788E+018
7.648869E+018
7.760456E+018
6.870315E+018
6.876289E+018
6.784985E+018
6.503788E+018
6.126946E+018
6.026257E+018
5.462819E+018
5.298189E+018
5.167995E+018
4.689413E+018
4.497125E+018
4.078298E+018
3.738327E+018
3.410086E+018
2.985981E+018
2.877101E+018
2.430647E+018
2.07528E+018
1.668713E+018
1.262831E+018
9.084943E+017
6.138231E+017
5.639702E+017
1.089074E+018
1.430796E+018
1.858261E+018
2.12763E+018
2.674602E+018
2.921078E+018
3.161292E+018
3.551791E+018
3.778332E+018
4.333969E+018
4.571856E+018
4.780224E+018
5.188055E+018
5.417194E+018
5.920696E+018
6.099622E+018
6.530429E+018
6.812664E+018
7.189567E+018
7.37723E+018
7.554574E+018
7.599594E+018
7.958945E+018
7.956543E+018
8.240739E+018
8.18664E+018
8.456718E+018
8.848111E+018
9.287292E+018
8.592392E+018
9.247722E+018
9.203828E+018
9.333178E+018
9.622005E+018
9.392132E+018
9.669867E+018
9.446439E+018
9.700013E+018
9.469837E+018
9.538606E+018
9.616388E+018
9.638485E+018
9.521117E+018
9.605243E+018
9.563185E+018
9.350149E+018
9.469938E+018
9.204573E+018
8.902505E+018
8.864973E+018
8.744963E+018
8.368801E+018
8.209981E+018
8.240977E+018
7.917903E+018
7.820341E+018
7.356454E+018
7.485128E+018
6.695675E+018
6.605055E+018
6.152499E+018
6.136276E+018
5.953967E+018
5.521625E+018
5.308525E+018
5.083715E+018
5.116997E+018
4.455074E+018
4.230264E+018
3.738891E+018
3.460569E+018
3.011322E+018
2.869607E+018
2.487453E+018
2.098576E+018
1.577603E+018
1.29261E+018
9.835136E+017
5.687955E+017
5.787156E+017
1.00501E+018
1.427099E+018
1.766725E+018
2.170687E+018
2.468446E+018
2.93286E+018
3.415925E+018
3.701332E+018
3.982984E+018
4.389369E+018
4.753609E+018
4.893624E+018
5.227781E+018
5.26312E+018
5.615999E+018
6.431027E+018
6.702393E+018
6.723227E+018
7.091802E+018
7.156097E+018
7.282034E+018
7.473348E+018
7.767907E+018
7.934214E+018
8.310246E+018
8.256626E+018
8.269677E+018
8.602999E+018
9.006665E+018
8.734097E+018
9.31911E+018
9.035867E+018
9.277651E+018
9.376737E+018
9.458983E+018
9.366668E+018
9.944813E+018
9.586387E+018
9.641466E+018
9.329643E+018
9.408964E+018
9.421534E+018
9.737271E+018
9.680148E+018
9.431985E+018
9.279825E+018
9.336707E+018
9.092417E+018
9.027258E+018
8.50028E+018
8.91183E+018
8.437185E+018
7.999906E+018
8.143468E+018
7.874825E+018
7.549315E+018
7.665902E+018
7.706309E+018
6.909128E+018
6.685223E+018
6.185362E+018
6.258988E+018
6.175836E+018
5.563481E+018
5.261857E+018
4.861325E+018
4.663666E+018
4.583232E+018
3.992377E+018
3.664631E+018
3.335895E+018
2.951629E+018
2.702718E+018
2.249662E+018
2.152582E+018
1.855051E+018
1.308029E+018
9.539106E+017
5.502742E+017
6.657623E+017
1.065657E+018
1.301463E+018
1.627922E+018
2.000964E+018
2.616816E+018
2.873612E+018
3.215506E+018
3.448777E+018
3.854663E+018
4.143229E+018
4.360757E+018
4.984346E+018
5.309239E+018
5.540669E+018
5.663915E+018
6.401793E+018
6.692861E+018
6.79175E+018
7.283435E+018
7.262659E+018
7.584748E+018
7.804086E+018
8.122012E+018
8.235606E+018
8.151134E+018
8.327652E+018
8.648433E+018
9.060291E+018
9.138978E+018
8.800249E+018
9.181847E+018
8.728731E+018
9.539599E+018
9.993851E+018
9.247087E+018
9.636949E+018
9.521145E+018
9.943673E+018
9.74272E+018
9.420708E+018
9.259173E+018
9.764238E+018
9.404187E+018
9.507176E+018
9.369205E+018
9.673024E+018
9.012002E+018
9.309978E+018
9.039027E+018
9.27926E+018
8.813043E+018
8.729603E+018
8.506544E+018
8.024274E+018
8.173776E+018
7.399155E+018
7.355428E+018
7.399015E+018
6.957637E+018
6.470291E+018
6.436174E+018
6.343752E+018
5.893313E+018
5.946608E+018
5.448543E+018
5.250749E+018
4.836416E+018
4.376587E+018
3.919386E+018
3.723134E+018
3.405055E+018
3.246489E+018
2.775324E+018
2.400165E+018
2.02117E+018
1.798339E+018
1.314196E+018
1.031882E+018
5.455389E+017
5.383119E+017
9.833421E+017
1.430455E+018
1.843879E+018
1.929526E+018
2.366397E+018
2.889311E+018
3.238569E+018
3.501445E+018
4.018754E+018
4.458368E+018
4.625132E+018
4.876453E+018
5.312074E+018
5.639089E+018
5.921784E+018
6.231374E+018
6.558883E+018
6.673465E+018
6.783033E+018
7.152988E+018
7.107954E+018
7.871006E+018
8.405353E+018
8.332435E+018
8.167518E+018
8.342979E+018
9.123205E+018
8.99459E+018
8.824381E+018
9.182421E+018
8.878068E+018
9.100793E+018
9.218309E+018
9.284763E+018
9.304091E+018
9.658435E+018
9.285689E+018
9.489932E+018
9.694121E+018
9.29343E+018
9.648385E+018
9.549426E+018
9.799179E+018
9.444777E+018
9.198546E+018
8.985573E+018
9.103226E+018
8.994305E+018
9.111993E+018
8.766164E+018
8.796634E+018
8.438832E+018
8.234131E+018
7.960428E+018
7.904366E+018
7.706386E+018
7.331011E+018
7.046968E+018
6.905734E+018
6.763319E+018
6.612759E+018
6.547542E+018
5.87658E+018
5.706909E+018
5.619135E+018
5.148097E+018
4.732417E+018
4.222401E+018
3.917151E+018
3.591122E+018
3.612981E+018
3.023584E+018
2.762491E+018
2.435736E+018
1.891388E+018
1.62941E+018
1.381181E+018
1.026146E+018
5.581528E+017
6.021393E+017
9.339422E+017
1.294834E+018
1.76069E+018
2.199136E+018
2.42007E+018
2.80503E+018
3.303453E+018
3.513735E+018
3.92431E+018
4.27668E+018
4.622138E+018
5.042592E+018
5.357285E+018
5.67262E+018
5.802023E+018
6.030213E+018
6.504297E+018
6.52803E+018
6.730517E+018
7.105869E+018
7.653033E+018
7.445694E+018
7.990541E+018
8.295662E+018
7.952596E+018
8.52737E+018
8.539651E+018
8.810244E+018
9.010662E+018
9.20783E+018
9.106467E+018
9.044797E+018
9.390391E+018
9.523092E+018
9.203702E+018
9.388796E+018
9.528165E+018
9.823282E+018
9.990159E+018
9.5041E+018
9.335949E+018
9.348419E+018
9.722827E+018
9.314683E+018
9.410009E+018
9.30091E+018
9.190263E+018
9.254031E+018
9.167041E+018
8.804023E+018
8.437072E+018
8.675158E+018
8.276262E+018
7.888506E+018
7.856701E+018
7.55656E+018
7.391541E+018
7.170971E+018
7.112272E+018
6.755987E+018
6.4676E+018
6.177466E+018
5.853249E+018
6.101623E+018
5.70437E+018
5.054784E+018
4.638983E+018
4.438511E+018
4.251706E+018
3.776975E+018
3.648435E+018
3.074136E+018
2.858145E+018
2.398048E+018
2.005951E+018
1.633167E+018
1.376748E+018
9.408705E+017
5.051109E+017
6.130147E+017
1.025057E+018
1.316362E+018
1.735932E+018
2.038448E+018
2.446751E+018
2.817055E+018
3.363965E+018
3.578719E+018
3.976536E+018
4.048971E+018
4.60198E+018
4.802507E+018
5.179871E+018
5.589067E+018
5.8192E+018
6.016689E+018
6.227057E+018
6.475008E+018
6.862102E+018
6.917598E+018
7.193569E+018
7.677956E+018
7.989215E+018
7.971546E+018
8.144541E+018
8.557637E+018
9.038839E+018
8.862086E+018
9.011957E+018
9.015027E+018
9.184623E+018
9.585162E+018
9.430084E+018
8.947566E+018
9.523334E+018
9.520678E+018
9.320781E+018
9.840966E+018
9.925497E+018
9.735233E+018
9.579868E+018
9.535922E+018
9.567714E+018
9.206345E+018
9.394067E+018
9.080213E+018
8.926732E+018
8.766985E+018
9.011562E+018
8.625623E+018
8.582966E+018
8.806713E+018
8.412452E+018
8.141809E+018
8.288858E+018
7.431628E+018
7.536354E+018
7.376931E+018
7.026057E+018
6.786238E+018
6.519828E+018
6.266079E+018
5.950639E+018
5.75169E+018
5.525832E+018
5.143136E+018
4.429388E+018
4.33762E+018
4.203065E+018
3.833045E+018
3.429843E+018
3.231779E+018
2.891676E+018
2.421303E+018
2.078502E+018
1.733985E+018
1.269027E+018
9.833748E+017
5.543202E+017
5.804195E+017
9.987341E+017
1.426499E+018
1.792595E+018
2.200336E+018
2.552854E+018
2.684888E+018
3.068546E+018
3.487607E+018
3.966311E+018
4.23684E+018
4.696745E+018
5.056431E+018
5.450452E+018
5.603926E+018
6.023564E+018
5.9676E+018
6.367415E+018
6.453263E+018
6.836444E+018
7.090724E+018
7.608395E+018
7.527306E+018
8.114785E+018
7.807076E+018
8.292503E+018
8.308722E+018
8.567033E+018
8.958861E+018
8.913134E+018
8.736796E+018
9.172991E+018
9.378914E+018
8.820685E+018
9.249827E+018
9.660138E+018
9.568301E+018
9.365996E+018
9.733813E+018
9.617902E+018
9.583428E+018
9.512418E+018
9.618336E+018
9.237841E+018
9.227338E+018
9.517365E+018
9.04256E+018
8.719458E+018
8.865946E+018
8.783802E+018
8.473778E+018
8.257986E+018
8.58219E+018
8.20736E+018
8.040123E+018
8.10393E+018
7.46567E+018
7.286687E+018
7.056687E+018
6.557349E+018
6.474171E+018
6.579479E+018
6.204903E+018
5.923882E+018
5.779312E+018
5.466618E+018
4.961754E+018
4.878547E+018
4.730035E+018
4.088199E+018
3.771169E+018
3.599111E+018
3.164992E+018
2.81744E+018
2.426541E+018
2.015987E+018
1.681437E+018
1.262692E+018
9.548417E+017
5.554412E+017
6.295416E+017
9.617989E+017
1.37743E+018
1.723868E+018
2.000032E+018
2.456036E+018
2.749162E+018
3.10811E+018
3.588307E+018
3.729896E+018
4.314974E+018
4.544145E+018
4.90838E+018
5.203421E+018
5.356289E+018
5.955757E+018
6.107191E+018
6.246694E+018
6.768454E+018
6.842731E+018
6.968192E+018
7.344163E+018
7.689333E+018
7.907971E+018
7.942392E+018
8.095445E+018
8.426134E+018
8.519914E+018
9.0622E+018
8.959029E+018
9.022288E+018
9.18763E+018
9.232219E+018
9.056437E+018
9.470022E+018
9.414583E+018
9.502414E+018
9.510586E+018
9.537695E+018
9.50972E+018
9.465488E+018
9.19889E+018
9.050094E+018
9.093326E+018
9.241171E+018
9.124126E+018
9.009392E+018
8.833184E+018
8.745054E+018
8.976778E+018
8.689109E+018
8.509517E+018
8.476236E+018
8.19419E+018
8.263048E+018
8.124389E+018
7.631847E+018
7.08216E+018
6.918176E+018
6.831058E+018
6.421854E+018
6.31167E+018
6.005235E+018
5.605371E+018
5.442099E+018
5.026735E+018
4.858505E+018
4.615225E+018
4.418209E+018
4.166051E+018
3.834912E+018
3.631463E+018
3.183572E+018
2.84683E+018
2.554293E+018
2.016387E+018
1.705112E+018
1.422842E+018
9.433511E+017
6.050055E+017
5.650455E+017
1.037173E+018
1.330028E+018
1.810756E+018
2.152182E+018
2.53293E+018
2.696902E+018
3.202398E+018
3.42868E+018
3.731369E+018
4.044149E+018
4.441457E+018
4.870468E+018
5.07274E+018
5.457029E+018
5.950217E+018
5.903698E+018
6.256193E+018
6.741867E+018
6.815898E+018
7.053774E+018
6.966036E+018
7.456603E+018
7.655417E+018
8.134901E+018
7.854988E+018
8.305197E+018
8.477867E+018
8.732473E+018
8.893835E+018
8.998127E+018
9.05544E+018
9.090138E+018
9.273734E+018
9.290195E+018
9.55844E+018
9.453685E+018
9.493473E+018
9.335642E+018
9.67086E+018
9.525973E+018
9.465869E+018
9.233988E+018
9.332758E+018
9.214085E+018
9.240233E+018
9.057037E+018
8.755095E+018
8.955286E+018
8.476369E+018
8.431823E+018
8.430477E+018
8.309481E+018
8.31441E+018
8.175058E+018
7.727052E+018
7.313887E+018
6.92647E+018
6.937664E+018
6.4443E+018
6.409331E+018
6.264597E+018
6.20354E+018
5.959052E+018
5.538787E+018
5.232017E+018
4.822972E+018
4.40677E+018
4.356818E+018
3.95655E+018
3.836999E+018
3.55406E+018
3.156142E+018
2.826205E+018
2.390608E+018
2.044868E+018
1.585773E+018
1.183256E+018
8.518987E+017
4.938108E+017
6.429447E+017
9.627611E+017
1.406983E+018
1.851733E+018
2.053126E+018
2.459256E+018
2.716604E+018
3.23431E+018
3.077887E+018
3.72641E+018
4.038874E+018
4.320981E+018
4.875274E+018
5.066504E+018
5.605205E+018
5.635399E+018
5.769681E+018
5.950793E+018
6.708284E+018
6.540832E+018
6.882439E+018
7.346964E+018
7.622086E+018
7.717772E+018
8.041023E+018
8.189374E+018
8.587226E+018
8.336216E+018
8.475657E+018
8.878049E+018
8.56098E+018
8.923712E+018
9.098265E+018
9.17764E+018
9.279047E+018
9.218376E+018
9.268247E+018
9.611976E+018
9.741407E+018
9.575274E+018
9.35633E+018
9.139858E+018
9.143879E+018
9.172572E+018
9.401287E+018
9.250295E+018
8.86294E+018
8.795489E+018
8.470387E+018
8.30909E+018
8.611259E+018
8.482002E+018
8.163723E+018
7.938302E+018
7.86123E+018
7.546733E+018
7.389397E+018
7.112064E+018
7.186642E+018
6.813896E+018
6.264136E+018
6.441565E+018
6.130004E+018
5.934831E+018
5.615254E+018
5.257515E+018
4.980321E+018
4.335169E+018
4.200681E+018
3.882885E+018
3.721002E+018
3.327053E+018
3.290135E+018
2.727892E+018
2.415055E+018
1.861727E+018
1.693213E+018
1.285655E+018
9.620736E+017
5.472668E+017
6.356663E+017
1.041333E+018
1.400423E+018
1.741233E+018
1.94252E+018
2.362985E+018
2.678072E+018
2.987986E+018
3.309198E+018
3.618201E+018
4.124375E+018
4.328329E+018
4.721929E+018
5.013514E+018
5.494184E+018
5.677322E+018
5.82341E+018
6.252298E+018
6.169304E+018
6.569332E+018
6.855846E+018
7.084783E+018
7.359584E+018
7.336369E+018
7.877432E+018
8.044989E+018
8.192226E+018
8.508038E+018
8.556711E+018
8.597982E+018
8.678429E+018
8.872508E+018
8.981451E+018
8.641816E+018
9.001903E+018
9.268981E+018
9.308282E+018
9.320257E+018
9.492557E+018
9.321915E+018
9.232207E+018
9.253259E+018
9.269981E+018
9.503571E+018
8.78515E+018
9.339318E+018
8.855923E+018
8.692871E+018
8.389711E+018
8.219818E+018
8.320167E+018
8.541048E+018
8.10788E+018
8.098385E+018
7.801214E+018
7.472653E+018
7.650786E+018
7.131369E+018
6.922086E+018
6.711184E+018
6.497978E+018
6.33112E+018
5.972549E+018
5.465739E+018
5.364869E+018
5.070228E+018
4.86315E+018
4.448749E+018
4.172338E+018
3.915669E+018
3.652258E+018
3.425773E+018
3.046764E+018
2.792776E+018
2.418918E+018
1.97444E+018
1.665954E+018
1.22718E+018
8.964228E+017
4.956411E+017
5.899199E+017
9.844571E+017
1.2906E+018
1.643389E+018
1.979438E+018
2.270506E+018
2.605108E+018
3.256949E+018
3.297896E+018
3.78681E+018
4.043916E+018
4.283041E+018
4.477609E+018
5.129348E+018
5.403589E+018
5.687996E+018
5.858381E+018
5.942515E+018
6.423996E+018
6.892854E+018
6.630198E+018
7.084179E+018
7.299712E+018
7.324411E+018
7.877684E+018
7.853113E+018
7.989445E+018
8.008244E+018
8.437414E+018
8.473275E+018
8.241425E+018
8.499253E+018
8.804044E+018
8.972286E+018
9.011712E+018
9.169716E+018
9.142564E+018
8.874488E+018
9.207921E+018
9.166072E+018
9.137478E+018
9.179562E+018
8.984026E+018
8.788782E+018
8.856794E+018
8.55261E+018
8.492288E+018
8.84285E+018
8.889193E+018
8.621401E+018
8.442831E+018
8.360936E+018
8.071949E+018
8.014606E+018
7.55505E+018
7.445329E+018
7.569602E+018
6.993654E+018
6.962088E+018
6.328884E+018
6.247354E+018
6.245395E+018
5.875888E+018
5.437799E+018
5.275699E+018
5.053201E+018
4.68614E+018
4.454801E+018
3.935749E+018
3.691904E+018
3.513075E+018
3.271034E+018
3.041897E+018
2.563721E+018
2.198872E+018
1.917006E+018
1.654253E+018
1.350064E+018
8.973368E+017
5.170886E+017
5.402998E+017
8.744179E+017
1.220463E+018
1.554172E+018
1.949236E+018
2.156118E+018
2.680666E+018
3.170861E+018
3.218288E+018
3.710271E+018
3.989236E+018
4.559942E+018
4.509318E+018
5.131529E+018
5.322041E+018
5.500083E+018
5.487339E+018
6.025797E+018
6.176766E+018
6.667438E+018
6.898779E+018
6.622029E+018
6.978572E+018
7.101305E+018
7.441516E+018
7.793237E+018
7.92716E+018
7.7008E+018
8.575206E+018
8.371471E+018
8.420716E+018
8.44321E+018
8.663257E+018
8.601387E+018
8.757725E+018
9.0991E+018
9.085735E+018
8.744239E+018
9.208011E+018
9.185697E+018
9.032925E+018
8.650129E+018
9.206782E+018
9.231777E+018
8.838406E+018
8.41899E+018
8.641711E+018
8.595811E+018
8.672946E+018
8.26775E+018
8.561484E+018
8.073539E+018
8.114612E+018
7.755094E+018
7.62351E+018
7.583105E+018
7.365725E+018
6.979759E+018
7.113123E+018
6.404877E+018
6.098249E+018
6.113521E+018
5.568479E+018
5.482034E+018
4.888332E+018
4.857279E+018
4.755824E+018
4.408661E+018
4.094189E+018
3.65187E+018
3.504667E+018
3.314844E+018
2.983542E+018
2.708416E+018
2.394749E+018
1.867664E+018
1.694918E+018
1.259354E+018
9.975686E+017
4.976843E+017
6.092427E+017
9.023522E+017
1.239717E+018
1.639388E+018
2.046829E+018
2.423761E+018
2.650428E+018
3.007138E+018
3.374176E+018
3.759144E+018
3.813212E+018
4.344287E+018
4.819045E+018
4.887341E+018
5.18617E+018
5.401914E+018
5.632655E+018
5.817312E+018
6.131789E+018
6.315346E+018
6.505889E+018
6.548277E+018
6.749774E+018
7.032243E+018
7.348562E+018
7.775555E+018
8.14266E+018
7.994718E+018
7.691053E+018
8.15166E+018
8.545433E+018
8.405759E+018
8.513131E+018
8.482504E+018
8.450066E+018
8.933316E+018
9.071453E+018
8.898887E+018
9.01245E+018
8.889877E+018
8.977103E+018
8.832792E+018
8.475952E+018
8.774769E+018
8.674937E+018
8.743709E+018
8.594539E+018
8.743144E+018
8.347416E+018
8.601461E+018
8.152597E+018
8.177109E+018
8.013713E+018
7.821264E+018
7.446263E+018
7.386113E+018
7.320928E+018
7.05504E+018
6.447413E+018
6.175403E+018
5.952698E+018
5.958406E+018
5.762867E+018
5.410623E+018
4.741241E+018
5.021303E+018
4.41052E+018
4.27945E+018
4.162401E+018
3.589809E+018
3.357443E+018
3.15908E+018
2.700308E+018
2.417166E+018
2.154715E+018
1.974634E+018
1.540444E+018
1.343687E+018
8.982589E+017
5.356963E+017
4.846249E+017
8.218399E+017
1.299578E+018
1.464269E+018
2.018289E+018
2.265764E+018
2.465018E+018
3.140823E+018
3.470288E+018
3.452012E+018
3.70746E+018
4.208024E+018
4.372252E+018
4.571756E+018
4.718186E+018
5.188109E+018
5.288479E+018
5.750125E+018
5.867181E+018
6.194315E+018
6.266535E+018
6.439316E+018
6.81452E+018
7.011538E+018
7.218749E+018
7.899878E+018
7.724109E+018
7.561877E+018
7.787774E+018
7.834898E+018
7.727612E+018
8.366325E+018
8.713281E+018
8.317479E+018
8.369781E+018
8.764091E+018
8.879233E+018
8.989207E+018
8.797374E+018
8.615936E+018
8.619707E+018
8.685278E+018
8.803143E+018
8.395741E+018
8.577795E+018
8.416427E+018
8.289724E+018
8.370082E+018
8.377039E+018
8.491052E+018
7.821874E+018
8.235905E+018
7.971877E+018
7.370331E+018
7.454829E+018
7.087368E+018
7.180448E+018
6.844545E+018
6.440216E+018
6.078335E+018
5.94632E+018
5.931465E+018
5.795937E+018
5.494031E+018
5.131477E+018
4.967439E+018
4.304949E+018
4.193065E+018
3.857991E+018
3.644486E+018
3.441905E+018
3.301016E+018
2.671486E+018
2.437095E+018
2.174521E+018
1.882821E+018
1.548165E+018
1.215516E+018
8.480785E+017
4.964602E+017
5.839547E+017
8.902849E+017
1.240435E+018
1.538074E+018
1.994225E+018
2.209922E+018
2.586416E+018
2.786909E+018
3.281074E+018
3.542216E+018
3.772512E+018
4.14034E+018
4.262931E+018
4.442812E+018
4.795779E+018
5.12793E+018
5.14849E+018
5.57418E+018
5.765208E+018
6.063513E+018
6.088685E+018
6.301842E+018
6.580777E+018
7.104816E+018
7.220469E+018
7.583915E+018
7.706143E+018
7.850574E+018
7.813113E+018
7.92328E+018
8.017151E+018
8.39801E+018
8.393118E+018
8.468157E+018
8.407104E+018
8.263252E+018
8.350743E+018
8.887007E+018
8.744447E+018
8.456295E+018
8.706934E+018
8.655886E+018
8.489239E+018
8.53436E+018
8.53698E+018
8.297515E+018
8.273646E+018
8.198789E+018
8.031601E+018
8.082979E+018
7.896584E+018
7.805535E+018
7.542096E+018
7.567816E+018
7.056248E+018
6.91658E+018
6.804929E+018
6.602983E+018
6.09701E+018
6.170666E+018
5.962445E+018
5.892716E+018
5.495767E+018
5.41623E+018
4.978297E+018
4.759157E+018
4.430074E+018
4.168127E+018
3.847219E+018
3.660328E+018
3.348578E+018
3.084806E+018
3.036124E+018
2.446356E+018
2.253419E+018
2.007982E+018
1.601852E+018
1.07801E+018
7.955498E+017
5.210147E+017
5.569812E+017
8.856713E+017
1.302555E+018
1.427455E+018
1.881379E+018
2.126152E+018
2.665206E+018
2.837925E+018
3.306983E+018
3.568611E+018
3.652715E+018
3.80332E+018
4.279622E+018
4.493142E+018
4.666822E+018
4.940811E+018
5.236215E+018
5.649033E+018
5.725089E+018
5.892772E+018
6.265683E+018
5.965978E+018
6.23756E+018
6.998905E+018
6.934194E+018
7.416208E+018
7.606287E+018
7.413025E+018
7.815506E+018
7.444962E+018
7.700074E+018
8.270301E+018
8.053818E+018
8.07299E+018
8.066027E+018
7.954158E+018
8.293703E+018
7.971955E+018
8.109985E+018
8.329526E+018
8.339793E+018
8.485204E+018
8.137064E+018
8.394549E+018
8.538247E+018
8.483011E+018
8.057054E+018
8.022932E+018
8.02937E+018
7.904199E+018
7.559528E+018
7.705094E+018
7.357301E+018
7.339402E+018
7.034644E+018
6.825408E+018
6.567099E+018
6.517362E+018
6.270019E+018
5.904129E+018
6.02397E+018
5.85415E+018
5.562451E+018
5.452445E+018
4.727591E+018
4.553139E+018
4.391474E+018
4.122856E+018
3.721407E+018
3.700884E+018
3.284768E+018
3.144581E+018
2.949585E+018
2.513872E+018
2.041986E+018
1.889121E+018
1.531206E+018
1.280189E+018
8.496557E+017
4.649294E+017
5.385403E+017
8.965886E+017
1.146035E+018
1.335943E+018
1.771841E+018
2.109867E+018
2.36119E+018
2.859616E+018
2.902323E+018
3.256834E+018
3.428074E+018
3.88544E+018
4.185874E+018
4.328211E+018
4.619209E+018
5.11907E+018
5.274245E+018
5.444869E+018
5.833318E+018
5.82213E+018
6.029357E+018
6.262114E+018
6.604936E+018
6.607027E+018
6.915628E+018
6.937567E+018
6.968512E+018
7.39232E+018
7.474506E+018
7.578891E+018
7.532926E+018
8.165803E+018
7.746804E+018
7.799693E+018
7.826136E+018
7.745212E+018
7.89888E+018
7.891829E+018
7.976158E+018
8.202194E+018
8.346831E+018
8.361173E+018
8.379119E+018
8.112142E+018
8.213616E+018
8.015278E+018
7.980342E+018
7.889517E+018
7.602831E+018
7.546563E+018
7.681524E+018
7.378512E+018
7.27237E+018
7.070879E+018
6.765301E+018
6.607378E+018
6.659201E+018
6.301726E+018
6.011642E+018
6.161822E+018
5.818632E+018
5.697098E+018
5.459997E+018
4.970896E+018
4.624836E+018
4.549349E+018
4.345341E+018
3.919829E+018
3.597599E+018
3.335791E+018
3.211666E+018
2.88316E+018
2.677638E+018
2.392832E+018
2.122816E+018
1.715128E+018
1.569502E+018
1.148744E+018
7.354379E+017
4.767329E+017
4.600698E+017
8.087559E+017
1.237838E+018
1.530512E+018
1.715651E+018
1.985554E+018
2.271864E+018
2.773689E+018
3.031509E+018
3.366388E+018
3.440525E+018
3.858406E+018
4.017171E+018
4.532105E+018
4.322663E+018
4.821551E+018
5.207762E+018
5.315989E+018
5.659379E+018
5.982544E+018
6.053216E+018
6.288067E+018
6.313366E+018
6.445429E+018
6.756062E+018
6.819635E+018
7.101134E+018
6.859093E+018
7.173765E+018
7.291786E+018
7.375674E+018
7.541633E+018
7.506282E+018
7.652385E+018
7.906666E+018
7.773118E+018
7.698507E+018
7.820015E+018
8.010361E+018
8.033058E+018
8.190789E+018
7.928774E+018
7.774428E+018
7.55294E+018
7.728925E+018
7.759902E+018
8.016206E+018
7.676712E+018
7.332711E+018
7.334325E+018
7.055542E+018
7.187085E+018
7.0122E+018
6.8178E+018
6.61534E+018
6.524826E+018
6.421311E+018
6.048174E+018
6.041954E+018
5.778487E+018
5.996414E+018
5.336708E+018
5.238486E+018
5.016492E+018
4.841944E+018
4.353931E+018
4.293412E+018
3.942469E+018
3.493179E+018
3.332551E+018
3.14853E+018
3.005937E+018
2.631191E+018
2.384453E+018
1.983142E+018
1.685231E+018
1.448943E+018
1.08558E+018
8.330629E+017
4.546224E+017
4.471823E+017
8.497018E+017
1.092502E+018
1.458169E+018
1.664189E+018
1.943371E+018
2.24989E+018
2.527474E+018
2.792305E+018
2.974673E+018
3.270368E+018
3.743787E+018
4.271663E+018
4.268055E+018
4.595138E+018
4.475214E+018
4.787457E+018
5.210618E+018
5.17635E+018
5.278073E+018
5.562277E+018
5.762676E+018
6.048522E+018
6.525589E+018
6.562117E+018
6.502508E+018
6.67675E+018
6.870764E+018
7.051233E+018
7.106345E+018
7.697406E+018
7.248528E+018
7.502006E+018
7.523693E+018
7.15179E+018
7.869786E+018
7.752964E+018
7.608346E+018
7.478383E+018
7.491194E+018
7.807733E+018
7.572969E+018
7.702862E+018
7.687E+018
7.796104E+018
7.854267E+018
7.55887E+018
7.692441E+018
7.270824E+018
7.187871E+018
7.007025E+018
6.988874E+018
6.884633E+018
6.658536E+018
6.357878E+018
6.187061E+018
6.282066E+018
6.335372E+018
5.985003E+018
5.35986E+018
5.495797E+018
5.089192E+018
4.731192E+018
4.723062E+018
4.854673E+018
4.333529E+018
4.010556E+018
3.943998E+018
3.608697E+018
3.289083E+018
2.977324E+018
2.786531E+018
2.703839E+018
2.224535E+018
1.923047E+018
1.583601E+018
1.327879E+018
1.130327E+018
7.662733E+017
4.968702E+017
5.443673E+017
7.967678E+017
1.022061E+018
1.412744E+018
1.722824E+018
1.970189E+018
2.315518E+018
2.546301E+018
2.702216E+018
3.029192E+018
3.391285E+018
3.485862E+018
3.872102E+018
4.072379E+018
4.368646E+018
4.579636E+018
4.892725E+018
5.055579E+018
5.036042E+018
5.113264E+018
5.514532E+018
5.597526E+018
6.432675E+018
6.14239E+018
6.458858E+018
6.513719E+018
6.865397E+018
6.668552E+018
6.906539E+018
6.866225E+018
6.937003E+018
7.013052E+018
7.183826E+018
7.015941E+018
6.995408E+018
7.174282E+018
7.362297E+018
7.404699E+018
7.440078E+018
7.358417E+018
7.473487E+018
7.323698E+018
7.540992E+018
7.606721E+018
7.483644E+018
7.565025E+018
7.2901E+018
7.120526E+018
6.907869E+018
6.836419E+018
6.599517E+018
6.784361E+018
6.672727E+018
6.338183E+018
6.681077E+018
6.283739E+018
6.168202E+018
5.996149E+018
5.70812E+018
5.406386E+018
5.320017E+018
5.220214E+018
4.895129E+018
4.77937E+018
4.312022E+018
4.27277E+018
4.11452E+018
3.788788E+018
3.449842E+018
3.221562E+018
2.924756E+018
2.725142E+018
2.473151E+018
2.101487E+018
1.754701E+018
1.503189E+018
1.341719E+018
1.082151E+018
7.628107E+017
4.528858E+017
5.083018E+017
7.466162E+017
1.103676E+018
1.382191E+018
1.70293E+018
1.868772E+018
2.031819E+018
2.246304E+018
2.773888E+018
2.914918E+018
3.176821E+018
3.500069E+018
3.643095E+018
4.025291E+018
4.252779E+018
4.354761E+018
4.667462E+018
5.00304E+018
4.984773E+018
5.056168E+018
5.510245E+018
5.644122E+018
5.847317E+018
5.949296E+018
6.146797E+018
6.277117E+018
6.340289E+018
6.594155E+018
6.370069E+018
6.983241E+018
6.706647E+018
6.714571E+018
7.006017E+018
6.913541E+018
6.850905E+018
7.032156E+018
7.235253E+018
7.067986E+018
7.312607E+018
7.116899E+018
7.340404E+018
7.141416E+018
7.384745E+018
7.46476E+018
7.112837E+018
7.454596E+018
7.138661E+018
6.973045E+018
7.074962E+018
6.772324E+018
6.606697E+018
6.580482E+018
6.490696E+018
6.262274E+018
6.183507E+018
5.962046E+018
5.937545E+018
5.842342E+018
5.516637E+018
5.373145E+018
5.206845E+018
4.979589E+018
4.705786E+018
4.42859E+018
4.296079E+018
3.974365E+018
3.970704E+018
3.594891E+018
3.500577E+018
3.036709E+018
3.04391E+018
2.826856E+018
2.61688E+018
2.099948E+018
1.808341E+018
1.470497E+018
1.199408E+018
9.376503E+017
6.608451E+017
5.24458E+017
4.228879E+017
7.928266E+017
1.168314E+018
1.322239E+018
1.551536E+018
1.86203E+018
1.960682E+018
2.168967E+018
2.690887E+018
2.813538E+018
3.241556E+018
3.319078E+018
3.55304E+018
4.078588E+018
4.088399E+018
4.178709E+018
4.735914E+018
4.79141E+018
4.992545E+018
5.072097E+018
5.342851E+018
5.355186E+018
5.675985E+018
5.895796E+018
5.963528E+018
6.137295E+018
6.428496E+018
6.692757E+018
6.705895E+018
6.625452E+018
6.513281E+018
6.568967E+018
6.311387E+018
6.603519E+018
6.574999E+018
6.810011E+018
6.861196E+018
7.004159E+018
7.002294E+018
6.767223E+018
6.979564E+018
7.044454E+018
7.123291E+018
7.021584E+018
6.994389E+018
7.085948E+018
6.858447E+018
7.100244E+018
6.886187E+018
6.711817E+018
6.552643E+018
6.614047E+018
6.262991E+018
6.023177E+018
5.95497E+018
5.717951E+018
5.84519E+018
5.697229E+018
5.320251E+018
5.116482E+018
4.913859E+018
4.780945E+018
4.339681E+018
4.283448E+018
4.203079E+018
3.925258E+018
3.591722E+018
3.576581E+018
3.259056E+018
2.982135E+018
3.025502E+018
2.751044E+018
2.432136E+018
2.114593E+018
1.663775E+018
1.353915E+018
1.178087E+018
1.080629E+018
6.77227E+017
4.350527E+017
4.492251E+017
6.449134E+017
1.087151E+018
1.343246E+018
1.598342E+018
1.864544E+018
1.861006E+018
2.240038E+018
2.455761E+018
2.758585E+018
3.072858E+018
3.234492E+018
3.341733E+018
3.564895E+018
3.883911E+018
4.051339E+018
4.332931E+018
4.5736E+018
4.914398E+018
4.963482E+018
5.274325E+018
4.93999E+018
5.528752E+018
5.471502E+018
5.824782E+018
5.890744E+018
6.149183E+018
6.220127E+018
6.244131E+018
6.344926E+018
6.447583E+018
5.933275E+018
6.176634E+018
6.364861E+018
6.508134E+018
6.581412E+018
6.6354E+018
6.806251E+018
6.690961E+018
6.780146E+018
6.597237E+018
7.115443E+018
6.338159E+018
7.152207E+018
6.749968E+018
6.762688E+018
6.774377E+018
6.807342E+018
6.794513E+018
6.630456E+018
6.368956E+018
6.305611E+018
6.272634E+018
5.811223E+018
5.551943E+018
5.555038E+018
5.650589E+018
5.328634E+018
5.267616E+018
5.056033E+018
4.853597E+018
4.665341E+018
4.501238E+018
4.35808E+018
3.92478E+018
3.782013E+018
3.642053E+018
3.411742E+018
3.32157E+018
2.937271E+018
2.70139E+018
2.515318E+018
2.361589E+018
2.061127E+018
1.648206E+018
1.336458E+018
1.265516E+018
9.825039E+017
6.202754E+017
3.612726E+017
3.88256E+017
6.711137E+017
9.314362E+017
1.20196E+018
1.485354E+018
1.611722E+018
1.816693E+018
2.064993E+018
2.460627E+018
2.642516E+018
3.129637E+018
3.224521E+018
3.313537E+018
3.360668E+018
3.685009E+018
3.718732E+018
4.021531E+018
4.098375E+018
4.419273E+018
4.576442E+018
4.593503E+018
5.123299E+018
5.116108E+018
5.454378E+018
5.628528E+018
5.787755E+018
5.866102E+018
5.915354E+018
5.745335E+018
6.220419E+018
6.321705E+018
5.972933E+018
6.186364E+018
6.242088E+018
6.033007E+018
6.186626E+018
6.391102E+018
6.552277E+018
6.575662E+018
6.560646E+018
7.009951E+018
6.76868E+018
6.665046E+018
6.649649E+018
6.359322E+018
6.435331E+018
6.414838E+018
6.191938E+018
6.701486E+018
6.416225E+018
6.063159E+018
5.836307E+018
5.854917E+018
5.605604E+018
5.614598E+018
5.735579E+018
5.397672E+018
5.185619E+018
4.703745E+018
4.612972E+018
4.740772E+018
4.667951E+018
4.383304E+018
4.189321E+018
3.97237E+018
3.774275E+018
3.575704E+018
3.229702E+018
3.141659E+018
2.712682E+018
2.485027E+018
2.33634E+018
2.123224E+018
1.825121E+018
1.623891E+018
1.396909E+018
1.188344E+018
8.985481E+017
6.87029E+017
3.298569E+017
3.693336E+017
6.12161E+017
8.926518E+017
1.10712E+018
1.348657E+018
1.665767E+018
1.802171E+018
2.241311E+018
2.399521E+018
2.467726E+018
2.921063E+018
3.150263E+018
3.088931E+018
3.201263E+018
3.634279E+018
3.72388E+018
4.006443E+018
4.266402E+018
4.122792E+018
4.368583E+018
4.600451E+018
4.745039E+018
4.815441E+018
5.017326E+018
5.396274E+018
5.272371E+018
5.63202E+018
5.778818E+018
5.787931E+018
5.760764E+018
5.91273E+018
5.710907E+018
6.002017E+018
6.084524E+018
5.996775E+018
6.129218E+018
6.332944E+018
6.3486E+018
6.244666E+018
6.345472E+018
6.415837E+018
6.317863E+018
6.125768E+018
6.242891E+018
6.286844E+018
6.258841E+018
6.18971E+018
6.095808E+018
6.045921E+018
5.697369E+018
5.600044E+018
5.726093E+018
5.779006E+018
5.356762E+018
5.361438E+018
5.360839E+018
4.933098E+018
4.79517E+018
4.873432E+018
4.460544E+018
4.684839E+018
4.445768E+018
4.311072E+018
4.108774E+018
3.828519E+018
3.669878E+018
3.32057E+018
3.408003E+018
2.941093E+018
2.758626E+018
2.576658E+018
2.286145E+018
2.071746E+018
1.795396E+018
1.648313E+018
1.471748E+018
1.106686E+018
7.693861E+017
5.975909E+017
3.864196E+017
3.912687E+017
6.079694E+017
7.776534E+017
1.14925E+018
1.258075E+018
1.481552E+018
1.761665E+018
2.026165E+018
2.320144E+018
2.579114E+018
2.622052E+018
2.783928E+018
3.04675E+018
3.249966E+018
3.499931E+018
3.607886E+018
3.779369E+018
4.050099E+018
4.366546E+018
4.305168E+018
4.724861E+018
4.691081E+018
4.6044E+018
4.710259E+018
4.931583E+018
4.901759E+018
5.199582E+018
5.298059E+018
5.471022E+018
5.445016E+018
5.230297E+018
5.738952E+018
5.666236E+018
5.599179E+018
5.790278E+018
5.799122E+018
5.937109E+018
5.938835E+018
6.078779E+018
6.272501E+018
6.05105E+018
6.126132E+018
5.80761E+018
5.790836E+018
5.998246E+018
5.658555E+018
5.74897E+018
5.564105E+018
5.578503E+018
5.71547E+018
5.588878E+018
5.549179E+018
5.214487E+018
5.166573E+018
5.162297E+018
4.798505E+018
5.005115E+018
4.516912E+018
4.656826E+018
4.487592E+018
4.155283E+018
4.299111E+018
3.904247E+018
3.767907E+018
3.470345E+018
3.588465E+018
3.235313E+018
2.834508E+018
2.731678E+018
2.457232E+018
2.542265E+018
2.218489E+018
1.991796E+018
1.796953E+018
1.593786E+018
1.54507E+018
9.9868E+017
8.066002E+017
6.243237E+017
3.586206E+017
3.726849E+017
5.477365E+017
8.133747E+017
1.055199E+018
1.350315E+018
1.60842E+018
1.716411E+018
1.909489E+018
2.149191E+018
2.401584E+018
2.461368E+018
2.612699E+018
2.828617E+018
3.208446E+018
3.370875E+018
3.408519E+018
3.697637E+018
3.924926E+018
4.147454E+018
4.109279E+018
4.324653E+018
4.354519E+018
4.477344E+018
4.671773E+018
4.684248E+018
4.804614E+018
4.989837E+018
5.133346E+018
5.079836E+018
5.02501E+018
5.205397E+018
5.33751E+018
5.391635E+018
5.534349E+018
5.41678E+018
5.77936E+018
5.719565E+018
5.600722E+018
5.724179E+018
5.541455E+018
5.640961E+018
5.667256E+018
5.768328E+018
5.434445E+018
5.698265E+018
5.444653E+018
5.548016E+018
5.659719E+018
5.428508E+018
5.347118E+018
5.464177E+018
5.174812E+018
5.104383E+018
5.220275E+018
5.013869E+018
4.725913E+018
4.78111E+018
4.541411E+018
4.519082E+018
4.187226E+018
4.101651E+018
4.065198E+018
3.95239E+018
3.679861E+018
3.372375E+018
3.4422E+018
3.206842E+018
2.941855E+018
2.832816E+018
2.67645E+018
2.365968E+018
2.149202E+018
1.867824E+018
1.901251E+018
1.602526E+018
1.291011E+018
9.118922E+017
7.532749E+017
5.68532E+017
3.366026E+017
3.263474E+017
6.342632E+017
8.668591E+017
1.027376E+018
1.291807E+018
1.582858E+018
1.815029E+018
1.84217E+018
2.102187E+018
2.205701E+018
2.589184E+018
2.621331E+018
2.923751E+018
3.144472E+018
3.076459E+018
3.172992E+018
3.676934E+018
3.835261E+018
3.848166E+018
3.843619E+018
3.996795E+018
4.06306E+018
4.517552E+018
4.528845E+018
4.507677E+018
4.492751E+018
4.716461E+018
4.755399E+018
4.711561E+018
4.836968E+018
4.959656E+018
4.968992E+018
5.178315E+018
5.330745E+018
5.434164E+018
5.138365E+018
5.296559E+018
5.371539E+018
5.641441E+018
5.450199E+018
5.384404E+018
5.157234E+018
5.355183E+018
5.220267E+018
5.292087E+018
5.142425E+018
5.494805E+018
5.307613E+018
5.083759E+018
4.854769E+018
5.054708E+018
4.849798E+018
4.762096E+018
4.934989E+018
4.648527E+018
4.4587E+018
4.501272E+018
4.299253E+018
4.457087E+018
4.066358E+018
3.976341E+018
3.73685E+018
3.573588E+018
3.461185E+018
3.074457E+018
3.155286E+018
3.047943E+018
2.980578E+018
2.61627E+018
2.495716E+018
2.218084E+018
1.962607E+018
1.754599E+018
1.731644E+018
1.444842E+018
1.330939E+018
9.290201E+017
6.720563E+017
5.48918E+017
3.427618E+017
2.823033E+017
5.791934E+017
7.608289E+017
9.382513E+017
1.111602E+018
1.388235E+018
1.706888E+018
1.967689E+018
1.901154E+018
2.07449E+018
2.328535E+018
2.557742E+018
2.690783E+018
2.827305E+018
2.986795E+018
3.243291E+018
3.461919E+018
3.437489E+018
3.434953E+018
3.707239E+018
3.765169E+018
4.033525E+018
4.318113E+018
4.279317E+018
4.268975E+018
4.496343E+018
4.651067E+018
4.490076E+018
4.713749E+018
4.366594E+018
4.673608E+018
4.671611E+018
4.958641E+018
4.922525E+018
5.154937E+018
5.042669E+018
4.946116E+018
4.917791E+018
4.954295E+018
5.123482E+018
5.055759E+018
5.040775E+018
5.051929E+018
4.965464E+018
4.920785E+018
4.85784E+018
5.233575E+018
5.297573E+018
4.807892E+018
4.794743E+018
4.642372E+018
4.690472E+018
4.531074E+018
4.610166E+018
4.508747E+018
4.165477E+018
4.199402E+018
4.161877E+018
3.913223E+018
3.958678E+018
3.909498E+018
3.431959E+018
3.478007E+018
3.330061E+018
2.921394E+018
3.05595E+018
2.981261E+018
2.825656E+018
2.565095E+018
2.23904E+018
2.255108E+018
1.976336E+018
1.696739E+018
1.533816E+018
1.320366E+018
1.183519E+018
9.398763E+017
7.179448E+017
5.955188E+017
3.289551E+017
2.842967E+017
5.054977E+017
6.932337E+017
9.125256E+017
1.251314E+018
1.315389E+018
1.50214E+018
1.542384E+018
1.815049E+018
1.881385E+018
2.125464E+018
2.389786E+018
2.452876E+018
2.605751E+018
2.794487E+018
2.916416E+018
3.135448E+018
3.0795E+018
3.258672E+018
3.57973E+018
3.555084E+018
3.653195E+018
3.817121E+018
4.228934E+018
4.126373E+018
4.166502E+018
4.241265E+018
4.133668E+018
4.226347E+018
4.375164E+018
4.491697E+018
4.514045E+018
4.613351E+018
4.701022E+018
4.452006E+018
4.685658E+018
4.911834E+018
4.699306E+018
4.742321E+018
4.801564E+018
4.79856E+018
4.74906E+018
4.730247E+018
4.72759E+018
4.649936E+018
4.869108E+018
4.740607E+018
4.919686E+018
4.417538E+018
4.477653E+018
4.424669E+018
4.591835E+018
4.237785E+018
4.121816E+018
4.175724E+018
4.14988E+018
4.146229E+018
4.057968E+018
3.766351E+018
3.516825E+018
3.500521E+018
3.274913E+018
3.160664E+018
3.025448E+018
3.15143E+018
2.859741E+018
2.759932E+018
2.476437E+018
2.304817E+018
2.092267E+018
1.99053E+018
1.724731E+018
1.437745E+018
1.430629E+018
1.369411E+018
1.109521E+018
7.56991E+017
6.679882E+017
4.435334E+017
3.104624E+017
2.62745E+017
4.371104E+017
6.708399E+017
8.757721E+017
9.190522E+017
1.227151E+018
1.468431E+018
1.576456E+018
1.752398E+018
1.812087E+018
2.051444E+018
2.046518E+018
2.187536E+018
2.354955E+018
2.745198E+018
2.749701E+018
2.797753E+018
2.925542E+018
3.118679E+018
3.278936E+018
3.276973E+018
3.374096E+018
3.591657E+018
3.715732E+018
3.507735E+018
3.600091E+018
3.770858E+018
3.743428E+018
4.083232E+018
4.123082E+018
3.900676E+018
4.078549E+018
4.15348E+018
4.201015E+018
4.407997E+018
4.303517E+018
4.381913E+018
4.400204E+018
4.527707E+018
4.446322E+018
4.479497E+018
4.620455E+018
4.266464E+018
4.440905E+018
4.343799E+018
4.267615E+018
4.302932E+018
3.995157E+018
4.140489E+018
4.086935E+018
4.181484E+018
4.162516E+018
4.08257E+018
3.847407E+018
3.954069E+018
3.785655E+018
3.818628E+018
3.695051E+018
3.710274E+018
3.403797E+018
3.335957E+018
2.993537E+018
2.985442E+018
2.726857E+018
2.898659E+018
2.628708E+018
2.33358E+018
2.319326E+018
2.243961E+018
2.029893E+018
1.810832E+018
1.69331E+018
1.352367E+018
1.267046E+018
1.124448E+018
9.437479E+017
8.801133E+017
5.880426E+017
4.507425E+017
2.861556E+017
2.709346E+017
4.621802E+017
5.821881E+017
6.873173E+017
8.993604E+017
1.101179E+018
1.247915E+018
1.467341E+018
1.613043E+018
1.976122E+018
1.842185E+018
1.889309E+018
2.222834E+018
2.381072E+018
2.460588E+018
2.597611E+018
2.642315E+018
2.832037E+018
2.824122E+018
2.736333E+018
2.800717E+018
3.306462E+018
3.616285E+018
3.518075E+018
3.377954E+018
3.576597E+018
3.597047E+018
3.49405E+018
3.652295E+018
3.82646E+018
3.705366E+018
3.909438E+018
3.854972E+018
3.944488E+018
3.855558E+018
3.879041E+018
3.914003E+018
3.918919E+018
4.139123E+018
4.173789E+018
4.242556E+018
4.177943E+018
4.022737E+018
4.136083E+018
4.22637E+018
3.989516E+018
3.973495E+018
3.782416E+018
3.994721E+018
4.094645E+018
3.849058E+018
3.694801E+018
3.840165E+018
3.789412E+018
3.749887E+018
3.625981E+018
3.413341E+018
3.454814E+018
3.251984E+018
3.096976E+018
3.00605E+018
2.889503E+018
2.678125E+018
2.72097E+018
2.762423E+018
2.522219E+018
2.293806E+018
2.132485E+018
1.972222E+018
1.923205E+018
1.802071E+018
1.577731E+018
1.341575E+018
1.267669E+018
1.072262E+018
8.509395E+017
7.976476E+017
5.918583E+017
4.502422E+017
2.703432E+017
2.313451E+017
3.910446E+017
5.166247E+017
6.737095E+017
8.807567E+017
1.00778E+018
1.202969E+018
1.323382E+018
1.40455E+018
1.685223E+018
1.725179E+018
1.78289E+018
1.96685E+018
1.956348E+018
2.197456E+018
2.360519E+018
2.556109E+018
2.567931E+018
2.586051E+018
2.653604E+018
2.76204E+018
2.893355E+018
3.030649E+018
3.158085E+018
3.133318E+018
3.186708E+018
3.336238E+018
3.564982E+018
3.339426E+018
3.611919E+018
3.718647E+018
3.604284E+018
3.467445E+018
3.567448E+018
3.568412E+018
3.870881E+018
3.679728E+018
3.660381E+018
3.822383E+018
3.624123E+018
3.656056E+018
3.779241E+018
3.899481E+018
3.807219E+018
3.786456E+018
3.691454E+018
3.581971E+018
3.727385E+018
3.52768E+018
3.456183E+018
3.640029E+018
3.662419E+018
3.367795E+018
3.337569E+018
3.556555E+018
3.340317E+018
3.250551E+018
3.05575E+018
3.155148E+018
3.110915E+018
2.824845E+018
2.654604E+018
2.659598E+018
2.510542E+018
2.271538E+018
2.037442E+018
2.118127E+018
2.136557E+018
2.003012E+018
1.702739E+018
1.674044E+018
1.53952E+018
1.31855E+018
1.091094E+018
1.071249E+018
8.164243E+017
7.427012E+017
5.710264E+017
3.992279E+017
2.607828E+017
2.069998E+017
3.262566E+017
5.086679E+017
7.014926E+017
7.730847E+017
8.927253E+017
1.097005E+018
1.215636E+018
1.410296E+018
1.454373E+018
1.589472E+018
1.765164E+018
1.804953E+018
1.828083E+018
2.10946E+018
2.131801E+018
2.265548E+018
2.345318E+018
2.435471E+018
2.41333E+018
2.456557E+018
2.761853E+018
2.633508E+018
2.91827E+018
3.017676E+018
2.991104E+018
2.885721E+018
3.081605E+018
3.246906E+018
3.175109E+018
3.270191E+018
3.199642E+018
3.455366E+018
2.997693E+018
3.344664E+018
3.373771E+018
3.344063E+018
3.370175E+018
3.283554E+018
3.318935E+018
3.405645E+018
3.288691E+018
3.420854E+018
3.429814E+018
3.332541E+018
3.463568E+018
3.248197E+018
3.226684E+018
3.311586E+018
3.276354E+018
3.226884E+018
3.209579E+018
3.146534E+018
3.111976E+018
3.197536E+018
2.832655E+018
2.954677E+018
2.879877E+018
2.751751E+018
2.61877E+018
2.710069E+018
2.548193E+018
2.163754E+018
2.13867E+018
2.109985E+018
1.976218E+018
1.913673E+018
1.609562E+018
1.763468E+018
1.575755E+018
1.502871E+018
1.273699E+018
1.23215E+018
9.693344E+017
9.216854E+017
7.95632E+017
7.46807E+017
5.133156E+017
3.508962E+017
2.303281E+017
1.991825E+017
3.362175E+017
3.767203E+017
5.465388E+017
6.060761E+017
8.264303E+017
8.737314E+017
1.110962E+018
1.141556E+018
1.330939E+018
1.366582E+018
1.474021E+018
1.729097E+018
1.896814E+018
1.807487E+018
1.894169E+018
1.972346E+018
2.141525E+018
2.121838E+018
2.236313E+018
2.311543E+018
2.440059E+018
2.496109E+018
2.75269E+018
2.834025E+018
2.540537E+018
2.572514E+018
2.84742E+018
2.702899E+018
2.920818E+018
2.759891E+018
2.969195E+018
2.94725E+018
2.968517E+018
2.953291E+018
3.024118E+018
3.059068E+018
3.051327E+018
3.111487E+018
3.023191E+018
3.116543E+018
3.109434E+018
3.079915E+018
3.161761E+018
2.990745E+018
3.192168E+018
2.882028E+018
2.859085E+018
2.899526E+018
2.821219E+018
2.920402E+018
2.970807E+018
2.968298E+018
2.703973E+018
2.596069E+018
2.740333E+018
2.823301E+018
2.730389E+018
2.587697E+018
2.454829E+018
2.422368E+018
2.13966E+018
2.189264E+018
2.050672E+018
1.986322E+018
1.863998E+018
1.658133E+018
1.587514E+018
1.424581E+018
1.331155E+018
1.345902E+018
1.142962E+018
1.068745E+018
8.958077E+017
6.902487E+017
6.076554E+017
5.439066E+017
5.221281E+017
3.251997E+017
2.378655E+017
1.651441E+017
2.857649E+017
3.994632E+017
4.597512E+017
6.168264E+017
8.037695E+017
7.903896E+017
9.196581E+017
9.532573E+017
1.177753E+018
1.194433E+018
1.314396E+018
1.388339E+018
1.732447E+018
1.784484E+018
1.558618E+018
1.646411E+018
2.00278E+018
2.012319E+018
2.105637E+018
1.979609E+018
2.060783E+018
2.120406E+018
2.286524E+018
2.202958E+018
2.283597E+018
2.295482E+018
2.356239E+018
2.515987E+018
2.426686E+018
2.488932E+018
2.608846E+018
2.767989E+018
2.75081E+018
2.768746E+018
2.548507E+018
2.699851E+018
2.762817E+018
2.831811E+018
2.832516E+018
2.781818E+018
2.964788E+018
2.940072E+018
2.753858E+018
2.825194E+018
2.636249E+018
2.613893E+018
2.786817E+018
2.656844E+018
2.576675E+018
2.665179E+018
2.550003E+018
2.482258E+018
2.526274E+018
2.209511E+018
2.371593E+018
2.522494E+018
2.342978E+018
2.221086E+018
2.174648E+018
1.921908E+018
1.914934E+018
1.848545E+018
1.640901E+018
1.630711E+018
1.692058E+018
1.548868E+018
1.511974E+018
1.346135E+018
1.151144E+018
1.216901E+018
1.12786E+018
9.909938E+017
8.05666E+017
7.258361E+017
5.817568E+017
5.063531E+017
3.830144E+017
2.707241E+017
1.491497E+017
1.653789E+017
2.470586E+017
3.191472E+017
3.643742E+017
4.933119E+017
5.953744E+017
6.954716E+017
8.288943E+017
9.054013E+017
9.016075E+017
1.066389E+018
1.162318E+018
1.151507E+018
1.298489E+018
1.398476E+018
1.457631E+018
1.493989E+018
1.614241E+018
1.641923E+018
1.723906E+018
1.706951E+018
1.917363E+018
1.981967E+018
1.960787E+018
1.996312E+018
1.92443E+018
2.080791E+018
2.209647E+018
2.022943E+018
2.184242E+018
2.185009E+018
2.173626E+018
2.423059E+018
2.313455E+018
2.334206E+018
2.360776E+018
2.435967E+018
2.348656E+018
2.522812E+018
2.467502E+018
2.618634E+018
2.565231E+018
2.330982E+018
2.243765E+018
2.438423E+018
2.376125E+018
2.17796E+018
2.384363E+018
2.568538E+018
2.427576E+018
2.377744E+018
2.245324E+018
2.219633E+018
2.188598E+018
2.135469E+018
2.231898E+018
2.13883E+018
2.149958E+018
1.888557E+018
1.864795E+018
1.97026E+018
1.570228E+018
1.638137E+018
1.531941E+018
1.409286E+018
1.468713E+018
1.334758E+018
1.282484E+018
1.11083E+018
1.101122E+018
1.034072E+018
9.774021E+017
8.167699E+017
6.281079E+017
6.378095E+017
5.636698E+017
4.352267E+017
3.483783E+017
2.00017E+017
1.506011E+017
1.16676E+017
1.812806E+017
2.896655E+017
2.693994E+017
3.77956E+017
5.079727E+017
5.171294E+017
6.987253E+017
7.414193E+017
8.219806E+017
8.735457E+017
1.065642E+018
9.822829E+017
1.111248E+018
1.116391E+018
1.096402E+018
1.328716E+018
1.409216E+018
1.530443E+018
1.484347E+018
1.56109E+018
1.657667E+018
1.470704E+018
1.709141E+018
1.596529E+018
1.68169E+018
1.827157E+018
1.760343E+018
1.850944E+018
2.010088E+018
2.033132E+018
1.980468E+018
2.100489E+018
2.094169E+018
2.02667E+018
1.996077E+018
1.871882E+018
1.987427E+018
2.061167E+018
2.197806E+018
2.443794E+018
2.116581E+018
2.053778E+018
2.028697E+018
1.986289E+018
1.931857E+018
1.891057E+018
2.183939E+018
2.031888E+018
2.076596E+018
1.886874E+018
1.986584E+018
2.054357E+018
1.701015E+018
1.77322E+018
1.736522E+018
1.598507E+018
1.633133E+018
1.731901E+018
1.645238E+018
1.439408E+018
1.554844E+018
1.497496E+018
1.348364E+018
1.31157E+018
1.306257E+018
1.223987E+018
1.101855E+018
1.058423E+018
9.268599E+017
8.098748E+017
7.86925E+017
6.849043E+017
5.846455E+017
6.37703E+017
4.786337E+017
3.565594E+017
3.387414E+017
2.479519E+017
1.157375E+017
8.630602E+016
1.908453E+017
2.060106E+017
3.101979E+017
3.315357E+017
4.238557E+017
4.882236E+017
5.323686E+017
6.464075E+017
6.469914E+017
7.302178E+017
8.944533E+017
9.317535E+017
9.527259E+017
9.194478E+017
1.081555E+018
1.297292E+018
1.248223E+018
1.103443E+018
1.224638E+018
1.382308E+018
1.341171E+018
1.347759E+018
1.388767E+018
1.428546E+018
1.389933E+018
1.431965E+018
1.473905E+018
1.467369E+018
1.581688E+018
1.582834E+018
1.625552E+018
1.621823E+018
1.783146E+018
1.660797E+018
1.768618E+018
1.691245E+018
1.565502E+018
1.668398E+018
1.749363E+018
1.862719E+018
1.683439E+018
1.736782E+018
1.666624E+018
1.890194E+018
1.778925E+018
1.608253E+018
1.763396E+018
1.749585E+018
1.678253E+018
1.603103E+018
1.481002E+018
1.628621E+018
1.488793E+018
1.510083E+018
1.516961E+018
1.46358E+018
1.367346E+018
1.489073E+018
1.246055E+018
1.179712E+018
1.104663E+018
1.154789E+018
1.103068E+018
1.108964E+018
9.149059E+017
1.022875E+018
9.602475E+017
9.397728E+017
7.376328E+017
6.829797E+017
6.65611E+017
5.520777E+017
5.314037E+017
5.512553E+017
3.638113E+017
3.555725E+017
2.311439E+017
1.704765E+017
1.421031E+017
6.351209E+016
1.634039E+017
1.808065E+017
2.812058E+017
2.970355E+017
3.257188E+017
3.548024E+017
4.6251E+017
5.101976E+017
5.668894E+017
5.687794E+017
6.399578E+017
6.694852E+017
8.005783E+017
8.192365E+017
9.96718E+017
9.951018E+017
9.702423E+017
9.235778E+017
1.205935E+018
1.061976E+018
1.093241E+018
1.116778E+018
1.025761E+018
1.109116E+018
1.165154E+018
1.070513E+018
1.227757E+018
1.222785E+018
1.304863E+018
1.278443E+018
1.410229E+018
1.243106E+018
1.490414E+018
1.406541E+018
1.220288E+018
1.268401E+018
1.308883E+018
1.211432E+018
1.392052E+018
1.339665E+018
1.317422E+018
1.441001E+018
1.352863E+018
1.275511E+018
1.365889E+018
1.319706E+018
1.321026E+018
1.412555E+018
1.314478E+018
1.161156E+018
1.207227E+018
1.199806E+018
1.215384E+018
1.30153E+018
1.192681E+018
1.143537E+018
1.155266E+018
1.172636E+018
1.037837E+018
9.443926E+017
9.607008E+017
8.266547E+017
8.640481E+017
8.222744E+017
8.347596E+017
7.501534E+017
7.081966E+017
7.623931E+017
6.866972E+017
6.110412E+017
5.288383E+017
4.754661E+017
4.413353E+017
3.719185E+017
3.239769E+017
2.607767E+017
1.89739E+017
1.018946E+017
1.082276E+017
5.028142E+016
1.096679E+017
1.103734E+017
1.458272E+017
2.110682E+017
2.808254E+017
2.597702E+017
3.033803E+017
3.474427E+017
3.319164E+017
4.6874E+017
4.311611E+017
5.616526E+017
5.45215E+017
5.811654E+017
5.886647E+017
6.421667E+017
6.74198E+017
6.378614E+017
7.330692E+017
7.66518E+017
8.200643E+017
7.628476E+017
8.108549E+017
8.668254E+017
8.629217E+017
8.35463E+017
8.649973E+017
9.701268E+017
9.503796E+017
9.737632E+017
9.766562E+017
9.57864E+017
9.644492E+017
9.790634E+017
9.521041E+017
9.122447E+017
1.048932E+018
9.374509E+017
9.860154E+017
9.623272E+017
9.647823E+017
1.038851E+018
9.360679E+017
1.023922E+018
9.114744E+017
9.308731E+017
9.804754E+017
9.183166E+017
9.575285E+017
8.767629E+017
8.519459E+017
7.545724E+017
8.536511E+017
7.897721E+017
6.810009E+017
8.68693E+017
8.331497E+017
7.959322E+017
8.715852E+017
7.77604E+017
7.165338E+017
6.177391E+017
6.444981E+017
7.130028E+017
5.608035E+017
5.124798E+017
5.807626E+017
5.503016E+017
4.721125E+017
3.720939E+017
4.107382E+017
3.604995E+017
2.888802E+017
2.720489E+017
2.876677E+017
2.066738E+017
1.41304E+017
1.126285E+017
7.455843E+016
3.50322E+016
5.971188E+016
5.658032E+016
1.223472E+017
1.517079E+017
1.339896E+017
1.427311E+017
1.90149E+017
2.219158E+017
1.907749E+017
2.293607E+017
2.213159E+017
3.143968E+017
3.296823E+017
3.507012E+017
3.09608E+017
4.054672E+017
4.122338E+017
4.159085E+017
4.366501E+017
4.212009E+017
3.98723E+017
5.001547E+017
5.00093E+017
5.813186E+017
4.653204E+017
4.951123E+017
5.560101E+017
5.171198E+017
6.306943E+017
6.168255E+017
6.186965E+017
5.495259E+017
5.499759E+017
5.680036E+017
4.745589E+017
5.995478E+017
5.413804E+017
5.620808E+017
5.831548E+017
6.250865E+017
6.021904E+017
6.953695E+017
5.466108E+017
5.053087E+017
6.701227E+017
5.911432E+017
5.242896E+017
5.258548E+017
5.171022E+017
6.036698E+017
6.12776E+017
5.495959E+017
5.006791E+017
4.913577E+017
4.588175E+017
5.275952E+017
4.694015E+017
5.001852E+017
4.62623E+017
5.120811E+017
3.79666E+017
4.200646E+017
3.536292E+017
3.393468E+017
3.667759E+017
3.258986E+017
4.066024E+017
2.828686E+017
3.023272E+017
2.228506E+017
2.999102E+017
2.051835E+017
1.347411E+017
1.414691E+017
1.626477E+017
7.774362E+016
7.15955E+016
7.483911E+016
4.64523E+016
); 
boundaryField
{
    movingWall
    {
        type           fixedValue; //fixedGradient;//fixedValue;
        //gradient        uniform 0; 

        value           uniform 0;
        
    }
   
  

    fixedWalls
    {
        type            fixedValue;
       value       uniform 0; 
    }

    frontAndBack
    {
        type            empty;
    }

}
