/*--------------------------------*- C++ -*----------------------------------*\
| =========                 |                                                 |
| \\      /  F ield         | OpenFOAM: The Open Source CFD Toolbox           |
|  \\    /   O peration     | Version:  v1806                                 |
|   \\  /    A nd           | Web:      www.OpenFOAM.com                      |
|    \\/     M anipulation  |                                                 |
\*---------------------------------------------------------------------------*/
FoamFile
{
    version     2.0;
    format      ascii;
    class       volScalarField;
    object      dnp3;
}
// * * * * * * * * * * * * * * * * * * * * * * * * * * * * * * * * * * * * * //

dimensions      [0 -3 0 0 0 0 0];

internalField   nonuniform List<scalar> 
6400
(
1.904883E+016
2.843004E+016
4.488249E+016
6.280786E+016
6.502326E+016
6.39178E+016
7.851532E+016
1.023642E+017
1.141476E+017
1.070434E+017
8.983504E+016
1.222788E+017
1.346177E+017
1.314139E+017
1.3014E+017
1.943176E+017
1.798167E+017
1.622881E+017
1.510147E+017
1.928709E+017
1.983767E+017
2.270018E+017
2.123623E+017
2.160614E+017
2.185314E+017
2.355272E+017
2.334806E+017
2.797984E+017
2.559671E+017
2.456455E+017
2.457592E+017
2.707246E+017
2.476807E+017
2.570109E+017
2.776458E+017
2.594532E+017
2.4662E+017
2.273563E+017
2.588845E+017
2.598002E+017
2.320166E+017
2.458495E+017
2.433423E+017
2.696876E+017
2.668699E+017
2.404868E+017
2.592106E+017
2.516364E+017
2.453683E+017
2.754535E+017
2.505682E+017
2.701037E+017
2.485045E+017
2.247338E+017
2.011016E+017
1.877228E+017
1.913536E+017
1.75193E+017
2.040761E+017
1.884501E+017
1.864126E+017
1.884947E+017
1.790914E+017
1.688978E+017
1.686892E+017
1.426147E+017
1.281334E+017
1.505446E+017
1.082757E+017
1.031341E+017
9.291241E+016
9.903209E+016
8.736887E+016
9.092302E+016
7.902497E+016
7.06634E+016
4.910845E+016
3.231909E+016
2.975876E+016
1.340107E+016
3.380461E+016
5.472377E+016
5.489954E+016
7.933149E+016
1.075032E+017
1.084931E+017
1.28268E+017
1.622602E+017
1.878007E+017
1.838744E+017
1.955891E+017
2.070811E+017
2.53863E+017
2.213499E+017
2.46314E+017
2.878505E+017
2.951797E+017
2.998343E+017
3.059034E+017
3.31523E+017
3.392878E+017
3.865676E+017
3.611979E+017
3.273719E+017
3.351173E+017
3.288837E+017
3.787321E+017
4.025139E+017
3.938644E+017
3.943731E+017
4.099164E+017
4.103355E+017
4.439735E+017
3.910612E+017
4.442186E+017
4.023808E+017
3.846538E+017
3.858553E+017
3.967437E+017
4.376772E+017
4.913299E+017
4.232624E+017
3.939789E+017
4.316292E+017
4.145798E+017
4.335236E+017
4.818686E+017
4.667261E+017
4.198216E+017
4.167688E+017
4.468867E+017
4.180113E+017
3.741404E+017
3.895654E+017
3.71037E+017
3.853973E+017
3.192072E+017
3.338937E+017
3.07353E+017
3.266136E+017
2.992614E+017
3.151428E+017
2.83312E+017
2.983372E+017
3.067878E+017
2.272029E+017
2.529794E+017
2.668636E+017
2.285111E+017
1.921468E+017
1.814713E+017
1.585136E+017
1.844229E+017
1.224063E+017
1.263606E+017
9.516266E+016
8.858237E+016
7.576745E+016
4.910673E+016
3.197931E+016
3.457554E+016
6.701649E+016
1.070209E+017
1.105205E+017
1.695354E+017
1.749624E+017
1.785293E+017
2.172781E+017
2.362223E+017
2.767169E+017
2.734982E+017
3.158049E+017
2.832464E+017
3.447126E+017
3.336764E+017
3.006168E+017
3.194303E+017
3.836019E+017
4.28094E+017
3.834518E+017
4.522421E+017
4.87315E+017
4.671511E+017
5.324676E+017
5.020155E+017
4.802668E+017
4.982694E+017
5.143061E+017
4.741594E+017
5.523912E+017
5.188233E+017
5.548895E+017
5.477205E+017
5.786308E+017
5.804221E+017
6.045447E+017
5.546981E+017
5.551203E+017
5.858907E+017
6.09766E+017
5.897471E+017
5.668977E+017
6.361509E+017
6.104596E+017
6.110183E+017
5.998714E+017
6.169029E+017
5.929736E+017
5.703023E+017
5.954838E+017
5.533438E+017
5.28941E+017
5.708743E+017
5.409866E+017
5.003085E+017
5.000987E+017
5.087829E+017
4.39901E+017
3.935626E+017
4.196828E+017
4.409896E+017
4.389863E+017
4.759503E+017
4.217825E+017
3.903503E+017
3.984906E+017
3.339961E+017
2.996097E+017
3.023376E+017
2.629427E+017
2.424849E+017
2.484295E+017
2.246889E+017
2.010494E+017
1.646459E+017
1.170136E+017
9.734093E+016
7.944982E+016
6.105077E+016
3.685156E+016
4.538199E+016
9.028139E+016
1.208885E+017
1.676857E+017
1.840855E+017
2.028537E+017
2.511349E+017
2.972941E+017
3.389966E+017
3.399994E+017
3.461881E+017
3.42829E+017
3.419971E+017
4.127605E+017
4.098783E+017
4.556369E+017
4.545724E+017
4.797321E+017
5.122802E+017
5.963878E+017
5.983024E+017
6.578949E+017
6.33936E+017
6.203683E+017
6.54574E+017
6.640313E+017
6.582575E+017
7.080571E+017
6.949214E+017
6.924578E+017
6.753526E+017
6.873E+017
6.966552E+017
7.025565E+017
7.696243E+017
7.316243E+017
7.037852E+017
7.571894E+017
7.950307E+017
7.480749E+017
7.932588E+017
7.671729E+017
7.491195E+017
8.042326E+017
7.707997E+017
7.842791E+017
7.166049E+017
7.778975E+017
7.377763E+017
7.484379E+017
6.561223E+017
7.339048E+017
7.204401E+017
6.549706E+017
6.32651E+017
6.178982E+017
5.422317E+017
6.066148E+017
5.876537E+017
5.210604E+017
4.842778E+017
5.16206E+017
5.099067E+017
5.130704E+017
4.709291E+017
4.758173E+017
4.081856E+017
3.760169E+017
3.247762E+017
2.870894E+017
3.327611E+017
2.81039E+017
2.530389E+017
2.310039E+017
1.749375E+017
1.59333E+017
1.488524E+017
1.13209E+017
8.54248E+016
4.579066E+016
4.8501E+016
8.578573E+016
1.643813E+017
1.925952E+017
2.05946E+017
2.143233E+017
3.058083E+017
2.797297E+017
3.326488E+017
3.714801E+017
4.23212E+017
3.986862E+017
4.941211E+017
5.053321E+017
5.351461E+017
5.596029E+017
5.959734E+017
5.925006E+017
6.592364E+017
6.638318E+017
7.189272E+017
7.226532E+017
7.672497E+017
7.908378E+017
7.235805E+017
8.301608E+017
8.103628E+017
8.489455E+017
7.807265E+017
8.317414E+017
8.722638E+017
8.614924E+017
9.249555E+017
8.7187E+017
9.102931E+017
9.241896E+017
9.005141E+017
9.450756E+017
9.389142E+017
9.871066E+017
8.575505E+017
8.759319E+017
8.833395E+017
8.88817E+017
9.358718E+017
9.028599E+017
8.87367E+017
8.895798E+017
9.116763E+017
8.931993E+017
8.942055E+017
7.958337E+017
7.762473E+017
7.741934E+017
8.026261E+017
7.393032E+017
7.000488E+017
6.995193E+017
6.863502E+017
7.255209E+017
5.685301E+017
6.071701E+017
6.310999E+017
6.054853E+017
5.835562E+017
5.276306E+017
4.740306E+017
4.518146E+017
3.872907E+017
3.547754E+017
3.277927E+017
3.603607E+017
2.966527E+017
2.697328E+017
2.720947E+017
1.756414E+017
1.758662E+017
1.198079E+017
9.548039E+016
7.646719E+016
5.733286E+016
1.119348E+017
1.17946E+017
1.980064E+017
2.26181E+017
2.49048E+017
3.273994E+017
3.331696E+017
4.248612E+017
5.417339E+017
5.295924E+017
5.474191E+017
5.899285E+017
6.185618E+017
6.46246E+017
6.677949E+017
6.950719E+017
7.714213E+017
7.543785E+017
8.238965E+017
8.38234E+017
8.572546E+017
8.380894E+017
9.323407E+017
8.383239E+017
8.841048E+017
9.779571E+017
9.585334E+017
1.00979E+018
1.027093E+018
9.827704E+017
1.043311E+018
1.001058E+018
1.070256E+018
1.067637E+018
1.091504E+018
1.132984E+018
1.096343E+018
1.072637E+018
1.060909E+018
1.053679E+018
1.071612E+018
1.119192E+018
1.022146E+018
1.12981E+018
1.065317E+018
1.089555E+018
1.12741E+018
1.082399E+018
1.048558E+018
9.800774E+017
9.728587E+017
9.78459E+017
8.524016E+017
9.357994E+017
8.232245E+017
9.338392E+017
8.554235E+017
8.20026E+017
7.495942E+017
7.136195E+017
7.159179E+017
7.217085E+017
7.552919E+017
6.563206E+017
6.483295E+017
5.819478E+017
5.31077E+017
5.578805E+017
4.919849E+017
4.27733E+017
3.704523E+017
3.467662E+017
3.159411E+017
3.019512E+017
2.126914E+017
1.811604E+017
1.494195E+017
1.018294E+017
5.99921E+016
5.872142E+016
1.037703E+017
1.664115E+017
2.096586E+017
2.630932E+017
2.986626E+017
3.991852E+017
4.333737E+017
4.88374E+017
5.556926E+017
5.741143E+017
6.199734E+017
6.957383E+017
7.165381E+017
7.52088E+017
7.839026E+017
7.36287E+017
7.960715E+017
8.978831E+017
9.093134E+017
9.038646E+017
9.766459E+017
9.464317E+017
9.97111E+017
1.019683E+018
1.076174E+018
1.025938E+018
1.178332E+018
1.14547E+018
1.124014E+018
1.189529E+018
1.234469E+018
1.161046E+018
1.204963E+018
1.2311E+018
1.177628E+018
1.32667E+018
1.351695E+018
1.251219E+018
1.21334E+018
1.348087E+018
1.252448E+018
1.235338E+018
1.238143E+018
1.256145E+018
1.29556E+018
1.195578E+018
1.177563E+018
1.291276E+018
1.204072E+018
1.121426E+018
1.089878E+018
1.062786E+018
1.11051E+018
1.00795E+018
1.026949E+018
9.577671E+017
9.617214E+017
9.319746E+017
9.17492E+017
9.021936E+017
8.124677E+017
8.416015E+017
7.25835E+017
7.430867E+017
7.144878E+017
6.900189E+017
6.833601E+017
5.634988E+017
5.153096E+017
4.883295E+017
4.113283E+017
3.679904E+017
3.880562E+017
3.212749E+017
2.453041E+017
1.802761E+017
1.809528E+017
1.17654E+017
7.15673E+016
8.310265E+016
1.168468E+017
2.024453E+017
2.398713E+017
2.915827E+017
4.031748E+017
4.074545E+017
4.881827E+017
5.062521E+017
5.821251E+017
6.267265E+017
7.063124E+017
6.963986E+017
7.862779E+017
8.180798E+017
7.939524E+017
8.224721E+017
8.909884E+017
9.995923E+017
1.053114E+018
1.016576E+018
1.109408E+018
1.057E+018
1.068982E+018
1.050902E+018
1.255177E+018
1.103202E+018
1.20487E+018
1.21149E+018
1.256865E+018
1.243965E+018
1.45068E+018
1.380179E+018
1.384297E+018
1.344859E+018
1.394372E+018
1.365992E+018
1.440058E+018
1.440193E+018
1.438359E+018
1.439099E+018
1.411481E+018
1.354043E+018
1.416098E+018
1.403922E+018
1.386988E+018
1.388363E+018
1.350802E+018
1.368489E+018
1.368091E+018
1.286773E+018
1.284474E+018
1.289067E+018
1.271421E+018
1.162472E+018
1.1704E+018
1.185718E+018
1.071421E+018
1.028856E+018
1.050092E+018
1.008408E+018
1.012584E+018
9.178948E+017
8.742313E+017
8.022215E+017
7.617027E+017
7.431498E+017
7.232298E+017
5.896514E+017
6.623652E+017
5.979429E+017
5.026058E+017
4.392913E+017
3.923494E+017
3.577063E+017
3.101973E+017
2.231663E+017
1.547882E+017
1.351913E+017
7.505653E+016
8.949033E+016
1.429282E+017
2.347426E+017
2.550945E+017
3.283368E+017
3.91865E+017
4.346987E+017
4.889882E+017
6.446344E+017
6.553838E+017
7.080968E+017
7.123793E+017
7.82723E+017
8.757026E+017
9.152744E+017
8.758076E+017
9.334913E+017
9.885003E+017
1.09562E+018
1.097597E+018
1.066514E+018
1.1262E+018
1.159968E+018
1.139891E+018
1.244883E+018
1.374292E+018
1.306423E+018
1.326964E+018
1.362817E+018
1.466912E+018
1.41088E+018
1.499541E+018
1.504907E+018
1.514897E+018
1.475572E+018
1.417301E+018
1.495939E+018
1.560419E+018
1.44816E+018
1.567934E+018
1.594726E+018
1.574299E+018
1.463103E+018
1.543316E+018
1.600692E+018
1.520034E+018
1.482985E+018
1.533806E+018
1.441326E+018
1.418852E+018
1.475517E+018
1.491114E+018
1.374872E+018
1.34245E+018
1.323874E+018
1.234042E+018
1.230876E+018
1.266326E+018
1.16366E+018
1.182439E+018
1.097356E+018
1.029444E+018
9.775365E+017
9.6234E+017
9.242823E+017
8.786231E+017
7.980095E+017
7.583503E+017
7.41173E+017
6.716277E+017
6.727716E+017
5.760077E+017
5.054333E+017
4.519691E+017
3.729873E+017
3.351417E+017
2.696704E+017
1.935565E+017
1.400229E+017
9.128793E+016
1.069395E+017
1.685787E+017
2.143373E+017
2.635043E+017
3.575114E+017
4.168302E+017
4.719389E+017
6.316383E+017
7.132749E+017
6.949293E+017
7.507593E+017
7.611584E+017
9.389617E+017
9.396123E+017
1.034547E+018
9.96777E+017
1.069174E+018
1.178823E+018
1.169318E+018
1.195085E+018
1.20345E+018
1.256401E+018
1.38931E+018
1.370332E+018
1.370924E+018
1.392872E+018
1.491069E+018
1.541743E+018
1.565123E+018
1.661991E+018
1.674708E+018
1.662645E+018
1.600756E+018
1.649416E+018
1.606411E+018
1.592764E+018
1.584989E+018
1.652611E+018
1.682474E+018
1.663885E+018
1.704786E+018
1.710903E+018
1.655572E+018
1.714358E+018
1.624532E+018
1.557241E+018
1.720583E+018
1.685594E+018
1.563646E+018
1.559107E+018
1.609721E+018
1.51452E+018
1.419733E+018
1.495584E+018
1.525235E+018
1.46293E+018
1.35465E+018
1.249317E+018
1.264355E+018
1.276295E+018
1.155785E+018
1.106297E+018
1.121158E+018
1.093737E+018
1.035842E+018
9.994361E+017
9.865845E+017
9.816753E+017
7.904561E+017
7.851276E+017
6.800466E+017
6.822046E+017
5.876336E+017
4.777883E+017
3.933864E+017
3.561594E+017
2.762904E+017
2.29506E+017
1.904113E+017
1.008604E+017
1.127998E+017
1.93474E+017
2.554588E+017
3.080108E+017
4.390755E+017
5.218294E+017
5.102056E+017
6.075635E+017
7.025349E+017
7.27237E+017
8.627361E+017
9.631201E+017
9.170627E+017
1.028811E+018
1.078716E+018
1.100025E+018
1.063665E+018
1.199648E+018
1.208269E+018
1.312712E+018
1.317946E+018
1.357676E+018
1.465791E+018
1.588314E+018
1.532732E+018
1.585805E+018
1.647381E+018
1.595559E+018
1.644366E+018
1.745686E+018
1.80982E+018
1.766423E+018
1.754353E+018
1.779649E+018
1.795942E+018
1.856896E+018
1.78787E+018
1.82299E+018
1.725898E+018
1.790322E+018
1.888884E+018
1.830696E+018
1.829911E+018
1.767983E+018
1.800688E+018
1.746016E+018
1.714563E+018
1.759413E+018
1.693771E+018
1.75553E+018
1.697222E+018
1.677569E+018
1.559184E+018
1.587717E+018
1.624043E+018
1.577623E+018
1.515252E+018
1.375079E+018
1.395769E+018
1.462758E+018
1.341947E+018
1.316543E+018
1.173276E+018
1.234472E+018
1.13294E+018
1.056259E+018
1.01659E+018
9.817246E+017
8.295129E+017
8.26242E+017
7.662126E+017
7.096846E+017
5.916228E+017
5.072383E+017
5.047818E+017
3.79101E+017
2.999972E+017
2.487819E+017
1.909551E+017
1.202653E+017
1.048007E+017
2.207304E+017
2.6693E+017
4.001938E+017
4.63284E+017
5.399945E+017
6.419056E+017
6.33563E+017
7.082733E+017
7.890612E+017
8.831915E+017
9.679335E+017
1.040502E+018
1.084243E+018
1.206428E+018
1.190308E+018
1.176919E+018
1.237877E+018
1.260579E+018
1.256642E+018
1.435887E+018
1.539079E+018
1.531637E+018
1.587851E+018
1.642319E+018
1.61803E+018
1.757885E+018
1.70596E+018
1.807989E+018
1.812076E+018
1.866501E+018
1.849242E+018
1.860272E+018
1.90589E+018
1.915797E+018
1.913282E+018
2.006894E+018
1.994686E+018
1.94701E+018
1.937284E+018
2.042771E+018
1.926929E+018
1.96527E+018
1.945356E+018
1.901851E+018
1.906865E+018
1.921352E+018
1.930652E+018
1.838683E+018
1.976004E+018
1.966903E+018
1.743604E+018
1.667594E+018
1.668027E+018
1.700363E+018
1.662291E+018
1.615048E+018
1.609595E+018
1.496312E+018
1.502886E+018
1.418235E+018
1.360967E+018
1.280014E+018
1.173317E+018
1.235433E+018
1.110108E+018
1.028361E+018
9.915762E+017
9.52977E+017
7.732309E+017
7.886144E+017
6.887442E+017
6.094033E+017
5.448139E+017
4.671682E+017
4.408426E+017
3.158232E+017
3.013621E+017
2.058675E+017
9.835402E+016
1.217617E+017
2.249052E+017
3.17406E+017
3.857456E+017
4.875371E+017
5.956603E+017
6.28993E+017
6.510371E+017
8.132865E+017
9.250141E+017
9.575955E+017
9.872272E+017
1.080375E+018
1.30712E+018
1.197592E+018
1.329036E+018
1.428369E+018
1.329766E+018
1.350625E+018
1.413139E+018
1.507915E+018
1.623203E+018
1.712583E+018
1.639576E+018
1.70519E+018
1.784825E+018
1.774045E+018
1.948009E+018
1.969652E+018
2.010685E+018
1.982433E+018
2.098405E+018
2.031745E+018
2.041893E+018
2.153619E+018
2.064598E+018
2.052945E+018
2.075367E+018
2.119348E+018
2.164714E+018
2.130663E+018
2.146061E+018
2.110855E+018
2.136264E+018
2.0775E+018
1.963384E+018
2.013989E+018
1.931415E+018
2.008196E+018
1.926026E+018
2.01842E+018
1.836678E+018
1.815965E+018
1.842169E+018
1.823001E+018
1.806335E+018
1.787552E+018
1.654785E+018
1.519892E+018
1.563242E+018
1.486009E+018
1.433668E+018
1.425563E+018
1.317898E+018
1.232389E+018
1.177621E+018
1.09853E+018
1.004067E+018
9.516811E+017
9.290575E+017
8.144829E+017
7.095049E+017
6.690361E+017
5.869098E+017
5.355722E+017
4.714943E+017
3.521788E+017
2.510108E+017
1.972442E+017
1.279009E+017
1.295576E+017
2.291986E+017
3.300706E+017
3.885672E+017
4.947415E+017
6.003506E+017
7.128089E+017
7.55503E+017
8.48193E+017
8.437483E+017
1.029055E+018
1.028063E+018
1.202492E+018
1.269794E+018
1.288908E+018
1.448507E+018
1.492229E+018
1.548226E+018
1.53387E+018
1.58734E+018
1.701955E+018
1.652602E+018
1.793724E+018
1.813333E+018
1.909789E+018
1.922216E+018
2.036616E+018
2.1062E+018
2.040699E+018
2.177983E+018
2.188983E+018
2.146998E+018
2.077531E+018
2.290527E+018
2.233799E+018
2.332777E+018
2.182176E+018
2.207067E+018
2.186871E+018
2.280437E+018
2.222585E+018
2.159798E+018
2.256494E+018
2.330023E+018
2.230015E+018
2.163278E+018
2.185548E+018
2.153822E+018
2.095637E+018
2.185962E+018
2.138335E+018
1.903156E+018
2.110454E+018
1.935627E+018
1.982334E+018
1.927177E+018
1.888351E+018
1.76049E+018
1.74696E+018
1.671137E+018
1.689223E+018
1.54195E+018
1.510463E+018
1.458486E+018
1.34725E+018
1.184187E+018
1.135715E+018
1.112801E+018
1.115869E+018
9.794607E+017
8.32522E+017
7.583766E+017
6.357665E+017
6.257674E+017
5.414246E+017
4.946114E+017
3.994925E+017
3.547967E+017
2.171108E+017
1.449614E+017
1.635146E+017
2.377378E+017
3.497718E+017
4.306974E+017
5.043675E+017
6.369288E+017
7.182915E+017
7.641439E+017
9.218729E+017
9.606326E+017
1.024972E+018
1.149442E+018
1.193623E+018
1.309408E+018
1.369092E+018
1.521743E+018
1.652043E+018
1.563594E+018
1.61562E+018
1.607147E+018
1.779234E+018
1.766362E+018
1.879784E+018
1.968478E+018
2.048132E+018
2.000343E+018
2.117855E+018
2.26036E+018
2.225222E+018
2.167094E+018
2.247534E+018
2.326877E+018
2.329584E+018
2.351601E+018
2.303214E+018
2.297935E+018
2.401279E+018
2.297553E+018
2.371389E+018
2.356552E+018
2.269452E+018
2.317833E+018
2.272868E+018
2.310982E+018
2.349159E+018
2.291711E+018
2.262025E+018
2.257351E+018
2.402594E+018
2.342209E+018
2.15279E+018
2.244228E+018
2.235322E+018
2.100467E+018
2.037124E+018
1.925172E+018
1.904478E+018
1.84138E+018
1.880188E+018
1.822843E+018
1.720189E+018
1.723964E+018
1.55929E+018
1.457893E+018
1.402763E+018
1.28193E+018
1.241368E+018
1.156889E+018
1.127629E+018
9.7498E+017
9.244708E+017
8.870642E+017
8.059771E+017
6.971594E+017
5.953205E+017
5.190983E+017
4.936424E+017
3.197569E+017
2.496274E+017
1.525274E+017
1.565533E+017
2.37667E+017
3.638138E+017
4.990328E+017
5.273999E+017
6.244115E+017
7.021517E+017
8.355419E+017
9.818015E+017
9.809102E+017
1.105575E+018
1.239221E+018
1.28577E+018
1.380976E+018
1.431283E+018
1.478099E+018
1.513472E+018
1.644446E+018
1.67616E+018
1.916933E+018
1.84236E+018
1.984385E+018
1.972628E+018
1.992106E+018
2.104646E+018
2.105336E+018
2.307909E+018
2.24463E+018
2.198772E+018
2.303544E+018
2.444425E+018
2.345675E+018
2.473646E+018
2.515355E+018
2.372295E+018
2.389265E+018
2.428323E+018
2.475529E+018
2.438925E+018
2.553624E+018
2.560283E+018
2.505185E+018
2.509281E+018
2.536712E+018
2.624596E+018
2.4647E+018
2.450181E+018
2.411197E+018
2.50812E+018
2.36062E+018
2.309752E+018
2.360062E+018
2.273954E+018
2.271214E+018
2.123424E+018
2.167927E+018
2.016422E+018
1.986744E+018
1.983191E+018
2.078513E+018
1.829566E+018
1.720714E+018
1.568658E+018
1.599178E+018
1.461172E+018
1.545569E+018
1.293393E+018
1.239659E+018
1.149089E+018
1.061554E+018
1.04656E+018
8.833075E+017
7.939679E+017
6.470203E+017
5.626145E+017
5.373693E+017
4.880326E+017
3.277872E+017
2.286964E+017
1.398189E+017
1.884277E+017
2.446492E+017
3.615262E+017
4.98501E+017
6.450879E+017
7.085929E+017
8.058841E+017
9.163438E+017
9.962154E+017
1.014354E+018
1.215741E+018
1.285421E+018
1.357918E+018
1.399415E+018
1.438186E+018
1.55323E+018
1.657179E+018
1.699856E+018
1.798592E+018
1.901202E+018
1.945427E+018
2.015971E+018
2.161202E+018
2.130813E+018
2.213896E+018
2.334974E+018
2.415549E+018
2.461754E+018
2.398979E+018
2.439929E+018
2.509252E+018
2.432433E+018
2.552571E+018
2.598979E+018
2.690257E+018
2.561186E+018
2.577567E+018
2.690382E+018
2.633544E+018
2.630272E+018
2.63689E+018
2.700595E+018
2.596213E+018
2.672016E+018
2.774867E+018
2.73843E+018
2.634156E+018
2.642197E+018
2.552574E+018
2.621952E+018
2.389453E+018
2.464605E+018
2.429394E+018
2.25786E+018
2.273978E+018
2.271885E+018
2.245415E+018
2.060999E+018
1.988749E+018
1.937386E+018
1.929513E+018
1.790691E+018
1.79549E+018
1.736652E+018
1.614679E+018
1.499436E+018
1.356823E+018
1.283622E+018
1.2625E+018
1.069177E+018
1.078492E+018
1.009501E+018
8.591839E+017
7.692479E+017
6.422798E+017
5.682149E+017
5.246634E+017
3.720273E+017
2.657457E+017
1.809846E+017
1.827762E+017
2.695544E+017
4.078899E+017
4.991696E+017
5.899088E+017
7.130622E+017
7.791884E+017
9.70836E+017
9.913538E+017
1.107343E+018
1.272852E+018
1.377506E+018
1.346025E+018
1.421005E+018
1.47837E+018
1.711357E+018
1.756851E+018
1.737768E+018
1.858814E+018
1.865084E+018
2.063998E+018
2.222831E+018
2.271686E+018
2.187758E+018
2.319482E+018
2.430706E+018
2.379065E+018
2.419373E+018
2.552076E+018
2.568174E+018
2.676267E+018
2.679791E+018
2.648713E+018
2.662183E+018
2.774947E+018
2.886141E+018
2.808995E+018
2.793929E+018
2.797499E+018
2.760673E+018
2.820175E+018
2.728426E+018
2.806428E+018
2.842953E+018
2.79293E+018
2.782906E+018
2.749197E+018
2.669452E+018
2.660393E+018
2.566752E+018
2.624634E+018
2.42696E+018
2.478421E+018
2.421247E+018
2.503893E+018
2.442739E+018
2.35561E+018
2.142203E+018
2.049664E+018
2.019919E+018
2.040535E+018
1.923634E+018
1.854625E+018
1.743296E+018
1.581848E+018
1.531699E+018
1.433992E+018
1.423353E+018
1.315984E+018
1.151687E+018
1.122223E+018
9.87443E+017
9.415777E+017
8.767804E+017
6.508886E+017
5.870851E+017
4.967552E+017
3.850988E+017
3.036142E+017
2.117356E+017
1.811461E+017
2.898477E+017
4.640911E+017
5.639866E+017
6.756387E+017
7.748945E+017
8.651177E+017
1.075434E+018
1.145421E+018
1.176314E+018
1.353628E+018
1.379532E+018
1.479626E+018
1.470395E+018
1.601829E+018
1.72703E+018
1.770535E+018
1.862753E+018
1.990109E+018
1.928151E+018
2.118118E+018
2.214116E+018
2.157008E+018
2.318939E+018
2.461192E+018
2.513473E+018
2.462298E+018
2.663452E+018
2.565595E+018
2.770309E+018
2.676701E+018
2.672227E+018
2.702533E+018
2.694331E+018
2.737376E+018
2.776345E+018
2.846525E+018
2.908004E+018
2.899593E+018
2.818413E+018
2.896518E+018
2.99512E+018
2.800487E+018
2.908337E+018
2.952899E+018
2.849692E+018
2.792338E+018
2.866954E+018
2.751537E+018
2.648577E+018
2.723147E+018
2.579532E+018
2.674634E+018
2.648761E+018
2.502696E+018
2.437474E+018
2.340086E+018
2.216837E+018
2.155339E+018
2.060384E+018
2.122954E+018
1.986812E+018
1.894427E+018
1.803802E+018
1.734347E+018
1.704358E+018
1.596209E+018
1.462054E+018
1.385527E+018
1.156646E+018
1.132005E+018
1.075863E+018
9.763947E+017
8.510093E+017
7.18402E+017
6.618958E+017
5.394111E+017
4.425697E+017
3.360495E+017
1.864424E+017
1.790691E+017
3.050973E+017
4.308087E+017
5.6564E+017
7.309336E+017
7.33752E+017
9.262608E+017
1.029762E+018
1.166356E+018
1.2463E+018
1.399316E+018
1.412526E+018
1.625392E+018
1.573913E+018
1.727386E+018
1.743329E+018
1.74743E+018
1.873759E+018
1.97585E+018
2.108539E+018
2.157026E+018
2.37733E+018
2.390725E+018
2.447613E+018
2.442809E+018
2.525253E+018
2.625263E+018
2.754503E+018
2.915272E+018
2.840537E+018
2.730191E+018
2.771735E+018
2.855491E+018
2.887806E+018
2.829956E+018
2.900742E+018
2.926235E+018
2.975275E+018
3.104074E+018
3.045942E+018
3.084591E+018
3.174249E+018
2.948486E+018
2.934544E+018
2.969613E+018
2.892945E+018
2.973141E+018
2.830704E+018
2.832842E+018
2.80182E+018
2.828031E+018
2.727917E+018
2.708114E+018
2.682207E+018
2.465806E+018
2.48682E+018
2.497427E+018
2.276306E+018
2.274064E+018
2.145348E+018
2.182106E+018
2.135453E+018
2.01548E+018
1.94523E+018
1.876197E+018
1.626748E+018
1.651415E+018
1.556976E+018
1.354177E+018
1.243218E+018
1.217681E+018
1.064484E+018
1.008173E+018
8.759406E+017
7.010839E+017
6.005503E+017
5.044792E+017
4.26311E+017
2.972728E+017
2.06836E+017
2.188463E+017
3.458777E+017
4.584626E+017
6.16909E+017
7.178171E+017
8.323049E+017
1.041869E+018
1.044289E+018
1.235883E+018
1.293003E+018
1.357811E+018
1.481573E+018
1.509427E+018
1.646638E+018
1.669824E+018
1.911934E+018
1.971396E+018
1.976172E+018
2.050113E+018
2.230712E+018
2.245049E+018
2.383874E+018
2.471648E+018
2.467168E+018
2.552888E+018
2.664156E+018
2.698912E+018
2.737807E+018
2.917631E+018
2.973484E+018
2.874441E+018
2.859741E+018
2.98042E+018
3.000515E+018
3.003238E+018
3.081218E+018
3.096046E+018
3.099674E+018
3.157375E+018
3.100491E+018
3.163132E+018
3.124822E+018
3.22102E+018
3.164064E+018
3.019285E+018
3.019784E+018
3.049569E+018
2.992298E+018
2.997424E+018
2.985013E+018
2.994227E+018
2.776304E+018
2.726253E+018
2.742995E+018
2.714779E+018
2.66543E+018
2.455795E+018
2.331528E+018
2.352628E+018
2.325457E+018
2.208628E+018
2.188851E+018
2.051295E+018
2.017981E+018
1.910717E+018
1.81531E+018
1.637453E+018
1.622796E+018
1.49407E+018
1.363293E+018
1.22727E+018
1.158253E+018
9.612991E+017
8.836745E+017
7.791335E+017
6.091005E+017
5.388176E+017
4.995366E+017
3.578101E+017
1.825235E+017
1.78521E+017
2.937426E+017
4.915336E+017
5.949636E+017
7.36331E+017
9.668722E+017
9.503845E+017
1.121697E+018
1.186592E+018
1.290376E+018
1.424448E+018
1.592705E+018
1.607427E+018
1.698588E+018
1.866952E+018
2.001241E+018
2.050582E+018
2.1339E+018
2.101394E+018
2.321982E+018
2.334642E+018
2.297154E+018
2.583607E+018
2.751313E+018
2.528431E+018
2.822391E+018
2.859609E+018
2.862502E+018
2.838746E+018
3.027367E+018
2.987885E+018
3.143675E+018
3.183423E+018
3.103565E+018
3.108344E+018
3.042353E+018
3.217627E+018
3.121847E+018
3.153341E+018
3.107981E+018
3.168606E+018
3.151303E+018
3.223663E+018
3.227636E+018
3.019259E+018
3.159144E+018
3.109378E+018
2.998244E+018
3.072861E+018
3.011717E+018
3.025463E+018
2.776902E+018
2.948207E+018
2.652386E+018
2.712673E+018
2.592405E+018
2.612985E+018
2.576953E+018
2.375026E+018
2.398906E+018
2.463553E+018
2.185568E+018
2.094714E+018
2.04768E+018
1.888081E+018
1.91557E+018
1.781371E+018
1.569425E+018
1.444365E+018
1.38953E+018
1.2302E+018
1.168897E+018
9.360465E+017
9.412843E+017
8.678173E+017
7.304763E+017
6.643617E+017
4.826972E+017
3.522707E+017
1.912418E+017
1.885067E+017
3.497506E+017
4.447087E+017
6.490756E+017
6.944577E+017
8.762092E+017
9.941812E+017
1.0843E+018
1.329581E+018
1.340644E+018
1.52114E+018
1.63548E+018
1.710084E+018
1.816289E+018
1.938075E+018
2.097737E+018
2.052451E+018
2.098523E+018
2.267037E+018
2.415189E+018
2.44286E+018
2.513787E+018
2.599295E+018
2.690438E+018
2.75694E+018
2.822166E+018
2.771412E+018
2.879049E+018
2.985921E+018
3.044388E+018
3.14985E+018
3.248154E+018
3.187795E+018
3.215649E+018
3.168317E+018
3.12036E+018
3.216511E+018
3.171023E+018
3.297616E+018
3.229132E+018
3.277106E+018
3.312861E+018
3.277407E+018
3.374625E+018
3.261028E+018
3.301268E+018
3.298797E+018
3.225702E+018
3.133824E+018
3.111105E+018
3.126415E+018
2.961028E+018
2.977044E+018
2.819586E+018
2.806834E+018
2.65198E+018
2.652565E+018
2.522805E+018
2.502847E+018
2.464765E+018
2.413687E+018
2.305928E+018
2.151866E+018
2.069547E+018
1.864919E+018
1.871889E+018
1.81637E+018
1.697425E+018
1.536689E+018
1.387111E+018
1.322291E+018
1.214531E+018
1.050156E+018
9.196921E+017
8.151112E+017
6.819958E+017
6.248733E+017
5.130105E+017
3.572787E+017
1.804836E+017
1.874638E+017
3.382064E+017
4.821012E+017
6.34975E+017
7.65954E+017
8.058253E+017
1.017643E+018
1.136646E+018
1.31622E+018
1.401493E+018
1.574256E+018
1.649523E+018
1.752612E+018
1.918283E+018
1.973748E+018
2.106638E+018
2.22931E+018
2.205166E+018
2.279045E+018
2.495119E+018
2.476544E+018
2.613162E+018
2.585156E+018
2.631193E+018
2.801055E+018
2.939615E+018
2.88265E+018
3.111879E+018
3.273678E+018
3.155794E+018
3.246337E+018
3.160592E+018
3.14718E+018
3.247937E+018
3.259353E+018
3.206643E+018
3.406407E+018
3.380842E+018
3.310213E+018
3.320748E+018
3.280795E+018
3.357328E+018
3.387155E+018
3.287898E+018
3.433249E+018
3.356774E+018
3.314994E+018
3.413545E+018
3.417764E+018
3.307708E+018
3.020663E+018
3.032927E+018
3.185601E+018
3.079644E+018
3.037631E+018
2.672707E+018
2.762091E+018
2.687679E+018
2.566085E+018
2.499794E+018
2.469966E+018
2.366543E+018
2.260876E+018
2.106023E+018
2.0424E+018
1.931983E+018
1.876518E+018
1.681251E+018
1.512886E+018
1.433714E+018
1.378488E+018
1.141267E+018
1.076222E+018
1.04211E+018
8.581475E+017
7.295615E+017
6.377825E+017
5.231838E+017
3.218189E+017
2.067776E+017
2.024992E+017
3.722726E+017
5.649638E+017
6.607065E+017
7.357716E+017
8.844698E+017
1.048158E+018
1.244556E+018
1.297277E+018
1.493047E+018
1.593808E+018
1.693725E+018
1.822798E+018
1.921043E+018
1.960057E+018
2.014546E+018
2.101415E+018
2.241539E+018
2.319337E+018
2.51525E+018
2.573137E+018
2.88087E+018
2.763131E+018
2.772156E+018
2.859204E+018
3.015303E+018
3.099389E+018
3.126996E+018
3.204448E+018
3.305576E+018
3.263492E+018
3.170221E+018
3.191929E+018
3.290692E+018
3.315161E+018
3.390441E+018
3.461071E+018
3.481428E+018
3.39558E+018
3.384161E+018
3.456763E+018
3.427307E+018
3.503385E+018
3.469392E+018
3.321193E+018
3.599384E+018
3.416386E+018
3.454092E+018
3.357766E+018
3.333344E+018
3.164209E+018
3.269197E+018
3.17888E+018
3.082331E+018
2.92265E+018
3.085993E+018
2.893108E+018
2.719522E+018
2.694852E+018
2.567112E+018
2.485807E+018
2.412832E+018
2.352507E+018
2.199004E+018
2.051253E+018
2.018421E+018
1.954741E+018
1.706684E+018
1.683185E+018
1.413322E+018
1.404077E+018
1.242547E+018
1.147463E+018
1.096483E+018
9.225997E+017
7.392836E+017
6.596775E+017
4.62662E+017
3.390725E+017
2.053245E+017
2.317508E+017
3.898509E+017
5.32985E+017
7.115156E+017
8.04951E+017
9.936649E+017
1.061019E+018
1.293547E+018
1.356024E+018
1.504318E+018
1.585444E+018
1.693618E+018
1.775583E+018
1.913478E+018
2.065745E+018
2.141436E+018
2.195783E+018
2.335455E+018
2.354691E+018
2.593184E+018
2.715784E+018
2.796033E+018
2.959803E+018
2.849404E+018
2.997869E+018
3.118823E+018
3.257078E+018
3.156519E+018
3.329608E+018
3.420207E+018
3.279156E+018
3.349371E+018
3.245975E+018
3.402178E+018
3.500667E+018
3.554271E+018
3.515394E+018
3.442625E+018
3.544587E+018
3.591201E+018
3.59832E+018
3.545257E+018
3.717803E+018
3.621442E+018
3.586532E+018
3.593569E+018
3.589468E+018
3.520786E+018
3.300109E+018
3.45064E+018
3.29477E+018
3.214534E+018
3.202766E+018
3.114366E+018
3.075925E+018
3.029174E+018
3.050234E+018
2.85659E+018
2.732002E+018
2.5634E+018
2.591735E+018
2.507607E+018
2.45188E+018
2.231704E+018
2.128031E+018
2.065246E+018
1.917703E+018
1.789917E+018
1.725534E+018
1.579201E+018
1.458291E+018
1.408736E+018
1.234932E+018
9.581758E+017
9.876871E+017
8.172688E+017
6.528237E+017
5.148534E+017
3.779364E+017
2.35783E+017
2.265363E+017
4.109344E+017
5.04821E+017
6.774924E+017
8.573229E+017
9.525209E+017
1.084967E+018
1.252251E+018
1.372947E+018
1.561043E+018
1.641057E+018
1.720417E+018
1.803386E+018
1.884568E+018
2.006901E+018
2.269405E+018
2.280347E+018
2.35458E+018
2.474171E+018
2.508001E+018
2.656896E+018
2.872054E+018
2.930312E+018
3.04712E+018
3.054406E+018
3.121192E+018
3.238846E+018
3.246885E+018
3.311243E+018
3.410104E+018
3.43924E+018
3.493781E+018
3.316383E+018
3.490524E+018
3.67796E+018
3.647756E+018
3.612028E+018
3.65732E+018
3.67777E+018
3.656732E+018
3.6686E+018
3.644324E+018
3.870246E+018
3.843205E+018
3.652763E+018
3.665226E+018
3.631155E+018
3.618354E+018
3.483653E+018
3.662189E+018
3.372276E+018
3.279777E+018
3.25899E+018
3.291668E+018
3.090225E+018
3.149361E+018
2.996864E+018
2.796204E+018
2.704368E+018
2.796667E+018
2.698742E+018
2.552262E+018
2.381983E+018
2.318993E+018
2.144826E+018
1.994727E+018
2.002041E+018
1.792738E+018
1.693406E+018
1.605999E+018
1.482159E+018
1.377019E+018
1.273121E+018
1.081169E+018
9.626269E+017
8.470531E+017
6.759234E+017
5.444889E+017
3.555683E+017
2.380126E+017
2.196126E+017
3.974518E+017
5.335703E+017
7.328779E+017
8.221286E+017
9.416803E+017
1.100169E+018
1.337598E+018
1.409647E+018
1.491124E+018
1.6124E+018
1.779339E+018
1.92702E+018
1.974114E+018
2.066488E+018
2.166272E+018
2.372388E+018
2.595032E+018
2.615383E+018
2.745847E+018
2.742919E+018
2.915116E+018
3.025494E+018
3.037267E+018
3.167675E+018
3.140611E+018
3.349291E+018
3.378332E+018
3.402654E+018
3.483871E+018
3.460072E+018
3.647703E+018
3.714616E+018
3.542186E+018
3.76256E+018
3.613863E+018
3.674224E+018
3.768683E+018
3.802121E+018
3.750355E+018
3.760844E+018
3.855114E+018
3.851788E+018
3.954547E+018
3.816264E+018
3.757852E+018
3.799417E+018
3.4889E+018
3.550198E+018
3.560319E+018
3.442057E+018
3.40075E+018
3.329876E+018
3.278042E+018
3.137654E+018
3.184382E+018
3.02569E+018
2.873033E+018
2.865115E+018
2.751926E+018
2.642033E+018
2.560513E+018
2.486084E+018
2.364016E+018
2.266867E+018
2.110416E+018
2.042892E+018
1.923435E+018
1.777023E+018
1.635171E+018
1.477188E+018
1.337445E+018
1.338482E+018
1.136574E+018
9.812941E+017
7.755514E+017
7.250186E+017
5.098265E+017
3.641229E+017
2.397266E+017
2.595839E+017
4.214024E+017
5.231276E+017
7.088711E+017
8.639804E+017
1.048954E+018
1.104001E+018
1.276067E+018
1.443695E+018
1.562476E+018
1.741279E+018
1.813667E+018
1.831296E+018
2.039452E+018
2.215188E+018
2.31085E+018
2.489406E+018
2.547456E+018
2.757759E+018
2.788358E+018
2.850024E+018
2.989036E+018
3.12157E+018
3.202423E+018
3.208408E+018
3.322152E+018
3.289386E+018
3.438974E+018
3.454957E+018
3.592259E+018
3.450109E+018
3.679386E+018
3.626184E+018
3.727761E+018
3.780828E+018
3.725599E+018
3.765015E+018
3.764064E+018
3.873735E+018
3.833153E+018
3.909411E+018
3.972098E+018
3.789046E+018
3.811979E+018
3.858466E+018
3.786328E+018
3.711895E+018
3.611025E+018
3.641545E+018
3.682419E+018
3.624528E+018
3.507165E+018
3.324369E+018
3.205059E+018
3.321197E+018
3.128152E+018
3.115352E+018
2.983526E+018
2.986682E+018
2.825446E+018
2.637459E+018
2.649857E+018
2.422891E+018
2.301149E+018
2.236055E+018
2.173841E+018
2.147949E+018
1.90517E+018
1.80193E+018
1.731746E+018
1.55904E+018
1.369322E+018
1.368972E+018
1.169353E+018
1.040016E+018
8.506289E+017
6.66135E+017
5.364001E+017
4.170379E+017
2.704555E+017
2.548807E+017
4.117519E+017
5.547279E+017
7.910615E+017
8.753641E+017
9.833894E+017
1.132661E+018
1.242896E+018
1.410416E+018
1.649367E+018
1.679498E+018
1.796862E+018
2.004925E+018
2.162061E+018
2.254224E+018
2.369145E+018
2.453295E+018
2.5201E+018
2.683252E+018
2.782819E+018
2.972212E+018
3.073253E+018
3.04715E+018
3.317633E+018
3.262952E+018
3.42041E+018
3.442722E+018
3.515334E+018
3.521957E+018
3.584943E+018
3.568722E+018
3.629603E+018
3.741966E+018
3.827511E+018
3.795139E+018
3.906391E+018
3.784866E+018
3.934177E+018
3.904606E+018
4.043496E+018
3.892698E+018
3.874969E+018
3.997095E+018
3.912926E+018
3.80225E+018
3.904231E+018
3.724111E+018
3.809316E+018
3.671575E+018
3.770548E+018
3.500732E+018
3.542091E+018
3.515623E+018
3.324222E+018
3.433172E+018
3.280368E+018
3.142056E+018
3.047472E+018
2.992772E+018
2.986719E+018
2.732657E+018
2.608163E+018
2.605913E+018
2.462415E+018
2.344274E+018
2.182198E+018
2.138108E+018
1.879113E+018
1.778211E+018
1.735345E+018
1.478975E+018
1.397812E+018
1.3412E+018
1.25624E+018
1.109105E+018
8.635964E+017
6.724853E+017
5.296646E+017
4.017834E+017
2.644302E+017
2.325888E+017
4.251157E+017
5.199012E+017
7.142815E+017
8.562255E+017
9.297885E+017
1.14879E+018
1.379031E+018
1.421585E+018
1.633407E+018
1.761103E+018
1.910919E+018
2.057384E+018
2.095174E+018
2.251597E+018
2.368217E+018
2.484118E+018
2.600547E+018
2.707502E+018
2.819301E+018
2.932672E+018
2.97184E+018
3.239228E+018
3.189006E+018
3.508307E+018
3.331199E+018
3.518293E+018
3.498576E+018
3.525413E+018
3.621731E+018
3.653059E+018
3.757599E+018
3.750035E+018
3.906053E+018
3.86873E+018
3.825765E+018
3.814474E+018
3.962139E+018
4.013553E+018
3.828094E+018
3.861904E+018
4.109741E+018
3.960616E+018
3.961274E+018
3.864172E+018
3.929488E+018
3.769555E+018
3.759186E+018
3.705201E+018
3.673763E+018
3.676585E+018
3.680674E+018
3.605592E+018
3.508682E+018
3.337463E+018
3.341535E+018
3.063804E+018
2.997107E+018
2.988449E+018
2.946336E+018
2.695465E+018
2.642751E+018
2.635555E+018
2.400994E+018
2.277388E+018
2.242767E+018
2.034613E+018
1.928331E+018
1.795723E+018
1.736276E+018
1.582951E+018
1.468356E+018
1.351652E+018
1.221384E+018
1.09897E+018
8.322665E+017
6.984483E+017
5.777274E+017
3.757354E+017
2.436626E+017
2.399179E+017
3.979274E+017
5.405809E+017
7.060522E+017
8.8459E+017
1.01952E+018
1.170226E+018
1.419671E+018
1.396188E+018
1.664829E+018
1.771972E+018
1.938417E+018
2.023939E+018
2.191888E+018
2.348638E+018
2.383926E+018
2.532377E+018
2.668594E+018
2.651994E+018
2.816553E+018
2.931674E+018
3.04478E+018
3.189684E+018
3.263888E+018
3.385302E+018
3.358558E+018
3.557078E+018
3.445057E+018
3.547147E+018
3.841474E+018
3.68113E+018
3.656858E+018
3.658078E+018
3.833594E+018
3.923426E+018
3.995673E+018
3.930673E+018
4.147607E+018
4.220636E+018
4.241585E+018
4.219088E+018
4.062073E+018
4.046744E+018
3.912381E+018
3.87213E+018
3.835001E+018
3.781805E+018
3.854625E+018
3.858354E+018
3.554183E+018
3.601999E+018
3.618643E+018
3.620241E+018
3.386636E+018
3.225952E+018
3.305643E+018
3.291088E+018
2.98691E+018
2.932928E+018
2.841592E+018
2.810841E+018
2.682652E+018
2.549637E+018
2.449725E+018
2.349164E+018
2.301544E+018
2.030497E+018
2.049913E+018
1.861743E+018
1.740914E+018
1.636702E+018
1.471359E+018
1.384301E+018
1.215908E+018
1.086903E+018
8.599556E+017
7.242467E+017
5.886281E+017
4.092963E+017
2.139882E+017
2.743406E+017
4.586595E+017
5.742787E+017
7.624543E+017
8.140432E+017
1.027183E+018
1.192686E+018
1.370361E+018
1.533373E+018
1.61913E+018
1.73071E+018
1.905543E+018
2.106323E+018
2.148738E+018
2.300396E+018
2.496591E+018
2.549282E+018
2.612647E+018
2.806981E+018
2.807854E+018
2.868902E+018
2.977171E+018
3.129744E+018
3.340502E+018
3.44945E+018
3.428404E+018
3.505777E+018
3.606235E+018
3.707654E+018
3.822055E+018
3.864053E+018
3.815112E+018
3.813509E+018
3.929559E+018
3.814108E+018
3.982304E+018
4.050521E+018
3.950261E+018
4.092713E+018
4.110751E+018
4.18105E+018
4.145826E+018
4.035497E+018
3.988685E+018
4.042466E+018
4.061277E+018
3.938398E+018
3.953771E+018
3.904993E+018
3.677039E+018
3.799506E+018
3.689308E+018
3.604723E+018
3.425068E+018
3.36161E+018
3.454231E+018
3.324576E+018
3.147673E+018
3.03097E+018
2.97314E+018
2.925725E+018
2.817717E+018
2.618349E+018
2.619772E+018
2.420683E+018
2.136713E+018
2.166344E+018
2.000012E+018
1.887914E+018
1.655407E+018
1.623322E+018
1.462231E+018
1.317373E+018
1.216106E+018
1.102316E+018
9.225669E+017
7.17771E+017
6.051947E+017
4.498637E+017
2.257191E+017
2.481131E+017
4.068159E+017
5.754617E+017
7.617262E+017
9.375368E+017
1.052061E+018
1.230115E+018
1.346202E+018
1.448784E+018
1.658982E+018
1.732458E+018
1.894501E+018
2.09427E+018
2.152975E+018
2.381156E+018
2.536853E+018
2.529558E+018
2.705764E+018
2.829537E+018
2.892359E+018
2.956243E+018
3.100157E+018
3.154165E+018
3.302601E+018
3.23143E+018
3.3736E+018
3.454065E+018
3.671616E+018
3.705205E+018
3.846578E+018
3.893575E+018
3.793952E+018
3.929578E+018
4.015782E+018
3.997042E+018
4.121E+018
4.103949E+018
4.116827E+018
4.154399E+018
4.111738E+018
4.13062E+018
4.120251E+018
4.055334E+018
4.105599E+018
4.023697E+018
4.033376E+018
4.016582E+018
3.948977E+018
3.867679E+018
3.947639E+018
3.719698E+018
3.733996E+018
3.572647E+018
3.538238E+018
3.386764E+018
3.506213E+018
3.325181E+018
3.057285E+018
3.211899E+018
3.036624E+018
2.954827E+018
2.849468E+018
2.612624E+018
2.483386E+018
2.450414E+018
2.294425E+018
2.179541E+018
1.950393E+018
1.863994E+018
1.829904E+018
1.627107E+018
1.508417E+018
1.378578E+018
1.185151E+018
1.02549E+018
8.692137E+017
7.732219E+017
5.561723E+017
4.075352E+017
2.065955E+017
2.552969E+017
4.321464E+017
5.955E+017
7.286532E+017
9.007427E+017
1.063198E+018
1.213325E+018
1.386465E+018
1.518039E+018
1.707308E+018
1.769967E+018
2.00211E+018
1.965072E+018
2.25988E+018
2.435197E+018
2.452388E+018
2.641821E+018
2.769113E+018
2.826405E+018
2.899624E+018
3.024908E+018
3.185813E+018
3.176075E+018
3.330359E+018
3.356371E+018
3.588016E+018
3.570755E+018
3.580688E+018
3.807876E+018
3.951072E+018
3.819492E+018
3.934212E+018
3.973897E+018
4.107971E+018
4.021919E+018
4.110446E+018
4.199758E+018
4.105341E+018
4.191138E+018
4.04628E+018
4.211261E+018
4.261089E+018
4.111212E+018
4.14958E+018
4.041196E+018
4.053498E+018
4.081629E+018
3.959985E+018
4.00734E+018
3.801553E+018
3.86095E+018
3.647869E+018
3.475121E+018
3.432523E+018
3.547038E+018
3.370534E+018
3.206672E+018
3.243168E+018
3.134419E+018
2.921471E+018
2.938175E+018
2.869069E+018
2.60792E+018
2.65532E+018
2.361318E+018
2.295475E+018
2.17477E+018
2.05274E+018
1.815189E+018
1.924175E+018
1.704556E+018
1.577442E+018
1.247655E+018
1.199216E+018
1.011409E+018
8.477806E+017
8.28934E+017
6.25131E+017
3.616518E+017
2.15663E+017
2.639734E+017
4.303066E+017
5.796469E+017
7.563422E+017
8.848683E+017
1.105004E+018
1.250578E+018
1.448576E+018
1.53946E+018
1.732151E+018
1.825288E+018
1.985462E+018
2.091532E+018
2.206187E+018
2.508098E+018
2.613996E+018
2.646916E+018
2.802814E+018
2.824128E+018
3.020574E+018
3.082023E+018
3.194264E+018
3.360358E+018
3.303935E+018
3.3795E+018
3.520105E+018
3.553154E+018
3.741536E+018
3.865856E+018
3.854611E+018
3.898572E+018
4.048824E+018
4.22306E+018
4.155507E+018
4.157361E+018
4.018089E+018
4.009508E+018
4.156651E+018
4.12995E+018
4.174989E+018
4.209654E+018
4.220911E+018
4.221998E+018
4.154796E+018
4.057092E+018
3.948849E+018
4.222019E+018
4.158937E+018
4.076597E+018
3.943657E+018
3.861096E+018
3.657679E+018
3.64385E+018
3.446335E+018
3.51332E+018
3.34207E+018
3.420009E+018
3.179551E+018
3.268931E+018
3.108923E+018
3.036373E+018
2.897107E+018
2.632734E+018
2.739197E+018
2.509885E+018
2.244039E+018
2.277261E+018
2.131761E+018
1.877789E+018
1.840587E+018
1.636541E+018
1.597581E+018
1.432187E+018
1.201664E+018
1.025708E+018
9.037761E+017
8.198553E+017
5.844625E+017
3.955015E+017
2.416831E+017
2.556014E+017
4.744141E+017
6.626838E+017
8.14245E+017
9.264297E+017
1.159953E+018
1.306109E+018
1.443167E+018
1.656749E+018
1.7914E+018
1.842363E+018
1.970509E+018
2.138347E+018
2.212391E+018
2.479449E+018
2.567722E+018
2.736069E+018
2.73823E+018
2.945694E+018
3.183354E+018
3.274723E+018
3.093555E+018
3.154303E+018
3.280879E+018
3.446336E+018
3.589775E+018
3.549358E+018
3.711466E+018
3.885314E+018
3.94715E+018
3.909213E+018
4.056707E+018
4.130489E+018
4.082654E+018
4.23015E+018
4.161458E+018
4.147455E+018
4.185768E+018
4.208406E+018
4.136126E+018
4.172215E+018
4.119258E+018
4.274693E+018
4.057734E+018
4.063941E+018
4.215765E+018
3.999333E+018
4.108182E+018
4.069736E+018
3.957691E+018
3.933803E+018
3.724176E+018
3.626221E+018
3.536397E+018
3.429196E+018
3.379472E+018
3.362418E+018
3.411576E+018
3.020226E+018
3.022842E+018
2.982572E+018
2.859143E+018
2.693612E+018
2.649146E+018
2.401544E+018
2.329041E+018
2.271922E+018
2.061531E+018
1.976892E+018
1.793016E+018
1.643457E+018
1.499025E+018
1.312676E+018
1.264778E+018
1.068449E+018
9.123681E+017
7.335518E+017
5.551177E+017
3.993641E+017
2.698294E+017
2.479606E+017
4.787546E+017
6.289801E+017
8.169853E+017
9.353013E+017
1.175742E+018
1.284288E+018
1.389869E+018
1.561344E+018
1.661016E+018
1.90531E+018
2.009648E+018
2.101309E+018
2.280712E+018
2.381362E+018
2.602572E+018
2.681581E+018
2.870673E+018
2.994845E+018
3.160554E+018
3.243069E+018
3.320987E+018
3.340918E+018
3.498766E+018
3.497655E+018
3.622923E+018
3.598851E+018
3.717571E+018
3.889592E+018
4.082788E+018
3.777268E+018
4.065177E+018
4.046299E+018
4.102949E+018
4.229615E+018
4.128712E+018
4.250629E+018
4.152459E+018
4.26402E+018
4.163063E+018
4.193112E+018
4.227286E+018
4.237027E+018
4.185434E+018
4.222378E+018
4.204024E+018
4.110276E+018
4.162795E+018
4.046325E+018
3.913404E+018
3.89714E+018
3.844578E+018
3.679027E+018
3.608907E+018
3.622704E+018
3.480513E+018
3.437862E+018
3.233798E+018
3.290403E+018
2.943384E+018
2.903491E+018
2.704631E+018
2.697551E+018
2.617378E+018
2.427317E+018
2.333702E+018
2.234809E+018
2.249339E+018
1.958555E+018
1.859636E+018
1.643649E+018
1.521238E+018
1.323753E+018
1.261442E+018
1.093427E+018
9.224772E+017
6.934995E+017
5.682092E+017
4.323212E+017
2.500321E+017
2.544477E+017
4.417765E+017
6.274095E+017
7.766326E+017
9.54347E+017
1.085225E+018
1.289188E+018
1.501572E+018
1.627133E+018
1.750882E+018
1.929489E+018
2.089676E+018
2.151386E+018
2.298169E+018
2.313594E+018
2.468995E+018
2.826975E+018
2.94653E+018
2.955818E+018
3.117518E+018
3.145722E+018
3.201149E+018
3.285593E+018
3.414711E+018
3.487935E+018
3.653328E+018
3.629629E+018
3.635382E+018
3.78188E+018
3.959267E+018
3.83941E+018
4.096659E+018
3.972317E+018
4.078629E+018
4.12223E+018
4.15799E+018
4.117376E+018
4.371725E+018
4.214486E+018
4.238439E+018
4.101373E+018
4.136042E+018
4.141624E+018
4.280612E+018
4.255213E+018
4.14641E+018
4.079716E+018
4.104353E+018
3.99704E+018
3.968387E+018
3.737007E+018
3.91752E+018
3.709004E+018
3.516808E+018
3.579907E+018
3.46181E+018
3.31861E+018
3.37017E+018
3.387619E+018
3.03737E+018
2.93868E+018
2.719027E+018
2.75133E+018
2.714844E+018
2.445721E+018
2.313137E+018
2.137486E+018
2.05001E+018
2.014865E+018
1.755233E+018
1.611025E+018
1.46651E+018
1.297561E+018
1.18806E+018
9.890204E+017
9.46367E+017
8.156345E+017
5.749641E+017
4.193144E+017
2.419065E+017
2.927478E+017
4.684121E+017
5.722564E+017
7.157111E+017
8.796923E+017
1.150313E+018
1.263279E+018
1.413465E+018
1.516288E+018
1.694687E+018
1.821221E+018
1.917063E+018
2.191122E+018
2.334101E+018
2.435685E+018
2.489773E+018
2.814291E+018
2.942239E+018
2.985758E+018
3.201934E+018
3.192512E+018
3.334074E+018
3.43088E+018
3.570614E+018
3.620293E+018
3.583351E+018
3.660643E+018
3.801799E+018
3.983072E+018
4.017515E+018
3.868608E+018
4.036617E+018
3.83735E+018
4.1938E+018
4.393228E+018
4.065055E+018
4.236424E+018
4.185689E+018
4.371472E+018
4.283056E+018
4.141272E+018
4.070441E+018
4.292529E+018
4.134235E+018
4.179485E+018
4.118575E+018
4.25241E+018
3.961868E+018
4.092461E+018
3.973541E+018
4.078973E+018
3.874236E+018
3.837412E+018
3.739466E+018
3.527262E+018
3.593298E+018
3.252835E+018
3.233568E+018
3.252522E+018
3.058416E+018
2.844284E+018
2.829204E+018
2.788585E+018
2.590672E+018
2.614078E+018
2.395271E+018
2.308384E+018
2.126014E+018
1.924017E+018
1.722953E+018
1.636601E+018
1.496895E+018
1.427201E+018
1.220072E+018
1.055178E+018
8.884517E+017
7.90464E+017
5.7768E+017
4.535651E+017
2.398272E+017
2.36717E+017
4.322871E+017
6.287617E+017
8.10515E+017
8.482207E+017
1.040285E+018
1.270292E+018
1.423733E+018
1.539303E+018
1.766651E+018
1.959766E+018
2.033162E+018
2.143757E+018
2.335151E+018
2.479237E+018
2.603066E+018
2.739235E+018
2.883269E+018
2.933723E+018
2.981809E+018
3.144554E+018
3.124797E+018
3.460119E+018
3.694979E+018
3.66279E+018
3.590535E+018
3.667664E+018
4.010672E+018
3.953996E+018
3.879107E+018
4.036777E+018
3.902907E+018
4.00099E+018
4.052347E+018
4.081475E+018
4.090025E+018
4.24599E+018
4.082132E+018
4.171826E+018
4.261441E+018
4.085155E+018
4.241505E+018
4.198102E+018
4.307627E+018
4.151926E+018
4.043609E+018
3.950185E+018
4.001588E+018
3.953956E+018
4.006085E+018
3.853795E+018
3.866999E+018
3.709675E+018
3.619777E+018
3.499474E+018
3.474977E+018
3.387776E+018
3.222779E+018
3.097804E+018
3.035693E+018
2.973142E+018
2.907134E+018
2.878474E+018
2.583387E+018
2.508848E+018
2.469985E+018
2.263264E+018
2.080477E+018
1.856106E+018
1.721905E+018
1.57851E+018
1.588178E+018
1.329219E+018
1.214433E+018
1.070673E+018
8.314546E+017
7.162239E+017
6.072271E+017
4.51106E+017
2.453745E+017
2.646749E+017
4.106241E+017
5.692225E+017
7.740895E+017
9.667436E+017
1.063827E+018
1.233121E+018
1.452181E+018
1.544721E+018
1.725256E+018
1.880118E+018
2.031826E+018
2.216886E+018
2.355357E+018
2.49364E+018
2.550727E+018
2.650829E+018
2.8594E+018
2.869736E+018
2.958609E+018
3.123637E+018
3.364151E+018
3.273293E+018
3.512787E+018
3.646748E+018
3.495986E+018
3.748751E+018
3.753794E+018
3.872957E+018
3.960904E+018
4.047439E+018
4.003071E+018
3.975941E+018
4.128076E+018
4.186542E+018
4.046071E+018
4.127595E+018
4.188648E+018
4.318246E+018
4.391542E+018
4.178253E+018
4.104043E+018
4.110049E+018
4.274202E+018
4.09461E+018
4.136795E+018
4.088496E+018
4.040127E+018
4.068064E+018
4.02975E+018
3.870182E+018
3.708984E+018
3.813842E+018
3.638363E+018
3.467657E+018
3.453871E+018
3.321838E+018
3.249307E+018
3.15227E+018
3.126532E+018
2.969991E+018
2.843591E+018
2.715704E+018
2.572956E+018
2.682081E+018
2.507748E+018
2.221946E+018
2.039303E+018
1.951424E+018
1.868935E+018
1.660338E+018
1.603836E+018
1.351556E+018
1.256439E+018
1.054211E+018
8.81849E+017
7.179058E+017
6.053276E+017
4.135742E+017
2.22077E+017
2.695245E+017
4.506865E+017
5.78672E+017
7.630996E+017
8.960846E+017
1.075504E+018
1.2383E+018
1.478748E+018
1.573194E+018
1.748042E+018
1.779825E+018
2.022841E+018
2.111142E+018
2.277071E+018
2.456923E+018
2.558001E+018
2.644901E+018
2.737251E+018
2.846495E+018
3.016626E+018
3.041E+018
3.162234E+018
3.375158E+018
3.51218E+018
3.504327E+018
3.580061E+018
3.761922E+018
3.973604E+018
3.895747E+018
3.96165E+018
3.962663E+018
4.037606E+018
4.213605E+018
4.145155E+018
3.93361E+018
4.186549E+018
4.185385E+018
4.097475E+018
4.326026E+018
4.36314E+018
4.279494E+018
4.21142E+018
4.192523E+018
4.205903E+018
4.047656E+018
4.12969E+018
3.991675E+018
3.92413E+018
3.85397E+018
3.961404E+018
3.792103E+018
3.773525E+018
3.871849E+018
3.698358E+018
3.579081E+018
3.643513E+018
3.266848E+018
3.312956E+018
3.242875E+018
3.088739E+018
2.983296E+018
2.866067E+018
2.754482E+018
2.615733E+018
2.528414E+018
2.429123E+018
2.260827E+018
1.947231E+018
1.907034E+018
1.847786E+018
1.684973E+018
1.507769E+018
1.420649E+018
1.271235E+018
1.064353E+018
9.136693E+017
7.622546E+017
5.578576E+017
4.322629E+017
2.437045E+017
2.551814E+017
4.390955E+017
6.270891E+017
7.880192E+017
9.67281E+017
1.122415E+018
1.180449E+018
1.348795E+018
1.533076E+018
1.743449E+018
1.862629E+018
2.064624E+018
2.222685E+018
2.395847E+018
2.463571E+018
2.647911E+018
2.623525E+018
2.799086E+018
2.836708E+018
3.005327E+018
3.117212E+018
3.344643E+018
3.309175E+018
3.567082E+018
3.43208E+018
3.645146E+018
3.652377E+018
3.766295E+018
3.938345E+018
3.918189E+018
3.840646E+018
4.032384E+018
4.123075E+018
3.8776E+018
4.066438E+018
4.246705E+018
4.206236E+018
4.117351E+018
4.278985E+018
4.228146E+018
4.212905E+018
4.181823E+018
4.2281E+018
4.060742E+018
4.056334E+018
4.183687E+018
3.975075E+018
3.833052E+018
3.897679E+018
3.861294E+018
3.725299E+018
3.630471E+018
3.772883E+018
3.607978E+018
3.534558E+018
3.562377E+018
3.281949E+018
3.203293E+018
3.102176E+018
2.882769E+018
2.845926E+018
2.892353E+018
2.727515E+018
2.604139E+018
2.540518E+018
2.403215E+018
2.181232E+018
2.144629E+018
2.079306E+018
1.797174E+018
1.657768E+018
1.582134E+018
1.391286E+018
1.23874E+018
1.066744E+018
8.86231E+017
7.391398E+017
5.550773E+017
4.197875E+017
2.441825E+017
2.767146E+017
4.228072E+017
6.054573E+017
7.577724E+017
8.792587E+017
1.079698E+018
1.208488E+018
1.366282E+018
1.577419E+018
1.639759E+018
1.896861E+018
1.99752E+018
2.157746E+018
2.287415E+018
2.354492E+018
2.618046E+018
2.684664E+018
2.746006E+018
2.975484E+018
3.008058E+018
3.063265E+018
3.22832E+018
3.380299E+018
3.476471E+018
3.491397E+018
3.558767E+018
3.704324E+018
3.745557E+018
3.983768E+018
3.938245E+018
3.966063E+018
4.03897E+018
4.058453E+018
3.981282E+018
4.163161E+018
4.13883E+018
4.17745E+018
4.180837E+018
4.192576E+018
4.180388E+018
4.161513E+018
4.04402E+018
3.978437E+018
3.997306E+018
4.06218E+018
4.010845E+018
3.960715E+018
3.883243E+018
3.844383E+018
3.946296E+018
3.819605E+018
3.74076E+018
3.726016E+018
3.602173E+018
3.6323E+018
3.571507E+018
3.354843E+018
3.113465E+018
3.041415E+018
3.002777E+018
2.822869E+018
2.774638E+018
2.639899E+018
2.464055E+018
2.392357E+018
2.209687E+018
2.135764E+018
2.028833E+018
1.942158E+018
1.831421E+018
1.685707E+018
1.596321E+018
1.39942E+018
1.251402E+018
1.122819E+018
8.864033E+017
7.496851E+017
6.25435E+017
4.147167E+017
2.660536E+017
2.483716E+017
4.559103E+017
5.846206E+017
7.959893E+017
9.460845E+017
1.113393E+018
1.185504E+018
1.407662E+018
1.507129E+018
1.640232E+018
1.777733E+018
1.952397E+018
2.141003E+018
2.229911E+018
2.398821E+018
2.615647E+018
2.59519E+018
2.750028E+018
2.963646E+018
2.996253E+018
3.100813E+018
3.062076E+018
3.277856E+018
3.365141E+018
3.575975E+018
3.453074E+018
3.65092E+018
3.726649E+018
3.838727E+018
3.909611E+018
3.955532E+018
3.980906E+018
3.996135E+018
4.076913E+018
4.084106E+018
4.202105E+018
4.156207E+018
4.17343E+018
4.104033E+018
4.251268E+018
4.187841E+018
4.161437E+018
4.059215E+018
4.102529E+018
4.050462E+018
4.062119E+018
3.981433E+018
3.848744E+018
3.936803E+018
3.726404E+018
3.7066E+018
3.70612E+018
3.65281E+018
3.65525E+018
3.593859E+018
3.396759E+018
3.215128E+018
3.044766E+018
3.049692E+018
2.832822E+018
2.817659E+018
2.753892E+018
2.727161E+018
2.619622E+018
2.434915E+018
2.299813E+018
2.120291E+018
1.937107E+018
1.91527E+018
1.739251E+018
1.686925E+018
1.562219E+018
1.387425E+018
1.242402E+018
1.050912E+018
8.989021E+017
6.971948E+017
5.202025E+017
3.745104E+017
2.172331E+017
2.82616E+017
4.231926E+017
6.184826E+017
8.140125E+017
9.025199E+017
1.081031E+018
1.194245E+018
1.421655E+018
1.352962E+018
1.638118E+018
1.775413E+018
1.899582E+018
2.143384E+018
2.22733E+018
2.464275E+018
2.477167E+018
2.536213E+018
2.615969E+018
2.948958E+018
2.875287E+018
3.025401E+018
3.229776E+018
3.350661E+018
3.392783E+018
3.535125E+018
3.600048E+018
3.774835E+018
3.66457E+018
3.725878E+018
3.902772E+018
3.763497E+018
3.92288E+018
3.999525E+018
4.03443E+018
4.07902E+018
4.052188E+018
4.074682E+018
4.225319E+018
4.282241E+018
4.209481E+018
4.113361E+018
4.017747E+018
4.019722E+018
4.032381E+018
4.132772E+018
4.066467E+018
3.896027E+018
3.866472E+018
3.723682E+018
3.652639E+018
3.785781E+018
3.729047E+018
3.588823E+018
3.490004E+018
3.455776E+018
3.317617E+018
3.248765E+018
3.126606E+018
3.159338E+018
2.99549E+018
2.753867E+018
2.831564E+018
2.694724E+018
2.609029E+018
2.468701E+018
2.311206E+018
2.189345E+018
1.905824E+018
1.846543E+018
1.707009E+018
1.635684E+018
1.462462E+018
1.446312E+018
1.199214E+018
1.061595E+018
8.183412E+017
7.444149E+017
5.652447E+017
4.230905E+017
2.406854E+017
2.794835E+017
4.577502E+017
6.155714E+017
7.654499E+017
8.538426E+017
1.03875E+018
1.177174E+018
1.313413E+018
1.45475E+018
1.590452E+018
1.812983E+018
1.902697E+018
2.075664E+018
2.204023E+018
2.415411E+018
2.495693E+018
2.5599E+018
2.748344E+018
2.712133E+018
2.887877E+018
3.013967E+018
3.114386E+018
3.235154E+018
3.225127E+018
3.462947E+018
3.536888E+018
3.601141E+018
3.740183E+018
3.761534E+018
3.779711E+018
3.814881E+018
3.900491E+018
3.948129E+018
3.79919E+018
3.957222E+018
4.074911E+018
4.091936E+018
4.097327E+018
4.172968E+018
4.097815E+018
4.05857E+018
4.067751E+018
4.07537E+018
4.177822E+018
3.861887E+018
4.105802E+018
3.893392E+018
3.821323E+018
3.688359E+018
3.61348E+018
3.657505E+018
3.754656E+018
3.564191E+018
3.559965E+018
3.429409E+018
3.284987E+018
3.363477E+018
3.134822E+018
3.042925E+018
2.950386E+018
2.856633E+018
2.783221E+018
2.625512E+018
2.402621E+018
2.358481E+018
2.229069E+018
2.13805E+018
1.955639E+018
1.834281E+018
1.721258E+018
1.605515E+018
1.505976E+018
1.339283E+018
1.227777E+018
1.063353E+018
8.678929E+017
7.322847E+017
5.395225E+017
3.940962E+017
2.178623E+017
2.593403E+017
4.327715E+017
5.672895E+017
7.224096E+017
8.701723E+017
9.981006E+017
1.145161E+018
1.431695E+018
1.449683E+018
1.664642E+018
1.777643E+018
1.882722E+018
1.968427E+018
2.254708E+018
2.375342E+018
2.50068E+018
2.575347E+018
2.612366E+018
2.823939E+018
3.030278E+018
2.914572E+018
3.114204E+018
3.209239E+018
3.219804E+018
3.463046E+018
3.452209E+018
3.512325E+018
3.520418E+018
3.709251E+018
3.72497E+018
3.622964E+018
3.736268E+018
3.870204E+018
3.944198E+018
3.96165E+018
4.031171E+018
4.018985E+018
3.901211E+018
4.047897E+018
4.02963E+018
4.016892E+018
4.035647E+018
3.949192E+018
3.863619E+018
3.893621E+018
3.759831E+018
3.733106E+018
3.887319E+018
3.907814E+018
3.789954E+018
3.711286E+018
3.675361E+018
3.548288E+018
3.523454E+018
3.321127E+018
3.273202E+018
3.327673E+018
3.074405E+018
3.060559E+018
2.782365E+018
2.746331E+018
2.745392E+018
2.583104E+018
2.390525E+018
2.31913E+018
2.221641E+018
2.060212E+018
1.95827E+018
1.730164E+018
1.622862E+018
1.544393E+018
1.438052E+018
1.337239E+018
1.127009E+018
9.667542E+017
8.429981E+017
7.271581E+017
5.934182E+017
3.945088E+017
2.274009E+017
2.375459E+017
3.844194E+017
5.365937E+017
6.833645E+017
8.56932E+017
9.478169E+017
1.17841E+018
1.393905E+018
1.414908E+018
1.630923E+018
1.753717E+018
2.00463E+018
1.982378E+018
2.255932E+018
2.339408E+018
2.417961E+018
2.412152E+018
2.64906E+018
2.715253E+018
2.930868E+018
3.032618E+018
2.911158E+018
3.067627E+018
3.122011E+018
3.271254E+018
3.425924E+018
3.484731E+018
3.385443E+018
3.769801E+018
3.679919E+018
3.701887E+018
3.711799E+018
3.808397E+018
3.780968E+018
3.849917E+018
3.999887E+018
3.994161E+018
3.844091E+018
4.047547E+018
4.037891E+018
3.970957E+018
3.802623E+018
4.047106E+018
4.058486E+018
3.885461E+018
3.700988E+018
3.798859E+018
3.778831E+018
3.812592E+018
3.634758E+018
3.763591E+018
3.549246E+018
3.567279E+018
3.40918E+018
3.351193E+018
3.333421E+018
3.237914E+018
3.068424E+018
3.126873E+018
2.815402E+018
2.680711E+018
2.687604E+018
2.447873E+018
2.410097E+018
2.148971E+018
2.135104E+018
2.090664E+018
1.938299E+018
1.799796E+018
1.605484E+018
1.5406E+018
1.457291E+018
1.311554E+018
1.190615E+018
1.052835E+018
8.211024E+017
7.452206E+017
5.536067E+017
4.385447E+017
2.187882E+017
2.678741E+017
3.966489E+017
5.45024E+017
7.206425E+017
8.998628E+017
1.065526E+018
1.16501E+018
1.321868E+018
1.483176E+018
1.652564E+018
1.67642E+018
1.9096E+018
2.118343E+018
2.148427E+018
2.279991E+018
2.374686E+018
2.476067E+018
2.557129E+018
2.695627E+018
2.776283E+018
2.859923E+018
2.878528E+018
2.967293E+018
3.091628E+018
3.230491E+018
3.418247E+018
3.57944E+018
3.51468E+018
3.38092E+018
3.583435E+018
3.75634E+018
3.694867E+018
3.742212E+018
3.728926E+018
3.71447E+018
3.926989E+018
3.987682E+018
3.912111E+018
3.962126E+018
3.908095E+018
3.946182E+018
3.883062E+018
3.725981E+018
3.857467E+018
3.813617E+018
3.843947E+018
3.778183E+018
3.843402E+018
3.669575E+018
3.781075E+018
3.584077E+018
3.594734E+018
3.522672E+018
3.438235E+018
3.273353E+018
3.246873E+018
3.218133E+018
3.101378E+018
2.83428E+018
2.714554E+018
2.616588E+018
2.619284E+018
2.533173E+018
2.378517E+018
2.08441E+018
2.207271E+018
1.938734E+018
1.881459E+018
1.829744E+018
1.578225E+018
1.475895E+018
1.388852E+018
1.187076E+018
1.062748E+018
9.473178E+017
8.680155E+017
6.772052E+017
5.906945E+017
3.948887E+017
2.354625E+017
2.130231E+017
3.612909E+017
5.714004E+017
6.43685E+017
8.872507E+017
9.960325E+017
1.083559E+018
1.380795E+018
1.525524E+018
1.517538E+018
1.6299E+018
1.8499E+018
1.922219E+018
2.009596E+018
2.074281E+018
2.280793E+018
2.324972E+018
2.527701E+018
2.579628E+018
2.7232E+018
2.754829E+018
2.830662E+018
2.995642E+018
3.082364E+018
3.173834E+018
3.472834E+018
3.395431E+018
3.324131E+018
3.423511E+018
3.443987E+018
3.396919E+018
3.677807E+018
3.830291E+018
3.65619E+018
3.679532E+018
3.852809E+018
3.903166E+018
3.95174E+018
3.867383E+018
3.787533E+018
3.789241E+018
3.817955E+018
3.869815E+018
3.690766E+018
3.770832E+018
3.700062E+018
3.644136E+018
3.679367E+018
3.682739E+018
3.732473E+018
3.438622E+018
3.620526E+018
3.504242E+018
3.239889E+018
3.277033E+018
3.115601E+018
3.156518E+018
3.00874E+018
2.831183E+018
2.672006E+018
2.613966E+018
2.607339E+018
2.547834E+018
2.415258E+018
2.255748E+018
2.18358E+018
1.89252E+018
1.843388E+018
1.696105E+018
1.602215E+018
1.512999E+018
1.451016E+018
1.174402E+018
1.071494E+018
9.559072E+017
8.27697E+017
6.807031E+017
5.343399E+017
3.728164E+017
2.182229E+017
2.566919E+017
3.915225E+017
5.453238E+017
6.761492E+017
8.766159E+017
9.715057E+017
1.136914E+018
1.225141E+018
1.442509E+018
1.557244E+018
1.658525E+018
1.820104E+018
1.874045E+018
1.953289E+018
2.108306E+018
2.254341E+018
2.263328E+018
2.450492E+018
2.53425E+018
2.665516E+018
2.676756E+018
2.770457E+018
2.893102E+018
3.123216E+018
3.174395E+018
3.333881E+018
3.387598E+018
3.451132E+018
3.434698E+018
3.483123E+018
3.524075E+018
3.691563E+018
3.689484E+018
3.722576E+018
3.695952E+018
3.63235E+018
3.670759E+018
3.906858E+018
3.844066E+018
3.717354E+018
3.827956E+018
3.804969E+018
3.731885E+018
3.751773E+018
3.752737E+018
3.647418E+018
3.637189E+018
3.604097E+018
3.530804E+018
3.55338E+018
3.471338E+018
3.431217E+018
3.315341E+018
3.326897E+018
3.101828E+018
3.040519E+018
2.991416E+018
2.902688E+018
2.680219E+018
2.712535E+018
2.62122E+018
2.590266E+018
2.415962E+018
2.380891E+018
2.188499E+018
2.092123E+018
1.947443E+018
1.832326E+018
1.691237E+018
1.609054E+018
1.472086E+018
1.355959E+018
1.33474E+018
1.07539E+018
9.906466E+017
8.827468E+017
7.042922E+017
4.740573E+017
3.496994E+017
2.291097E+017
2.448235E+017
3.895368E+017
5.726793E+017
6.274991E+017
8.269886E+017
9.346641E+017
1.171618E+018
1.247639E+018
1.453814E+018
1.5688E+018
1.605676E+018
1.672081E+018
1.881188E+018
1.975188E+018
2.051511E+018
2.171907E+018
2.301825E+018
2.483437E+018
2.516639E+018
2.590852E+018
2.754363E+018
2.622531E+018
2.741904E+018
3.076864E+018
3.048238E+018
3.26027E+018
3.343708E+018
3.258759E+018
3.435615E+018
3.272826E+018
3.384914E+018
3.635496E+018
3.540431E+018
3.548945E+018
3.545814E+018
3.496562E+018
3.646012E+018
3.504757E+018
3.565172E+018
3.661883E+018
3.666124E+018
3.730247E+018
3.577156E+018
3.69013E+018
3.753474E+018
3.729187E+018
3.541999E+018
3.526889E+018
3.529669E+018
3.474601E+018
3.323278E+018
3.387134E+018
3.234039E+018
3.22648E+018
3.092439E+018
3.000419E+018
2.887009E+018
2.865229E+018
2.75627E+018
2.595475E+018
2.648182E+018
2.573299E+018
2.445169E+018
2.396904E+018
2.078114E+018
2.001567E+018
1.930569E+018
1.812407E+018
1.636007E+018
1.626906E+018
1.443991E+018
1.382281E+018
1.296702E+018
1.105169E+018
8.976732E+017
8.304312E+017
6.731489E+017
5.628807E+017
3.734666E+017
2.043625E+017
2.368634E+017
3.941128E+017
5.037439E+017
5.872793E+017
7.788697E+017
9.274436E+017
1.03795E+018
1.257116E+018
1.275957E+018
1.43169E+018
1.506999E+018
1.708002E+018
1.840176E+018
1.902733E+018
2.030726E+018
2.250383E+018
2.318619E+018
2.393499E+018
2.56444E+018
2.559308E+018
2.650765E+018
2.75274E+018
2.90384E+018
2.904637E+018
3.040122E+018
3.050042E+018
3.063329E+018
3.249531E+018
3.285504E+018
3.331377E+018
3.311536E+018
3.589728E+018
3.405403E+018
3.428693E+018
3.440359E+018
3.404796E+018
3.472597E+018
3.469085E+018
3.506476E+018
3.605736E+018
3.669223E+018
3.675501E+018
3.683289E+018
3.566043E+018
3.6108E+018
3.523543E+018
3.50817E+018
3.468228E+018
3.342161E+018
3.317517E+018
3.376841E+018
3.243843E+018
3.19695E+018
3.108532E+018
2.973942E+018
2.9045E+018
2.927342E+018
2.770385E+018
2.642869E+018
2.708698E+018
2.558037E+018
2.50446E+018
2.400169E+018
2.185188E+018
2.033226E+018
1.999677E+018
1.910289E+018
1.723147E+018
1.581619E+018
1.466416E+018
1.411957E+018
1.267623E+018
1.17713E+018
1.051816E+018
9.332229E+017
7.541164E+017
6.899133E+017
5.049625E+017
3.232792E+017
2.095558E+017
2.022433E+017
3.556091E+017
5.441099E+017
6.72798E+017
7.541861E+017
8.728338E+017
9.987932E+017
1.219319E+018
1.332744E+018
1.479878E+018
1.512489E+018
1.696298E+018
1.765854E+018
1.992349E+018
1.900341E+018
2.119523E+018
2.289376E+018
2.336876E+018
2.487734E+018
2.629802E+018
2.660829E+018
2.764383E+018
2.77545E+018
2.833315E+018
2.970077E+018
2.99779E+018
3.121592E+018
3.015303E+018
3.153503E+018
3.205339E+018
3.242369E+018
3.315464E+018
3.299911E+018
3.364344E+018
3.475923E+018
3.417006E+018
3.384136E+018
3.437553E+018
3.52141E+018
3.531511E+018
3.60091E+018
3.485451E+018
3.417556E+018
3.320239E+018
3.397426E+018
3.4114E+018
3.523736E+018
3.374826E+018
3.223392E+018
3.224139E+018
3.10154E+018
3.159321E+018
3.082446E+018
2.996968E+018
2.908014E+018
2.868146E+018
2.822649E+018
2.658685E+018
2.656057E+018
2.540209E+018
2.635899E+018
2.346086E+018
2.302728E+018
2.205202E+018
2.128661E+018
1.913997E+018
1.887377E+018
1.73319E+018
1.535537E+018
1.464957E+018
1.384039E+018
1.321317E+018
1.15669E+018
1.048132E+018
8.71952E+017
7.408202E+017
6.370577E+017
4.772717E+017
3.662132E+017
1.998728E+017
1.965679E+017
3.735226E+017
4.802493E+017
6.409861E+017
7.315564E+017
8.54313E+017
9.890878E+017
1.111114E+018
1.227575E+018
1.307936E+018
1.437643E+018
1.645774E+018
1.877867E+018
1.876221E+018
2.020065E+018
1.967464E+018
2.104539E+018
2.290608E+018
2.275396E+018
2.320067E+018
2.445312E+018
2.533205E+018
2.659048E+018
2.868659E+018
2.884807E+018
2.858345E+018
2.935152E+018
3.020448E+018
3.099813E+018
3.124056E+018
3.38401E+018
3.186523E+018
3.297719E+018
3.307708E+018
3.143937E+018
3.4596E+018
3.408125E+018
3.344534E+018
3.287458E+018
3.293327E+018
3.432655E+018
3.32899E+018
3.385952E+018
3.379106E+018
3.427422E+018
3.452769E+018
3.322923E+018
3.381795E+018
3.196253E+018
3.160085E+018
3.080555E+018
3.072446E+018
3.026538E+018
2.927109E+018
2.794918E+018
2.719969E+018
2.761515E+018
2.785101E+018
2.63112E+018
2.356184E+018
2.415844E+018
2.237272E+018
2.07984E+018
2.076453E+018
2.134133E+018
1.905089E+018
1.763163E+018
1.734124E+018
1.586312E+018
1.446138E+018
1.308976E+018
1.225042E+018
1.1885E+018
9.778212E+017
8.454801E+017
6.962271E+017
5.837818E+017
4.969287E+017
3.36831E+017
2.184016E+017
2.39301E+017
3.502503E+017
4.492631E+017
6.209914E+017
7.574084E+017
8.660631E+017
1.017852E+018
1.11942E+018
1.187937E+018
1.331498E+018
1.490841E+018
1.532487E+018
1.702162E+018
1.790152E+018
1.920651E+018
2.013138E+018
2.150863E+018
2.222329E+018
2.213799E+018
2.247816E+018
2.424296E+018
2.460678E+018
2.827902E+018
2.700186E+018
2.839279E+018
2.863676E+018
3.018273E+018
2.931335E+018
3.036289E+018
3.018442E+018
3.049505E+018
3.082833E+018
3.158122E+018
3.084028E+018
3.075048E+018
3.153985E+018
3.236532E+018
3.255006E+018
3.270643E+018
3.235032E+018
3.285424E+018
3.21954E+018
3.314847E+018
3.343865E+018
3.29008E+018
3.325786E+018
3.204882E+018
3.130101E+018
3.036819E+018
3.005539E+018
2.901164E+018
2.98272E+018
2.933584E+018
2.786212E+018
2.937178E+018
2.762372E+018
2.711477E+018
2.636035E+018
2.509315E+018
2.376696E+018
2.338594E+018
2.294681E+018
2.152121E+018
2.101156E+018
1.895513E+018
1.878547E+018
1.808614E+018
1.665457E+018
1.51648E+018
1.416292E+018
1.285645E+018
1.197924E+018
1.087308E+018
9.237907E+017
7.712923E+017
6.607992E+017
5.89858E+017
4.756852E+017
3.35296E+017
1.990636E+017
2.234718E+017
3.282119E+017
4.851355E+017
6.075701E+017
7.486765E+017
8.214463E+017
8.932637E+017
9.874658E+017
1.219299E+018
1.281437E+018
1.396569E+018
1.538527E+018
1.601415E+018
1.769498E+018
1.869561E+018
1.914455E+018
2.051894E+018
2.199413E+018
2.191234E+018
2.222731E+018
2.422298E+018
2.481039E+018
2.57069E+018
2.61553E+018
2.702228E+018
2.759542E+018
2.787424E+018
2.898843E+018
2.800148E+018
3.069729E+018
2.948144E+018
2.951831E+018
3.079707E+018
3.039039E+018
3.011569E+018
3.091355E+018
3.180775E+018
3.107219E+018
3.214429E+018
3.128503E+018
3.226945E+018
3.139364E+018
3.24637E+018
3.281429E+018
3.126834E+018
3.277021E+018
3.138281E+018
3.065292E+018
3.11039E+018
2.977215E+018
2.904303E+018
2.892903E+018
2.853264E+018
2.752926E+018
2.718268E+018
2.620891E+018
2.610158E+018
2.568115E+018
2.425118E+018
2.361935E+018
2.288851E+018
2.189056E+018
2.068668E+018
1.946933E+018
1.888557E+018
1.747117E+018
1.745471E+018
1.580235E+018
1.53882E+018
1.3351E+018
1.338023E+018
1.242624E+018
1.150375E+018
9.230364E+017
7.950653E+017
6.464191E+017
5.272535E+017
4.122264E+017
2.904906E+017
2.305423E+017
1.858925E+017
3.484893E+017
5.136066E+017
5.813176E+017
6.821437E+017
8.184822E+017
8.619397E+017
9.534538E+017
1.182955E+018
1.236972E+018
1.424929E+018
1.459031E+018
1.561927E+018
1.792891E+018
1.797179E+018
1.836967E+018
2.081985E+018
2.106233E+018
2.194947E+018
2.229775E+018
2.348694E+018
2.354204E+018
2.495214E+018
2.591761E+018
2.621694E+018
2.697906E+018
2.826039E+018
2.942043E+018
2.947832E+018
2.912341E+018
2.863081E+018
2.887774E+018
2.774399E+018
2.90292E+018
2.890684E+018
2.993626E+018
3.016274E+018
3.079109E+018
3.078044E+018
2.97501E+018
3.068188E+018
3.096922E+018
3.131622E+018
3.086468E+018
3.074919E+018
3.114971E+018
3.015029E+018
3.121442E+018
3.027124E+018
2.950555E+018
2.88062E+018
2.90785E+018
2.753277E+018
2.647685E+018
2.617876E+018
2.513731E+018
2.569644E+018
2.504282E+018
2.338988E+018
2.249101E+018
2.160049E+018
2.10182E+018
1.907679E+018
1.883108E+018
1.847584E+018
1.725521E+018
1.578792E+018
1.572256E+018
1.43275E+018
1.310903E+018
1.3299E+018
1.209219E+018
1.069101E+018
9.296702E+017
7.31395E+017
5.95207E+017
5.178661E+017
4.749942E+017
2.976718E+017
1.91241E+017
1.974545E+017
2.834781E+017
4.778742E+017
5.905709E+017
7.026096E+017
8.198384E+017
8.182057E+017
9.846583E+017
1.079551E+018
1.212682E+018
1.350739E+018
1.421796E+018
1.469059E+018
1.567205E+018
1.707299E+018
1.780965E+018
1.904741E+018
2.010465E+018
2.160393E+018
2.181997E+018
2.318495E+018
2.171611E+018
2.430267E+018
2.40536E+018
2.560503E+018
2.589633E+018
2.703204E+018
2.73429E+018
2.744993E+018
2.789193E+018
2.834192E+018
2.608297E+018
2.715464E+018
2.797984E+018
2.860997E+018
2.893051E+018
2.916899E+018
2.991975E+018
2.941261E+018
2.980433E+018
2.900321E+018
3.128088E+018
2.786066E+018
3.144056E+018
2.967298E+018
2.972958E+018
2.978083E+018
2.992532E+018
2.9869E+018
2.914589E+018
2.799894E+018
2.77191E+018
2.757276E+018
2.554664E+018
2.440673E+018
2.441951E+018
2.484024E+018
2.342403E+018
2.315506E+018
2.22242E+018
2.133654E+018
2.05086E+018
1.978614E+018
1.915733E+018
1.72522E+018
1.662541E+018
1.601063E+018
1.499703E+018
1.460295E+018
1.291104E+018
1.187442E+018
1.105747E+018
1.038152E+018
9.060459E+017
7.245137E+017
5.874903E+017
5.563289E+017
4.31859E+017
2.726603E+017
1.588474E+017
1.706653E+017
2.949982E+017
4.094079E+017
5.283449E+017
6.529724E+017
7.084738E+017
7.986829E+017
9.078042E+017
1.081687E+018
1.161791E+018
1.375926E+018
1.417417E+018
1.456607E+018
1.477417E+018
1.62016E+018
1.634902E+018
1.767878E+018
1.801613E+018
1.942664E+018
2.011894E+018
2.019308E+018
2.252379E+018
2.248969E+018
2.397913E+018
2.474413E+018
2.544412E+018
2.578825E+018
2.600432E+018
2.525636E+018
2.7344E+018
2.77902E+018
2.625604E+018
2.719382E+018
2.743919E+018
2.652227E+018
2.719516E+018
2.809775E+018
2.880348E+018
2.890597E+018
2.88407E+018
3.081544E+018
2.975547E+018
2.930043E+018
2.92337E+018
2.79538E+018
2.829096E+018
2.820164E+018
2.722111E+018
2.945829E+018
2.82054E+018
2.665602E+018
2.565496E+018
2.573848E+018
2.464273E+018
2.468038E+018
2.521315E+018
2.372956E+018
2.279434E+018
2.067849E+018
2.027697E+018
2.083952E+018
2.052071E+018
1.926932E+018
1.841831E+018
1.746218E+018
1.659179E+018
1.571825E+018
1.419747E+018
1.381097E+018
1.192412E+018
1.092524E+018
1.027014E+018
9.334184E+017
8.023286E+017
7.138473E+017
6.141217E+017
5.224593E+017
3.949902E+017
3.019988E+017
1.450041E+017
1.623436E+017
2.690722E+017
3.924021E+017
4.866911E+017
5.929017E+017
7.322662E+017
7.922195E+017
9.853874E+017
1.054898E+018
1.084743E+018
1.284163E+018
1.384833E+018
1.357797E+018
1.407451E+018
1.59777E+018
1.636985E+018
1.761233E+018
1.875471E+018
1.812326E+018
1.920478E+018
2.022302E+018
2.085837E+018
2.116777E+018
2.205542E+018
2.372212E+018
2.317735E+018
2.475922E+018
2.54022E+018
2.54432E+018
2.532428E+018
2.599195E+018
2.510521E+018
2.638426E+018
2.674675E+018
2.63601E+018
2.694325E+018
2.784168E+018
2.791112E+018
2.745301E+018
2.78942E+018
2.820377E+018
2.777077E+018
2.69291E+018
2.744227E+018
2.763659E+018
2.751244E+018
2.72096E+018
2.679755E+018
2.657777E+018
2.504401E+018
2.461711E+018
2.517242E+018
2.540489E+018
2.354881E+018
2.356825E+018
2.356468E+018
2.168572E+018
2.107955E+018
2.142269E+018
1.960979E+018
2.059432E+018
1.95433E+018
1.895156E+018
1.806273E+018
1.683073E+018
1.613487E+018
1.460114E+018
1.498078E+018
1.29293E+018
1.212628E+018
1.132616E+018
1.004973E+018
9.106694E+017
7.892192E+017
7.246546E+017
6.470399E+017
4.865034E+017
3.382363E+017
2.627358E+017
1.699586E+017
1.719866E+017
2.672378E+017
3.418448E+017
5.051595E+017
5.529839E+017
6.51247E+017
7.743456E+017
8.906902E+017
1.019909E+018
1.133873E+018
1.152545E+018
1.223861E+018
1.339309E+018
1.428629E+018
1.538455E+018
1.585924E+018
1.661258E+018
1.78038E+018
1.919677E+018
1.892516E+018
2.076983E+018
2.062061E+018
2.023906E+018
2.070637E+018
2.167768E+018
2.154693E+018
2.285851E+018
2.329049E+018
2.405125E+018
2.393627E+018
2.299303E+018
2.522846E+018
2.490769E+018
2.461289E+018
2.545425E+018
2.549398E+018
2.609828E+018
2.610774E+018
2.672218E+018
2.757302E+018
2.660039E+018
2.69302E+018
2.552895E+018
2.545673E+018
2.636705E+018
2.487512E+018
2.527255E+018
2.446148E+018
2.452173E+018
2.512684E+018
2.456977E+018
2.439468E+018
2.292153E+018
2.27115E+018
2.26919E+018
2.10937E+018
2.200231E+018
1.985835E+018
2.047133E+018
1.972795E+018
1.826606E+018
1.889984E+018
1.716283E+018
1.65631E+018
1.525688E+018
1.577397E+018
1.422527E+018
1.245932E+018
1.200867E+018
1.080271E+018
1.117446E+018
9.752743E+017
8.755557E+017
7.898475E+017
7.006415E+017
6.791329E+017
4.389961E+017
3.545712E+017
2.74656E+017
1.576298E+017
1.638194E+017
2.407604E+017
3.575482E+017
4.638219E+017
5.935317E+017
7.071106E+017
7.545985E+017
8.394099E+017
9.447467E+017
1.055705E+018
1.081956E+018
1.148493E+018
1.243456E+018
1.410458E+018
1.481836E+018
1.498262E+018
1.625445E+018
1.725231E+018
1.82305E+018
1.80664E+018
1.901194E+018
1.914191E+018
1.968043E+018
2.053612E+018
2.059228E+018
2.112371E+018
2.193592E+018
2.256627E+018
2.233212E+018
2.209093E+018
2.288377E+018
2.346278E+018
2.370117E+018
2.432994E+018
2.381217E+018
2.540727E+018
2.514237E+018
2.461923E+018
2.516425E+018
2.436171E+018
2.479744E+018
2.491273E+018
2.535746E+018
2.38928E+018
2.504938E+018
2.393516E+018
2.438971E+018
2.488003E+018
2.386563E+018
2.35049E+018
2.402289E+018
2.274721E+018
2.243825E+018
2.294793E+018
2.203997E+018
2.077604E+018
2.101869E+018
1.996493E+018
1.986504E+018
1.840816E+018
1.80306E+018
1.786971E+018
1.737407E+018
1.617602E+018
1.482384E+018
1.513076E+018
1.409926E+018
1.293231E+018
1.245272E+018
1.176508E+018
1.040117E+018
9.447715E+017
8.211683E+017
8.357694E+017
7.044232E+017
5.675165E+017
4.008928E+017
3.311653E+017
2.499102E+017
1.47954E+017
1.434948E+017
2.788252E+017
3.810309E+017
4.515967E+017
5.678799E+017
6.957847E+017
7.978723E+017
8.098427E+017
9.240529E+017
9.695812E+017
1.138119E+018
1.152308E+018
1.285301E+018
1.382312E+018
1.352299E+018
1.394761E+018
1.616323E+018
1.68597E+018
1.691553E+018
1.689612E+018
1.756841E+018
1.785972E+018
1.985857E+018
1.990707E+018
1.981569E+018
1.975046E+018
2.073464E+018
2.090492E+018
2.071271E+018
2.126349E+018
2.180245E+018
2.184364E+018
2.276296E+018
2.343262E+018
2.38878E+018
2.258982E+018
2.328258E+018
2.361313E+018
2.479866E+018
2.395946E+018
2.366982E+018
2.267073E+018
2.354E+018
2.294872E+018
2.326621E+018
2.26057E+018
2.415462E+018
2.333112E+018
2.234991E+018
2.134375E+018
2.222061E+018
2.1319E+018
2.093376E+018
2.169383E+018
2.043346E+018
1.960042E+018
1.978799E+018
1.88984E+018
1.959325E+018
1.787652E+018
1.748096E+018
1.642792E+018
1.571132E+018
1.521582E+018
1.351508E+018
1.387079E+018
1.33987E+018
1.310392E+018
1.150082E+018
1.09714E+018
9.75013E+017
8.627548E+017
7.712446E+017
7.611785E+017
6.351215E+017
5.850186E+017
4.08346E+017
2.954053E+017
2.412872E+017
1.507387E+017
1.242226E+017
2.545814E+017
3.344244E+017
4.124591E+017
4.887568E+017
6.103515E+017
7.503599E+017
8.649586E+017
8.356838E+017
9.119383E+017
1.023548E+018
1.124515E+018
1.182804E+018
1.242837E+018
1.312976E+018
1.425659E+018
1.521764E+018
1.511061E+018
1.509884E+018
1.629575E+018
1.654979E+018
1.773053E+018
1.89827E+018
1.881137E+018
1.876541E+018
1.976534E+018
2.044682E+018
1.973876E+018
2.072193E+018
1.919415E+018
2.054516E+018
2.053626E+018
2.179717E+018
2.164079E+018
2.266258E+018
2.216805E+018
2.174388E+018
2.162003E+018
2.177832E+018
2.252395E+018
2.222556E+018
2.215825E+018
2.220882E+018
2.182823E+018
2.163289E+018
2.135413E+018
2.300598E+018
2.328997E+018
2.113526E+018
2.108004E+018
2.040865E+018
2.061834E+018
1.99175E+018
2.026658E+018
1.98202E+018
1.831115E+018
1.845931E+018
1.829507E+018
1.720295E+018
1.7403E+018
1.718697E+018
1.508669E+018
1.52884E+018
1.463822E+018
1.284269E+018
1.343317E+018
1.310457E+018
1.242096E+018
1.127595E+018
9.842077E+017
9.913436E+017
8.687925E+017
7.458058E+017
6.742529E+017
5.804167E+017
5.202565E+017
4.132391E+017
3.155996E+017
2.617776E+017
1.445905E+017
1.250211E+017
2.221911E+017
3.047792E+017
4.011836E+017
5.501028E+017
5.781991E+017
6.603723E+017
6.780785E+017
7.979793E+017
8.269866E+017
9.343206E+017
1.050544E+018
1.078325E+018
1.145394E+018
1.228409E+018
1.282144E+018
1.378466E+018
1.353686E+018
1.432496E+018
1.573678E+018
1.562744E+018
1.605953E+018
1.67827E+018
1.858867E+018
1.81393E+018
1.831678E+018
1.864414E+018
1.817394E+018
1.858088E+018
1.923387E+018
1.974915E+018
1.984457E+018
2.028055E+018
2.066556E+018
1.957241E+018
2.059783E+018
2.1591E+018
2.065848E+018
2.084931E+018
2.110751E+018
2.109413E+018
2.087554E+018
2.079328E+018
2.078164E+018
2.044157E+018
2.140385E+018
2.083886E+018
2.162643E+018
1.941898E+018
1.968505E+018
1.945055E+018
2.018801E+018
1.86293E+018
1.811942E+018
1.835574E+018
1.824138E+018
1.822556E+018
1.783898E+018
1.655862E+018
1.546015E+018
1.538939E+018
1.439645E+018
1.389335E+018
1.329964E+018
1.385433E+018
1.25717E+018
1.213193E+018
1.088751E+018
1.013258E+018
9.197448E+017
8.7499E+017
7.582274E+017
6.319741E+017
6.288604E+017
6.019362E+017
4.877358E+017
3.328735E+017
2.93697E+017
1.950924E+017
1.364848E+017
1.155402E+017
1.921326E+017
2.948996E+017
3.849561E+017
4.039791E+017
5.393987E+017
6.456218E+017
6.930355E+017
7.70268E+017
7.965723E+017
9.019431E+017
8.997638E+017
9.615948E+017
1.035203E+018
1.206771E+018
1.208934E+018
1.229821E+018
1.285966E+018
1.370995E+018
1.441419E+018
1.440588E+018
1.483147E+018
1.578927E+018
1.633324E+018
1.542097E+018
1.582711E+018
1.657622E+018
1.645696E+018
1.795148E+018
1.812558E+018
1.714946E+018
1.79302E+018
1.825824E+018
1.846677E+018
1.937649E+018
1.89188E+018
1.926317E+018
1.934285E+018
1.990288E+018
1.954588E+018
1.969093E+018
2.031426E+018
1.875485E+018
1.952285E+018
1.90958E+018
1.8763E+018
1.891638E+018
1.756451E+018
1.820174E+018
1.796565E+018
1.838074E+018
1.829947E+018
1.794787E+018
1.69129E+018
1.738237E+018
1.664291E+018
1.678566E+018
1.624404E+018
1.631038E+018
1.496246E+018
1.466672E+018
1.316058E+018
1.312333E+018
1.198645E+018
1.27423E+018
1.15556E+018
1.025855E+018
1.019589E+018
9.863792E+017
8.923511E+017
7.959764E+017
7.442968E+017
5.944316E+017
5.569642E+017
4.943497E+017
4.149667E+017
3.869498E+017
2.584809E+017
1.98135E+017
1.257782E+017
1.190879E+017
2.031515E+017
2.559023E+017
3.021635E+017
3.953414E+017
4.840729E+017
5.486741E+017
6.450617E+017
7.090828E+017
8.686094E+017
8.09816E+017
8.305434E+017
9.771447E+017
1.04683E+018
1.082094E+018
1.141876E+018
1.161442E+018
1.244943E+018
1.241513E+018
1.202892E+018
1.231167E+018
1.453446E+018
1.589675E+018
1.546446E+018
1.484911E+018
1.572192E+018
1.581254E+018
1.535921E+018
1.60574E+018
1.682266E+018
1.628869E+018
1.718567E+018
1.694696E+018
1.733966E+018
1.694823E+018
1.705151E+018
1.720618E+018
1.722709E+018
1.819619E+018
1.834818E+018
1.864936E+018
1.836635E+018
1.76844E+018
1.818283E+018
1.857843E+018
1.753823E+018
1.74667E+018
1.662806E+018
1.756206E+018
1.799938E+018
1.691973E+018
1.624153E+018
1.688145E+018
1.665662E+018
1.64872E+018
1.594026E+018
1.500489E+018
1.518871E+018
1.429558E+018
1.361372E+018
1.32169E+018
1.270208E+018
1.177325E+018
1.196084E+018
1.214429E+018
1.108702E+018
1.008277E+018
9.37426E+017
8.669101E+017
8.453631E+017
7.921293E+017
6.936243E+017
5.896954E+017
5.571994E+017
4.71343E+017
3.740897E+017
3.507149E+017
2.601681E+017
1.979175E+017
1.18849E+017
1.017595E+017
1.719303E+017
2.270825E+017
2.961736E+017
3.871618E+017
4.431646E+017
5.288841E+017
5.817353E+017
6.174026E+017
7.408193E+017
7.583947E+017
7.837064E+017
8.645807E+017
8.600143E+017
9.661004E+017
1.03764E+018
1.123552E+018
1.128788E+018
1.136803E+018
1.166483E+018
1.214161E+018
1.271991E+018
1.332293E+018
1.388206E+018
1.377372E+018
1.400841E+018
1.466598E+018
1.567207E+018
1.467936E+018
1.58785E+018
1.634954E+018
1.584424E+018
1.524212E+018
1.56817E+018
1.56873E+018
1.701606E+018
1.617506E+018
1.609076E+018
1.680341E+018
1.593265E+018
1.607206E+018
1.661241E+018
1.714121E+018
1.673603E+018
1.664546E+018
1.622725E+018
1.574781E+018
1.638667E+018
1.55076E+018
1.519205E+018
1.600557E+018
1.609949E+018
1.480403E+018
1.467111E+018
1.563478E+018
1.468515E+018
1.428929E+018
1.343319E+018
1.387008E+018
1.367451E+018
1.241697E+018
1.166975E+018
1.1691E+018
1.103744E+018
9.9855E+017
8.957125E+017
9.311814E+017
9.391911E+017
8.805103E+017
7.485528E+017
7.359281E+017
6.767178E+017
5.796344E+017
4.79585E+017
4.710769E+017
3.58894E+017
3.264774E+017
2.510214E+017
1.755159E+017
1.146821E+017
9.102574E+016
1.434044E+017
2.236802E+017
3.083798E+017
3.398768E+017
3.924892E+017
4.822003E+017
5.343478E+017
6.199916E+017
6.39285E+017
6.986535E+017
7.759144E+017
7.934521E+017
8.037503E+017
9.272714E+017
9.371462E+017
9.960178E+017
1.031064E+018
1.07069E+018
1.060871E+018
1.079917E+018
1.214022E+018
1.157643E+018
1.282899E+018
1.326483E+018
1.314881E+018
1.268683E+018
1.354709E+018
1.427259E+018
1.39585E+018
1.437593E+018
1.406659E+018
1.518944E+018
1.317939E+018
1.470284E+018
1.483049E+018
1.469928E+018
1.481398E+018
1.443501E+018
1.45911E+018
1.497193E+018
1.445689E+018
1.503756E+018
1.507818E+018
1.465059E+018
1.522643E+018
1.428074E+018
1.418394E+018
1.455791E+018
1.440322E+018
1.418588E+018
1.410946E+018
1.383223E+018
1.367988E+018
1.405638E+018
1.245163E+018
1.298898E+018
1.266095E+018
1.209722E+018
1.151332E+018
1.191284E+018
1.120221E+018
9.511112E+017
9.401109E+017
9.27443E+017
8.686629E+017
8.412153E+017
7.075808E+017
7.752608E+017
6.926366E+017
6.60639E+017
5.598837E+017
5.416087E+017
4.260938E+017
4.051284E+017
3.497602E+017
3.282564E+017
2.256775E+017
1.542519E+017
1.012772E+017
8.7573E+016
1.477905E+017
1.655854E+017
2.402384E+017
2.664883E+017
3.63348E+017
3.840562E+017
4.884134E+017
5.017779E+017
5.851091E+017
6.006907E+017
6.479889E+017
7.600765E+017
8.33855E+017
7.945756E+017
8.326251E+017
8.66936E+017
9.414387E+017
9.328711E+017
9.83125E+017
1.016225E+018
1.072667E+018
1.09719E+018
1.210027E+018
1.245748E+018
1.11675E+018
1.130757E+018
1.25175E+018
1.188151E+018
1.284131E+018
1.213135E+018
1.305196E+018
1.295566E+018
1.304938E+018
1.29824E+018
1.329518E+018
1.344721E+018
1.341332E+018
1.367762E+018
1.328921E+018
1.369992E+018
1.367012E+018
1.353867E+018
1.38997E+018
1.314731E+018
1.403244E+018
1.267E+018
1.256828E+018
1.274636E+018
1.240167E+018
1.283855E+018
1.306055E+018
1.304775E+018
1.188555E+018
1.141248E+018
1.204526E+018
1.241147E+018
1.200233E+018
1.137497E+018
1.079042E+018
1.064851E+018
9.405839E+017
9.623672E+017
9.01473E+017
8.732079E+017
8.194646E+017
7.289024E+017
6.978247E+017
6.262428E+017
5.851484E+017
5.916362E+017
5.024026E+017
4.698092E+017
3.937503E+017
3.034108E+017
2.671365E+017
2.390715E+017
2.294987E+017
1.429486E+017
1.045545E+017
7.258821E+016
1.256065E+017
1.756109E+017
2.020841E+017
2.711414E+017
3.533171E+017
3.474265E+017
4.043327E+017
4.190682E+017
5.178014E+017
5.250403E+017
5.777397E+017
6.102453E+017
7.615893E+017
7.845549E+017
6.851161E+017
7.236885E+017
8.803801E+017
8.846259E+017
9.256039E+017
8.702093E+017
9.060105E+017
9.320314E+017
1.005181E+018
9.683036E+017
1.003832E+018
1.009102E+018
1.035782E+018
1.106077E+018
1.066877E+018
1.094064E+018
1.146772E+018
1.216725E+018
1.209247E+018
1.217163E+018
1.120311E+018
1.18724E+018
1.214446E+018
1.244798E+018
1.245159E+018
1.222874E+018
1.303394E+018
1.292419E+018
1.210656E+018
1.241824E+018
1.158813E+018
1.149142E+018
1.225031E+018
1.167914E+018
1.132664E+018
1.171549E+018
1.121165E+018
1.091161E+018
1.11045E+018
9.713686E+017
1.042701E+018
1.108974E+018
1.03004E+018
9.763931E+017
9.559317E+017
8.449208E+017
8.41783E+017
8.126526E+017
7.213405E+017
7.167993E+017
7.438198E+017
6.80851E+017
6.646347E+017
5.917147E+017
5.059925E+017
5.349608E+017
4.957923E+017
4.356018E+017
3.541305E+017
3.19068E+017
2.557082E+017
2.226578E+017
1.683678E+017
1.190706E+017
6.555798E+016
7.270879E+016
1.086049E+017
1.402795E+017
1.601982E+017
2.1686E+017
2.617922E+017
3.058432E+017
3.64344E+017
3.979742E+017
3.963049E+017
4.687587E+017
5.109859E+017
5.061743E+017
5.707682E+017
6.149484E+017
6.407274E+017
6.568487E+017
7.095772E+017
7.217727E+017
7.577775E+017
7.50336E+017
8.429016E+017
8.712926E+017
8.618677E+017
8.776013E+017
8.459659E+017
9.147495E+017
9.713738E+017
8.893974E+017
9.601983E+017
9.605591E+017
9.554282E+017
1.06506E+018
1.016962E+018
1.026443E+018
1.037711E+018
1.071019E+018
1.032442E+018
1.108891E+018
1.084929E+018
1.151115E+018
1.127677E+018
1.024738E+018
9.863363E+017
1.071924E+018
1.044525E+018
9.575459E+017
1.048133E+018
1.129203E+018
1.067164E+018
1.045332E+018
9.869966E+017
9.758038E+017
9.620753E+017
9.386999E+017
9.811873E+017
9.402305E+017
9.451844E+017
8.301588E+017
8.197465E+017
8.660517E+017
6.903027E+017
7.201377E+017
6.73374E+017
6.194811E+017
6.45622E+017
5.867373E+017
5.637339E+017
4.882654E+017
4.840255E+017
4.545898E+017
4.296324E+017
3.59028E+017
2.760943E+017
2.80382E+017
2.477801E+017
1.913096E+017
1.531338E+017
8.794488E+016
6.619785E+016
5.128432E+016
7.968094E+016
1.273287E+017
1.184131E+017
1.66136E+017
2.232828E+017
2.273146E+017
3.071771E+017
3.259277E+017
3.613004E+017
3.839859E+017
4.684353E+017
4.317756E+017
4.884457E+017
4.908244E+017
4.820477E+017
5.840949E+017
6.194838E+017
6.72805E+017
6.525583E+017
6.864004E+017
7.286909E+017
6.466379E+017
7.512777E+017
7.018523E+017
7.393477E+017
8.032685E+017
7.738914E+017
8.137075E+017
8.835337E+017
8.937087E+017
8.706161E+017
9.233687E+017
9.205655E+017
8.908403E+017
8.774763E+017
8.228885E+017
8.738169E+017
9.060564E+017
9.661138E+017
1.074236E+018
9.305162E+017
9.027873E+017
8.919078E+017
8.731751E+017
8.493448E+017
8.313098E+017
9.60152E+017
8.933192E+017
9.128002E+017
8.295074E+017
8.73274E+017
9.030829E+017
7.479207E+017
7.795068E+017
7.633629E+017
7.02746E+017
7.179859E+017
7.613204E+017
7.231775E+017
6.326992E+017
6.835913E+017
6.583937E+017
5.928157E+017
5.765159E+017
5.742229E+017
5.380343E+017
4.844226E+017
4.653092E+017
4.074657E+017
3.560088E+017
3.459184E+017
3.0105E+017
2.570507E+017
2.803174E+017
2.104084E+017
1.56731E+017
1.488998E+017
1.08986E+017
5.088455E+016
3.800206E+016
8.404512E+016
9.05847E+016
1.363512E+017
1.457248E+017
1.863056E+017
2.146624E+017
2.339999E+017
2.842024E+017
2.844113E+017
3.209636E+017
3.932169E+017
4.096321E+017
4.188399E+017
4.042013E+017
4.754216E+017
5.703336E+017
5.48692E+017
4.850878E+017
5.382862E+017
6.076795E+017
5.895772E+017
5.924129E+017
6.105847E+017
6.279342E+017
6.109455E+017
6.295178E+017
6.478644E+017
6.449745E+017
6.952606E+017
6.958026E+017
7.145796E+017
7.129164E+017
7.839288E+017
7.300595E+017
7.774568E+017
7.435825E+017
6.881837E+017
7.33356E+017
7.689584E+017
8.187662E+017
7.39951E+017
7.635143E+017
7.326984E+017
8.310063E+017
7.821387E+017
7.07063E+017
7.751917E+017
7.691908E+017
7.377029E+017
7.047693E+017
6.511419E+017
7.16017E+017
6.545489E+017
6.640676E+017
6.669969E+017
6.433536E+017
6.010364E+017
6.545665E+017
5.477366E+017
5.187181E+017
4.857184E+017
5.077668E+017
4.848766E+017
4.875354E+017
4.021947E+017
4.497094E+017
4.220887E+017
4.130758E+017
3.242227E+017
3.002518E+017
2.926024E+017
2.42669E+017
2.336444E+017
2.423403E+017
1.600175E+017
1.563591E+017
1.015981E+017
7.493205E+016
6.246069E+016
2.791798E+016
7.187723E+016
7.949055E+016
1.236235E+017
1.305655E+017
1.43168E+017
1.55992E+017
2.033143E+017
2.242571E+017
2.492202E+017
2.500143E+017
2.812956E+017
2.942912E+017
3.519447E+017
3.601483E+017
4.381673E+017
4.374714E+017
4.26609E+017
4.060001E+017
5.302856E+017
4.667885E+017
4.805355E+017
4.909192E+017
4.509994E+017
4.876013E+017
5.122293E+017
4.705728E+017
5.397285E+017
5.375103E+017
5.73546E+017
5.619351E+017
6.199961E+017
5.464917E+017
6.551701E+017
6.183373E+017
5.364972E+017
5.57567E+017
5.753319E+017
5.326239E+017
6.119518E+017
5.889095E+017
5.791942E+017
6.335461E+017
5.947648E+017
5.60728E+017
6.00518E+017
5.801908E+017
5.807016E+017
6.210003E+017
5.779315E+017
5.105088E+017
5.30686E+017
5.274351E+017
5.343402E+017
5.720812E+017
5.242679E+017
5.026441E+017
5.078176E+017
5.154618E+017
4.561997E+017
4.151256E+017
4.223404E+017
3.63496E+017
3.797912E+017
3.614789E+017
3.669576E+017
3.297707E+017
3.112939E+017
3.351063E+017
3.018388E+017
2.68605E+017
2.324763E+017
2.090466E+017
1.940044E+017
1.634872E+017
1.424727E+017
1.14623E+017
8.340894E+016
4.480077E+016
4.757705E+016
2.210094E+016
4.820396E+016
4.851406E+016
6.413725E+016
9.277617E+016
1.234485E+017
1.141979E+017
1.333492E+017
1.52739E+017
1.458985E+017
2.060322E+017
1.895146E+017
2.468803E+017
2.396473E+017
2.554659E+017
2.587816E+017
2.822847E+017
2.96398E+017
2.803899E+017
3.222709E+017
3.370482E+017
3.605105E+017
3.353128E+017
3.565327E+017
3.8115E+017
3.792996E+017
3.672549E+017
3.802263E+017
4.264249E+017
4.178456E+017
4.28126E+017
4.292997E+017
4.210451E+017
4.240861E+017
4.303946E+017
4.185676E+017
4.010625E+017
4.611041E+017
4.120607E+017
4.334892E+017
4.23052E+017
4.241159E+017
4.567011E+017
4.115419E+017
4.501003E+017
4.006838E+017
4.093134E+017
4.309772E+017
4.036723E+017
4.209311E+017
3.854082E+017
3.745248E+017
3.316829E+017
3.753725E+017
3.471405E+017
2.994368E+017
3.818898E+017
3.663181E+017
3.498655E+017
3.831625E+017
3.418249E+017
3.149828E+017
2.715319E+017
2.833199E+017
3.134507E+017
2.46517E+017
2.252631E+017
2.552717E+017
2.419547E+017
2.075869E+017
1.635661E+017
1.805526E+017
1.584557E+017
1.269949E+017
1.195777E+017
1.264428E+017
9.088841E+016
6.213241E+016
4.950527E+016
3.278584E+016
1.539822E+016
2.624604E+016
2.486959E+016
5.377706E+016
6.67416E+016
5.892152E+016
6.274838E+016
8.3579E+016
9.754191E+016
8.385419E+016
1.008794E+017
9.727827E+016
1.382758E+017
1.449218E+017
1.541701E+017
1.360942E+017
1.782485E+017
1.812788E+017
1.828599E+017
1.919336E+017
1.851749E+017
1.752795E+017
2.199074E+017
2.198798E+017
2.555155E+017
2.045305E+017
2.176584E+017
2.444196E+017
2.27343E+017
2.773123E+017
2.711635E+017
2.719464E+017
2.416016E+017
2.417459E+017
2.496798E+017
2.085989E+017
2.63537E+017
2.379946E+017
2.470597E+017
2.563936E+017
2.74769E+017
2.648443E+017
3.057301E+017
2.403846E+017
2.22113E+017
2.946798E+017
2.598419E+017
2.305386E+017
2.312004E+017
2.274757E+017
2.654049E+017
2.694472E+017
2.416627E+017
2.201652E+017
2.160461E+017
2.016928E+017
2.319517E+017
2.063325E+017
2.199375E+017
2.034024E+017
2.250904E+017
1.669443E+017
1.846492E+017
1.554391E+017
1.49165E+017
1.613011E+017
1.432682E+017
1.787268E+017
1.243482E+017
1.328864E+017
9.79528E+016
1.31824E+017
9.021957E+016
5.922476E+016
6.2182E+016
7.158516E+016
3.41718E+016
3.15789E+016
3.299215E+016
2.041787E+016
); 
boundaryField
{
    movingWall
    {
        type           fixedValue; //fixedGradient;//fixedValue;
        //gradient        uniform 0; 

        value           uniform 0;
        
    }
   
  

    fixedWalls
    {
        type            fixedValue;
       value       uniform 0; 
    }

    frontAndBack
    {
        type            empty;
    }

}
