/*--------------------------------*- C++ -*----------------------------------*\
| =========                 |                                                 |
| \\      /  F ield         | OpenFOAM: The Open Source CFD Toolbox           |
|  \\    /   O peration     | Version:  v1806                                 |
|   \\  /    A nd           | Web:      www.OpenFOAM.com                      |
|    \\/     M anipulation  |                                                 |
\*---------------------------------------------------------------------------*/
FoamFile
{
    version     2.0;
    format      ascii;
    class       volScalarField;
    object      dnp4;
}
// * * * * * * * * * * * * * * * * * * * * * * * * * * * * * * * * * * * * * //

dimensions      [0 -3 0 0 0 0 0];

internalField   nonuniform List<scalar> 
6400
(
1.22878E+016
1.833932E+016
2.895228E+016
4.051537E+016
4.194182E+016
4.122963E+016
5.064776E+016
6.602509E+016
7.363147E+016
6.905032E+016
5.794866E+016
7.885567E+016
8.683595E+016
8.47518E+016
8.39492E+016
1.253466E+017
1.159895E+017
1.04686E+017
9.738767E+016
1.243741E+017
1.279609E+017
1.464311E+017
1.36985E+017
1.393741E+017
1.40964E+017
1.519307E+017
1.50611E+017
1.804598E+017
1.651055E+017
1.584571E+017
1.585262E+017
1.746231E+017
1.5977E+017
1.657509E+017
1.790975E+017
1.673651E+017
1.590751E+017
1.466604E+017
1.66991E+017
1.675864E+017
1.496303E+017
1.585898E+017
1.5694E+017
1.739583E+017
1.721447E+017
1.551151E+017
1.671918E+017
1.623221E+017
1.5827E+017
1.776649E+017
1.616162E+017
1.742225E+017
1.602888E+017
1.44958E+017
1.297207E+017
1.210937E+017
1.234334E+017
1.130043E+017
1.316424E+017
1.215407E+017
1.202486E+017
1.215903E+017
1.155128E+017
1.089443E+017
1.088105E+017
9.198682E+016
8.265475E+016
9.710109E+016
6.984523E+016
6.651882E+016
5.993354E+016
6.386394E+016
5.635513E+016
5.865158E+016
5.097652E+016
4.558273E+016
3.167831E+016
2.084803E+016
1.919644E+016
8643213000000000
2.180629E+016
3.530058E+016
3.541277E+016
5.115942E+016
6.934533E+016
6.998379E+016
8.274127E+016
1.046644E+017
1.211269E+017
1.186116E+017
1.261634E+017
1.335729E+017
1.637311E+017
1.427834E+017
1.588836E+017
1.856823E+017
1.903975E+017
1.934043E+017
1.97317E+017
2.138417E+017
2.188579E+017
2.493458E+017
2.329842E+017
2.111766E+017
2.161654E+017
2.121525E+017
2.443016E+017
2.596181E+017
2.540614E+017
2.543928E+017
2.644226E+017
2.646757E+017
2.863804E+017
2.522612E+017
2.865484E+017
2.595356E+017
2.481152E+017
2.489031E+017
2.559179E+017
2.823263E+017
3.168999E+017
2.730105E+017
2.541311E+017
2.784216E+017
2.674226E+017
2.796315E+017
3.107964E+017
3.010652E+017
2.708137E+017
2.688377E+017
2.88261E+017
2.696264E+017
2.413417E+017
2.512757E+017
2.393368E+017
2.485772E+017
2.058982E+017
2.153707E+017
1.982501E+017
2.106598E+017
1.930424E+017
2.032782E+017
1.82748E+017
1.924439E+017
1.978982E+017
1.465602E+017
1.631804E+017
1.721453E+017
1.474004E+017
1.239468E+017
1.170584E+017
1.022522E+017
1.18963E+017
7.895952E+016
8.151125E+016
6.138242E+016
5.713975E+016
4.887354E+016
3.16772E+016
2.062884E+016
2.230359E+016
4.323022E+016
6.901539E+016
7.128583E+016
1.093503E+017
1.128603E+017
1.151571E+017
1.401436E+017
1.523593E+017
1.784883E+017
1.76407E+017
2.036971E+017
1.826938E+017
2.223449E+017
2.152253E+017
1.939169E+017
2.060446E+017
2.474481E+017
2.761293E+017
2.473203E+017
2.917189E+017
3.143396E+017
3.013345E+017
3.434765E+017
3.238227E+017
3.098002E+017
3.214166E+017
3.317516E+017
3.058437E+017
3.563194E+017
3.346378E+017
3.579211E+017
3.532975E+017
3.732399E+017
3.744049E+017
3.899564E+017
3.57815E+017
3.580506E+017
3.778587E+017
3.933131E+017
3.804111E+017
3.655999E+017
4.103551E+017
3.937687E+017
3.941366E+017
3.869382E+017
3.978834E+017
3.824967E+017
3.678834E+017
3.841028E+017
3.568882E+017
3.411737E+017
3.682371E+017
3.48965E+017
3.227174E+017
3.225878E+017
3.281965E+017
2.837533E+017
2.538687E+017
2.707081E+017
2.844532E+017
2.831637E+017
3.070016E+017
2.720699E+017
2.517926E+017
2.570399E+017
2.154496E+017
1.932617E+017
1.950165E+017
1.69616E+017
1.564082E+017
1.602453E+017
1.449246E+017
1.296751E+017
1.062063E+017
7.548054E+016
6.279157E+016
5.125058E+016
3.936028E+016
2.376354E+016
2.927449E+016
5.823739E+016
7.79689E+016
1.081547E+017
1.187308E+017
1.308541E+017
1.619992E+017
1.917674E+017
2.186631E+017
2.193178E+017
2.232945E+017
2.211256E+017
2.205728E+017
2.662482E+017
2.643906E+017
2.939118E+017
2.932064E+017
3.094576E+017
3.304452E+017
3.846994E+017
3.859095E+017
4.243856E+017
4.089303E+017
4.001547E+017
4.222163E+017
4.283353E+017
4.245953E+017
4.567364E+017
4.482598E+017
4.466457E+017
4.356388E+017
4.433504E+017
4.493874E+017
4.531886E+017
4.964227E+017
4.719224E+017
4.53924E+017
4.884166E+017
5.128364E+017
4.825387E+017
5.116563E+017
4.948531E+017
4.832232E+017
5.187388E+017
4.97216E+017
5.058861E+017
4.622408E+017
5.017633E+017
4.758802E+017
4.827913E+017
4.232116E+017
4.734014E+017
4.647077E+017
4.224657E+017
4.080887E+017
3.985664E+017
3.497709E+017
3.912813E+017
3.79051E+017
3.360998E+017
3.123655E+017
3.329788E+017
3.289224E+017
3.309554E+017
3.037545E+017
3.069156E+017
2.632921E+017
2.425392E+017
2.094944E+017
1.851702E+017
2.146402E+017
1.812887E+017
1.632189E+017
1.489974E+017
1.128259E+017
1.027496E+017
9.601735E+016
7.301845E+016
5.51045E+016
2.953811E+016
3.128567E+016
5.533734E+016
1.060318E+017
1.242371E+017
1.328493E+017
1.382491E+017
1.972667E+017
1.804433E+017
2.145735E+017
2.396261E+017
2.729976E+017
2.571762E+017
3.187419E+017
3.259551E+017
3.451382E+017
3.609618E+017
3.844232E+017
3.821789E+017
4.252133E+017
4.28216E+017
4.63756E+017
4.66158E+017
4.949162E+017
5.101276E+017
4.667503E+017
5.354793E+017
5.227237E+017
5.475894E+017
5.036139E+017
5.365135E+017
5.626424E+017
5.556907E+017
5.966509E+017
5.623992E+017
5.871609E+017
5.961278E+017
5.808674E+017
6.096226E+017
6.056412E+017
6.367422E+017
5.531533E+017
5.650215E+017
5.6976E+017
5.733125E+017
6.036783E+017
5.823785E+017
5.723949E+017
5.738126E+017
5.880472E+017
5.761422E+017
5.767871E+017
5.133464E+017
5.00711E+017
4.993744E+017
5.177206E+017
4.768942E+017
4.515673E+017
4.512177E+017
4.427033E+017
4.679953E+017
3.66715E+017
3.916218E+017
4.070818E+017
3.905693E+017
3.764047E+017
3.40352E+017
3.057705E+017
2.914351E+017
2.497828E+017
2.288405E+017
2.114319E+017
2.324448E+017
1.913382E+017
1.739773E+017
1.755059E+017
1.132901E+017
1.134444E+017
7.723666E+016
6.157227E+016
4.931004E+016
3.697154E+016
7.220313E+016
7.607104E+016
1.277274E+017
1.458927E+017
1.606445E+017
2.111925E+017
2.149083E+017
2.740598E+017
3.494404E+017
3.416193E+017
3.530979E+017
3.805297E+017
3.990044E+017
4.168618E+017
4.30752E+017
4.483637E+017
4.976168E+017
4.866135E+017
5.314581E+017
5.407016E+017
5.529793E+017
5.405994E+017
6.014021E+017
5.407659E+017
5.702635E+017
6.308047E+017
6.182835E+017
6.513106E+017
6.625278E+017
6.339453E+017
6.729855E+017
6.45734E+017
6.903595E+017
6.886705E+017
7.040661E+017
7.30798E+017
7.071868E+017
6.918709E+017
6.843448E+017
6.796519E+017
6.912317E+017
7.219053E+017
6.593307E+017
7.287769E+017
6.871878E+017
7.02797E+017
7.272481E+017
6.981133E+017
6.763815E+017
6.321866E+017
6.275134E+017
6.311196E+017
5.498369E+017
6.036217E+017
5.310258E+017
6.023723E+017
5.517974E+017
5.289506E+017
4.835112E+017
4.603288E+017
4.617812E+017
4.655186E+017
4.87207E+017
4.233517E+017
4.182079E+017
3.75384E+017
3.425611E+017
3.598539E+017
3.173374E+017
2.758977E+017
2.389473E+017
2.236662E+017
2.037943E+017
1.947747E+017
1.37196E+017
1.168502E+017
9.63844E+016
6.568696E+016
3.869901E+016
3.787933E+016
6.693492E+016
1.073458E+017
1.352433E+017
1.697005E+017
1.926485E+017
2.575003E+017
2.795446E+017
3.15031E+017
3.584519E+017
3.703355E+017
3.998953E+017
4.487302E+017
4.62192E+017
4.851342E+017
5.056511E+017
4.749061E+017
5.135067E+017
5.791711E+017
5.865502E+017
5.83047E+017
6.299811E+017
6.104904E+017
6.431788E+017
6.577286E+017
6.941523E+017
6.617627E+017
7.600764E+017
7.388854E+017
7.250338E+017
7.673188E+017
7.962845E+017
7.489163E+017
7.772589E+017
7.941237E+017
7.59597E+017
8.557876E+017
8.719279E+017
8.071148E+017
7.826637E+017
8.695804E+017
8.07843E+017
7.968522E+017
7.986087E+017
8.102579E+017
8.356501E+017
7.711784E+017
7.595415E+017
8.329026E+017
7.76638E+017
7.233753E+017
7.030125E+017
6.855573E+017
7.162996E+017
6.501441E+017
6.62436E+017
6.178212E+017
6.20327E+017
6.01164E+017
5.918223E+017
5.8195E+017
5.240643E+017
5.428523E+017
4.681955E+017
4.793404E+017
4.608804E+017
4.450906E+017
4.407578E+017
3.634629E+017
3.323881E+017
3.149939E+017
2.653326E+017
2.373742E+017
2.503197E+017
2.07219E+017
1.582368E+017
1.162761E+017
1.167135E+017
7.58949E+016
4.616581E+016
5.36069E+016
7.536598E+016
1.305883E+017
1.547326E+017
1.880649E+017
2.60075E+017
2.628149E+017
3.149048E+017
3.265584E+017
3.754965E+017
4.04251E+017
4.556171E+017
4.491996E+017
5.071792E+017
5.27686E+017
5.121034E+017
5.305502E+017
5.747079E+017
6.447858E+017
6.79313E+017
6.55736E+017
7.156E+017
6.818147E+017
6.895344E+017
6.779003E+017
8.096464E+017
7.115817E+017
7.771937E+017
7.814603E+017
8.107453E+017
8.024181E+017
9.357548E+017
8.902268E+017
8.929335E+017
8.674249E+017
8.994195E+017
8.81081E+017
9.288813E+017
9.289465E+017
9.27813E+017
9.282913E+017
9.104391E+017
8.733796E+017
9.134138E+017
9.055562E+017
8.946743E+017
8.955508E+017
8.713306E+017
8.827505E+017
8.825005E+017
8.300429E+017
8.285379E+017
8.315128E+017
8.200941E+017
7.498505E+017
7.549332E+017
7.64823E+017
6.911027E+017
6.636363E+017
6.773586E+017
6.504615E+017
6.531747E+017
5.92086E+017
5.639059E+017
5.174605E+017
4.913282E+017
4.793306E+017
4.665049E+017
3.803595E+017
4.272475E+017
3.856813E+017
3.242068E+017
2.833667E+017
2.53071E+017
2.307417E+017
2.000985E+017
1.439563E+017
9.984529E+016
8.720553E+016
4.841428E+016
5.772739E+016
9.219476E+016
1.514173E+017
1.645527E+017
2.117808E+017
2.527783E+017
2.8039E+017
3.154242E+017
4.157866E+017
4.227638E+017
4.567689E+017
4.595271E+017
5.048821E+017
5.648818E+017
5.903922E+017
5.649207E+017
6.02158E+017
6.376398E+017
7.067097E+017
7.080197E+017
6.879381E+017
7.26428E+017
7.482011E+017
7.352577E+017
8.029711E+017
8.864908E+017
8.426619E+017
8.559373E+017
8.790607E+017
9.462296E+017
9.100706E+017
9.672689E+017
9.707014E+017
9.771651E+017
9.518367E+017
9.142114E+017
9.649332E+017
1.00654E+018
9.341381E+017
1.011419E+018
1.02864E+018
1.015494E+018
9.437282E+017
9.954667E+017
1.032503E+018
9.804845E+017
9.565841E+017
9.89401E+017
9.297014E+017
9.152324E+017
9.517924E+017
9.618304E+017
8.868494E+017
8.65937E+017
8.539475E+017
7.960104E+017
7.939492E+017
8.168422E+017
7.505942E+017
7.626869E+017
7.078539E+017
6.640318E+017
6.30546E+017
6.207702E+017
5.962231E+017
5.667544E+017
5.147412E+017
4.891766E+017
4.780752E+017
4.33222E+017
4.339784E+017
3.71557E+017
3.260271E+017
2.915302E+017
2.40573E+017
2.161893E+017
1.739533E+017
1.248572E+017
9.03077E+016
5.888696E+016
6.898328E+016
1.0874E+017
1.382567E+017
1.699776E+017
2.306136E+017
2.688763E+017
3.044164E+017
4.074465E+017
4.60085E+017
4.482432E+017
4.842651E+017
4.909651E+017
6.056637E+017
6.060526E+017
6.672924E+017
6.429827E+017
6.896679E+017
7.604023E+017
7.54268E+017
7.708869E+017
7.762801E+017
8.104361E+017
8.961295E+017
8.839312E+017
8.843223E+017
8.984733E+017
9.61804E+017
9.94479E+017
1.009571E+018
1.072048E+018
1.080245E+018
1.072467E+018
1.032568E+018
1.063931E+018
1.036196E+018
1.0274E+018
1.022349E+018
1.065982E+018
1.085274E+018
1.073288E+018
1.09964E+018
1.103573E+018
1.067848E+018
1.105864E+018
1.047896E+018
1.004496E+018
1.109827E+018
1.087285E+018
1.008605E+018
1.005698E+018
1.038322E+018
9.76933E+017
9.15746E+017
9.646943E+017
9.838144E+017
9.436457E+017
8.738075E+017
8.05855E+017
8.155604E+017
8.232824E+017
7.455482E+017
7.136004E+017
7.231918E+017
7.054848E+017
6.68102E+017
6.446827E+017
6.363946E+017
6.33218E+017
5.098667E+017
5.064494E+017
4.386617E+017
4.400556E+017
3.790428E+017
3.081959E+017
2.537549E+017
2.297267E+017
1.782114E+017
1.480471E+017
1.227906E+017
6.506188E+016
7.27636E+016
1.24804E+017
1.647884E+017
1.986782E+017
2.832193E+017
3.365859E+017
3.290939E+017
3.919011E+017
4.531615E+017
4.690829E+017
5.564882E+017
6.21258E+017
5.915266E+017
6.636415E+017
6.958028E+017
7.095797E+017
6.861122E+017
7.738356E+017
7.793876E+017
8.467461E+017
8.501052E+017
8.757568E+017
9.45494E+017
1.024483E+018
9.886946E+017
1.022893E+018
1.062635E+018
1.029185E+018
1.060694E+018
1.126012E+018
1.167407E+018
1.139425E+018
1.131628E+018
1.147909E+018
1.158447E+018
1.19776E+018
1.153242E+018
1.175904E+018
1.113276E+018
1.154806E+018
1.218415E+018
1.180893E+018
1.180346E+018
1.140428E+018
1.161531E+018
1.12621E+018
1.105953E+018
1.134908E+018
1.092542E+018
1.132356E+018
1.094713E+018
1.082088E+018
1.005733E+018
1.024105E+018
1.047593E+018
1.017626E+018
9.773906E+017
8.86997E+017
9.003258E+017
9.4351E+017
8.655715E+017
8.492215E+017
7.568073E+017
7.962256E+017
7.308115E+017
6.813345E+017
6.557651E+017
6.332385E+017
5.350317E+017
5.329706E+017
4.94245E+017
4.577758E+017
3.816064E+017
3.271481E+017
3.255935E+017
2.445461E+017
1.93515E+017
1.604814E+017
1.231572E+017
7.757354E+016
6.759906E+016
1.423756E+017
1.721659E+017
2.581419E+017
2.988455E+017
3.48321E+017
4.140657E+017
4.086776E+017
4.568537E+017
5.08988E+017
5.696995E+017
6.243768E+017
6.711667E+017
6.993906E+017
7.782042E+017
7.677887E+017
7.591871E+017
7.984696E+017
8.131408E+017
8.106096E+017
9.261699E+017
9.927821E+017
9.879915E+017
1.024212E+018
1.059359E+018
1.043703E+018
1.133907E+018
1.100378E+018
1.166179E+018
1.168883E+018
1.203978E+018
1.192833E+018
1.199917E+018
1.229374E+018
1.235788E+018
1.234097E+018
1.294517E+018
1.286668E+018
1.255908E+018
1.249612E+018
1.317674E+018
1.24294E+018
1.267714E+018
1.254865E+018
1.226774E+018
1.229997E+018
1.239334E+018
1.245372E+018
1.186005E+018
1.274588E+018
1.268763E+018
1.124642E+018
1.075618E+018
1.075949E+018
1.096793E+018
1.07226E+018
1.041766E+018
1.03825E+018
9.651778E+017
9.694147E+017
9.148173E+017
8.778535E+017
8.256517E+017
7.568163E+017
7.969015E+017
7.160478E+017
6.633064E+017
6.39565E+017
6.147264E+017
4.987348E+017
5.087087E+017
4.442764E+017
3.930658E+017
3.514137E+017
3.013287E+017
2.843718E+017
2.037276E+017
1.943981E+017
1.327979E+017
6.34408E+016
7.854203E+016
1.450741E+017
2.047448E+017
2.488304E+017
3.144861E+017
3.842312E+017
4.057284E+017
4.199459E+017
5.246047E+017
5.966649E+017
6.176986E+017
6.368084E+017
6.968669E+017
8.43114E+017
7.724874E+017
8.572651E+017
9.213413E+017
8.577513E+017
8.712287E+017
9.114944E+017
9.72687E+017
1.047051E+018
1.10467E+018
1.057595E+018
1.099929E+018
1.151297E+018
1.144345E+018
1.256555E+018
1.270528E+018
1.296937E+018
1.278755E+018
1.353546E+018
1.31054E+018
1.317129E+018
1.389165E+018
1.331729E+018
1.324251E+018
1.338732E+018
1.36704E+018
1.396334E+018
1.374402E+018
1.38432E+018
1.361606E+018
1.377995E+018
1.340012E+018
1.26649E+018
1.299083E+018
1.245849E+018
1.295381E+018
1.242324E+018
1.301983E+018
1.184711E+018
1.171358E+018
1.188252E+018
1.175901E+018
1.165156E+018
1.153049E+018
1.067408E+018
9.804317E+017
1.008344E+018
9.584792E+017
9.24719E+017
9.195123E+017
8.501131E+017
7.949464E+017
7.595721E+017
7.085946E+017
6.476436E+017
6.138914E+017
5.992497E+017
5.253823E+017
4.576665E+017
4.315559E+017
3.785724E+017
3.454608E+017
3.041446E+017
2.271795E+017
1.61917E+017
1.272344E+017
8.249645E+016
8.35735E+016
1.478333E+017
2.129018E+017
2.506311E+017
3.191297E+017
3.872576E+017
4.597936E+017
4.873318E+017
5.471258E+017
5.442661E+017
6.637617E+017
6.631204E+017
7.756509E+017
8.190881E+017
8.314007E+017
9.343591E+017
9.625395E+017
9.986596E+017
9.89425E+017
1.023913E+018
1.097851E+018
1.066007E+018
1.157049E+018
1.169684E+018
1.231878E+018
1.239924E+018
1.313681E+018
1.358595E+018
1.316317E+018
1.40491E+018
1.411969E+018
1.384882E+018
1.340067E+018
1.477497E+018
1.440908E+018
1.50478E+018
1.407626E+018
1.423641E+018
1.410631E+018
1.47097E+018
1.433671E+018
1.393163E+018
1.455528E+018
1.502993E+018
1.438449E+018
1.395391E+018
1.409744E+018
1.389309E+018
1.351763E+018
1.409978E+018
1.379313E+018
1.227637E+018
1.361336E+018
1.24851E+018
1.278654E+018
1.243089E+018
1.218045E+018
1.135569E+018
1.126821E+018
1.077949E+018
1.089637E+018
9.946091E+017
9.742613E+017
9.407806E+017
8.690178E+017
7.638419E+017
7.326004E+017
7.17806E+017
7.19769E+017
6.317738E+017
5.369866E+017
4.891841E+017
4.100978E+017
4.036429E+017
3.49244E+017
3.19043E+017
2.576948E+017
2.288533E+017
1.400198E+017
9.349331E+016
1.054776E+017
1.533572E+017
2.256018E+017
2.778174E+017
3.253298E+017
4.108547E+017
4.633402E+017
4.929198E+017
5.946489E+017
6.196379E+017
6.611421E+017
7.414424E+017
7.699487E+017
8.446217E+017
8.831189E+017
9.815609E+017
1.065624E+018
1.008581E+018
1.042141E+018
1.036661E+018
1.147638E+018
1.139388E+018
1.212493E+018
1.269774E+018
1.321072E+018
1.290273E+018
1.36611E+018
1.457984E+018
1.435362E+018
1.397878E+018
1.44977E+018
1.500953E+018
1.502627E+018
1.5169E+018
1.485664E+018
1.482265E+018
1.548929E+018
1.482021E+018
1.529669E+018
1.520069E+018
1.463875E+018
1.495077E+018
1.466121E+018
1.490662E+018
1.51531E+018
1.478237E+018
1.459131E+018
1.456076E+018
1.549705E+018
1.510841E+018
1.388631E+018
1.447632E+018
1.441867E+018
1.354865E+018
1.314039E+018
1.241785E+018
1.22844E+018
1.187715E+018
1.212763E+018
1.175797E+018
1.109535E+018
1.112024E+018
1.005795E+018
9.403884E+017
9.048516E+017
8.269003E+017
8.00723E+017
7.462566E+017
7.273826E+017
6.28902E+017
5.963272E+017
5.722134E+017
5.198852E+017
4.497066E+017
3.839959E+017
3.348091E+017
3.184267E+017
2.062617E+017
1.610192E+017
9.838802E+016
1.009784E+017
1.533102E+017
2.346848E+017
3.21882E+017
3.401714E+017
4.027704E+017
4.529064E+017
5.389374E+017
6.333052E+017
6.326981E+017
7.131501E+017
7.993327E+017
8.293889E+017
8.907729E+017
9.232012E+017
9.533929E+017
9.761802E+017
1.060765E+018
1.081136E+018
1.236507E+018
1.188351E+018
1.279976E+018
1.272446E+018
1.284962E+018
1.35757E+018
1.357978E+018
1.488673E+018
1.447912E+018
1.418256E+018
1.485856E+018
1.576746E+018
1.513023E+018
1.595656E+018
1.6225E+018
1.530208E+018
1.541122E+018
1.566371E+018
1.596825E+018
1.573208E+018
1.64717E+018
1.651493E+018
1.615937E+018
1.618576E+018
1.636258E+018
1.692974E+018
1.589803E+018
1.580438E+018
1.555289E+018
1.61787E+018
1.522641E+018
1.489864E+018
1.522381E+018
1.466777E+018
1.465027E+018
1.369718E+018
1.398385E+018
1.300696E+018
1.281551E+018
1.279241E+018
1.340738E+018
1.180132E+018
1.109937E+018
1.011863E+018
1.031528E+018
9.425309E+017
9.96986E+017
8.343075E+017
7.996496E+017
7.412216E+017
6.847613E+017
6.750825E+017
5.697218E+017
5.121527E+017
4.173491E+017
3.628689E+017
3.466152E+017
3.147952E+017
2.114287E+017
1.475083E+017
9.017995E+016
1.215327E+017
1.578147E+017
2.332035E+017
3.215363E+017
4.161138E+017
4.570692E+017
5.197583E+017
5.910915E+017
6.4256E+017
6.542461E+017
7.84217E+017
8.291404E+017
8.759225E+017
9.026855E+017
9.276421E+017
1.0019E+018
1.068962E+018
1.096478E+018
1.160148E+018
1.226318E+018
1.254901E+018
1.30038E+018
1.39406E+018
1.374448E+018
1.428058E+018
1.506172E+018
1.5581E+018
1.587967E+018
1.547465E+018
1.573847E+018
1.618575E+018
1.56902E+018
1.646494E+018
1.676426E+018
1.735334E+018
1.652059E+018
1.66263E+018
1.735339E+018
1.698766E+018
1.696648E+018
1.700853E+018
1.74198E+018
1.674653E+018
1.723508E+018
1.789873E+018
1.766371E+018
1.699167E+018
1.704373E+018
1.646515E+018
1.691273E+018
1.541299E+018
1.589777E+018
1.567087E+018
1.456392E+018
1.466808E+018
1.465446E+018
1.448396E+018
1.329425E+018
1.282817E+018
1.249641E+018
1.244625E+018
1.155059E+018
1.158173E+018
1.120191E+018
1.041506E+018
9.671938E+017
8.752175E+017
8.279362E+017
8.143829E+017
6.896217E+017
6.956888E+017
6.511854E+017
5.542161E+017
4.962136E+017
4.14287E+017
3.665115E+017
3.384284E+017
2.399736E+017
1.714207E+017
1.167432E+017
1.17886E+017
1.738808E+017
2.63087E+017
3.219602E+017
3.804855E+017
4.599299E+017
5.025907E+017
6.262333E+017
6.394725E+017
7.142945E+017
8.210676E+017
8.885405E+017
8.681986E+017
9.165924E+017
9.535848E+017
1.103895E+018
1.13322E+018
1.120864E+018
1.199035E+018
1.203055E+018
1.331284E+018
1.433826E+018
1.465322E+018
1.411184E+018
1.496143E+018
1.567908E+018
1.534602E+018
1.560636E+018
1.64621E+018
1.656582E+018
1.726322E+018
1.728559E+018
1.708501E+018
1.717207E+018
1.789988E+018
1.861689E+018
1.811918E+018
1.802192E+018
1.804526E+018
1.780762E+018
1.819106E+018
1.759961E+018
1.810241E+018
1.833815E+018
1.801545E+018
1.795082E+018
1.773315E+018
1.721895E+018
1.716045E+018
1.655648E+018
1.693022E+018
1.565493E+018
1.598708E+018
1.561805E+018
1.615053E+018
1.575639E+018
1.519489E+018
1.381754E+018
1.322071E+018
1.302895E+018
1.316205E+018
1.240838E+018
1.196296E+018
1.124467E+018
1.020343E+018
9.880193E+017
9.250009E+017
9.1814E+017
8.488721E+017
7.428787E+017
7.23882E+017
6.369579E+017
6.073629E+017
5.655409E+017
4.198559E+017
3.786953E+017
3.204201E+017
2.48399E+017
1.958348E+017
1.365839E+017
1.168513E+017
1.869529E+017
2.993205E+017
3.637994E+017
4.358221E+017
4.998352E+017
5.580184E+017
6.9369E+017
7.388303E+017
7.58758E+017
8.731316E+017
8.898316E+017
9.544124E+017
9.48472E+017
1.033278E+018
1.113988E+018
1.142008E+018
1.201569E+018
1.283666E+018
1.243709E+018
1.366229E+018
1.428202E+018
1.391335E+018
1.495818E+018
1.587577E+018
1.621273E+018
1.588332E+018
1.718015E+018
1.654931E+018
1.786986E+018
1.726554E+018
1.723666E+018
1.743249E+018
1.737963E+018
1.765719E+018
1.790859E+018
1.836115E+018
1.87573E+018
1.870339E+018
1.817967E+018
1.868294E+018
1.931988E+018
1.80643E+018
1.875981E+018
1.904719E+018
1.838163E+018
1.801199E+018
1.849271E+018
1.774884E+018
1.708445E+018
1.756498E+018
1.663876E+018
1.725199E+018
1.708577E+018
1.61437E+018
1.572288E+018
1.509433E+018
1.429919E+018
1.39029E+018
1.329033E+018
1.369412E+018
1.281521E+018
1.221984E+018
1.163504E+018
1.118699E+018
1.099306E+018
1.029608E+018
9.430764E+017
8.937365E+017
7.461024E+017
7.301904E+017
6.939756E+017
6.298291E+017
5.489342E+017
4.634035E+017
4.269614E+017
3.479445E+017
2.854744E+017
2.167727E+017
1.202672E+017
1.155043E+017
1.968046E+017
2.77862E+017
3.648705E+017
4.714723E+017
4.733033E+017
5.97488E+017
6.642396E+017
7.523218E+017
8.039042E+017
9.026229E+017
9.111079E+017
1.048451E+018
1.015254E+018
1.114204E+018
1.124515E+018
1.127169E+018
1.208638E+018
1.274484E+018
1.360096E+018
1.391353E+018
1.533482E+018
1.542157E+018
1.578839E+018
1.575717E+018
1.628904E+018
1.693412E+018
1.776757E+018
1.880489E+018
1.832266E+018
1.761121E+018
1.787891E+018
1.841923E+018
1.862743E+018
1.825442E+018
1.871064E+018
1.887524E+018
1.919188E+018
2.002204E+018
1.964704E+018
1.989693E+018
2.047557E+018
1.901758E+018
1.892872E+018
1.915514E+018
1.866055E+018
1.917792E+018
1.825943E+018
1.827308E+018
1.807282E+018
1.824183E+018
1.759595E+018
1.746818E+018
1.730151E+018
1.590541E+018
1.604064E+018
1.610877E+018
1.468298E+018
1.466885E+018
1.383783E+018
1.40756E+018
1.37741E+018
1.300037E+018
1.254701E+018
1.210211E+018
1.049301E+018
1.065242E+018
1.00429E+018
8.734876E+017
8.019482E+017
7.85475E+017
6.866304E+017
6.502611E+017
5.650034E+017
4.522165E+017
3.873893E+017
3.254206E+017
2.749931E+017
1.917613E+017
1.334212E+017
1.411684E+017
2.231148E+017
2.957398E+017
3.979323E+017
4.629914E+017
5.368806E+017
6.720145E+017
6.735716E+017
7.971707E+017
8.340415E+017
8.758481E+017
9.556641E+017
9.73562E+017
1.062084E+018
1.077078E+018
1.233287E+018
1.271664E+018
1.274712E+018
1.32235E+018
1.438896E+018
1.448197E+018
1.537728E+018
1.59429E+018
1.591383E+018
1.64671E+018
1.718457E+018
1.740899E+018
1.76599E+018
1.881989E+018
1.917935E+018
1.854126E+018
1.844605E+018
1.922518E+018
1.935437E+018
1.937181E+018
1.987494E+018
1.997095E+018
1.999423E+018
2.03665E+018
1.99994E+018
2.040314E+018
2.015653E+018
2.077621E+018
2.040869E+018
1.947558E+018
1.947831E+018
1.967092E+018
1.930162E+018
1.933455E+018
1.925476E+018
1.931423E+018
1.790808E+018
1.758545E+018
1.769351E+018
1.751106E+018
1.719309E+018
1.584116E+018
1.503912E+018
1.51755E+018
1.499995E+018
1.42467E+018
1.411876E+018
1.323161E+018
1.301695E+018
1.232506E+018
1.170963E+018
1.056238E+018
1.046775E+018
9.637488E+017
8.793872E+017
7.916427E+017
7.471292E+017
6.200887E+017
5.700248E+017
5.025685E+017
3.929108E+017
3.475685E+017
3.222148E+017
2.308008E+017
1.177352E+017
1.151572E+017
1.894608E+017
3.170647E+017
3.837455E+017
4.749162E+017
6.236889E+017
6.130406E+017
7.23534E+017
7.653943E+017
8.323053E+017
9.187469E+017
1.027311E+018
1.036834E+018
1.095675E+018
1.204271E+018
1.29088E+018
1.322674E+018
1.376483E+018
1.355477E+018
1.497753E+018
1.505959E+018
1.481753E+018
1.666531E+018
1.774717E+018
1.630984E+018
1.820516E+018
1.844561E+018
1.846352E+018
1.831082E+018
1.952727E+018
1.927289E+018
2.027771E+018
2.053422E+018
2.001922E+018
2.005007E+018
1.962403E+018
2.075512E+018
2.013762E+018
2.033989E+018
2.004768E+018
2.043883E+018
2.032705E+018
2.079372E+018
2.081936E+018
1.947538E+018
2.037783E+018
2.005712E+018
1.933943E+018
1.982101E+018
1.942719E+018
1.951527E+018
1.79118E+018
1.90167E+018
1.710815E+018
1.749739E+018
1.6722E+018
1.685489E+018
1.662238E+018
1.531983E+018
1.547391E+018
1.589101E+018
1.409767E+018
1.351133E+018
1.320843E+018
1.217905E+018
1.235604E+018
1.14906E+018
1.012346E+018
9.316939E+017
8.963189E+017
7.935208E+017
7.53977E+017
6.037704E+017
6.071761E+017
5.597944E+017
4.71176E+017
4.285139E+017
3.113658E+017
2.272322E+017
1.233622E+017
1.215962E+017
2.256024E+017
2.868491E+017
4.186857E+017
4.479653E+017
5.651795E+017
6.412944E+017
6.993866E+017
8.576368E+017
8.647927E+017
9.811643E+017
1.054936E+018
1.103084E+018
1.171478E+018
1.25011E+018
1.35313E+018
1.323893E+018
1.353638E+018
1.46232E+018
1.557887E+018
1.575756E+018
1.621502E+018
1.676627E+018
1.735482E+018
1.778333E+018
1.820375E+018
1.787698E+018
1.857091E+018
1.926012E+018
1.963745E+018
2.031776E+018
2.095167E+018
2.056301E+018
2.074125E+018
2.043677E+018
2.012723E+018
2.074809E+018
2.045459E+018
2.12705E+018
2.082882E+018
2.113801E+018
2.136995E+018
2.11411E+018
2.176797E+018
2.103493E+018
2.12939E+018
2.127829E+018
2.080677E+018
2.021407E+018
2.006768E+018
2.016597E+018
1.909943E+018
1.920251E+018
1.818629E+018
1.81052E+018
1.710606E+018
1.710987E+018
1.627299E+018
1.614415E+018
1.589884E+018
1.556952E+018
1.487426E+018
1.388046E+018
1.33494E+018
1.202913E+018
1.207455E+018
1.171611E+018
1.094877E+018
9.912469E+017
8.947461E+017
8.529341E+017
7.834074E+017
6.773904E+017
5.932377E+017
5.257793E+017
4.399125E+017
4.03068E+017
3.309154E+017
2.304497E+017
1.164174E+017
1.209257E+017
2.18161E+017
3.109616E+017
4.095247E+017
4.94077E+017
5.197811E+017
6.563994E+017
7.331558E+017
8.490075E+017
9.040078E+017
1.015435E+018
1.064E+018
1.130487E+018
1.237368E+018
1.273138E+018
1.358824E+018
1.43801E+018
1.422367E+018
1.470038E+018
1.609409E+018
1.59745E+018
1.685557E+018
1.667583E+018
1.697206E+018
1.806775E+018
1.896212E+018
1.859442E+018
2.007294E+018
2.111646E+018
2.035601E+018
2.094049E+018
2.038721E+018
2.029954E+018
2.095043E+018
2.102396E+018
2.068414E+018
2.197297E+018
2.180804E+018
2.135225E+018
2.142004E+018
2.11626E+018
2.165602E+018
2.184884E+018
2.120845E+018
2.214609E+018
2.165292E+018
2.1383E+018
2.201839E+018
2.204612E+018
2.133589E+018
1.948427E+018
1.956292E+018
2.054856E+018
1.986465E+018
1.959349E+018
1.723963E+018
1.781701E+018
1.733674E+018
1.655245E+018
1.612408E+018
1.593221E+018
1.526551E+018
1.458314E+018
1.358435E+018
1.317451E+018
1.246209E+018
1.210341E+018
1.084457E+018
9.758599E+017
9.248137E+017
8.891953E+017
7.361722E+017
6.942234E+017
6.721894E+017
5.535111E+017
4.705755E+017
4.113765E+017
3.374787E+017
2.075922E+017
1.333719E+017
1.306239E+017
2.401377E+017
3.644208E+017
4.261565E+017
4.745902E+017
5.705233E+017
6.760916E+017
8.027942E+017
8.36811E+017
9.630794E+017
1.028067E+018
1.092513E+018
1.175773E+018
1.239133E+018
1.264308E+018
1.299417E+018
1.355448E+018
1.445883E+018
1.496008E+018
1.622445E+018
1.659798E+018
1.858306E+018
1.782373E+018
1.788171E+018
1.844305E+018
1.944984E+018
1.999173E+018
2.017004E+018
2.066983E+018
2.132244E+018
2.105137E+018
2.044914E+018
2.058866E+018
2.122652E+018
2.138385E+018
2.186946E+018
2.232515E+018
2.245626E+018
2.19031E+018
2.182921E+018
2.229759E+018
2.210724E+018
2.259753E+018
2.237882E+018
2.142316E+018
2.321732E+018
2.203748E+018
2.228076E+018
2.165908E+018
2.150162E+018
2.041032E+018
2.108755E+018
2.050521E+018
1.988186E+018
1.88521E+018
1.990573E+018
1.866211E+018
1.754185E+018
1.73822E+018
1.655907E+018
1.603465E+018
1.556377E+018
1.517448E+018
1.418448E+018
1.323125E+018
1.301964E+018
1.26091E+018
1.100906E+018
1.08571E+018
9.116457E+017
9.056664E+017
8.014724E+017
7.401258E+017
7.072623E+017
5.951161E+017
4.768761E+017
4.2552E+017
2.984088E+017
2.187228E+017
1.324279E+017
1.494756E+017
2.514701E+017
3.437815E+017
4.589173E+017
5.192004E+017
6.409387E+017
6.843982E+017
8.343891E+017
8.747069E+017
9.703311E+017
1.022689E+018
1.092465E+018
1.145326E+018
1.234238E+018
1.332494E+018
1.381282E+018
1.416378E+018
1.506455E+018
1.51888E+018
1.672675E+018
1.751772E+018
1.803539E+018
1.909214E+018
1.837919E+018
1.933759E+018
2.01175E+018
2.100968E+018
2.036071E+018
2.147712E+018
2.206052E+018
2.115137E+018
2.160446E+018
2.093777E+018
2.194504E+018
2.258075E+018
2.292655E+018
2.267557E+018
2.220673E+018
2.286385E+018
2.316433E+018
2.321089E+018
2.286818E+018
2.398137E+018
2.335972E+018
2.313395E+018
2.317982E+018
2.315355E+018
2.271031E+018
2.128648E+018
2.225781E+018
2.125257E+018
2.073479E+018
2.065874E+018
2.008863E+018
1.984078E+018
1.953893E+018
1.967477E+018
1.842595E+018
1.762215E+018
1.653464E+018
1.671743E+018
1.617527E+018
1.581579E+018
1.439541E+018
1.372636E+018
1.332142E+018
1.236995E+018
1.154558E+018
1.113016E+018
1.018673E+018
9.40642E+017
9.087192E+017
7.965842E+017
6.180364E+017
6.370969E+017
5.271863E+017
4.211117E+017
3.320998E+017
2.437882E+017
1.52094E+017
1.46113E+017
2.650772E+017
3.256307E+017
4.370239E+017
5.530034E+017
6.143966E+017
6.998154E+017
8.077415E+017
8.855826E+017
1.00687E+018
1.058529E+018
1.109745E+018
1.163272E+018
1.215647E+018
1.294486E+018
1.463859E+018
1.470912E+018
1.518843E+018
1.595961E+018
1.61775E+018
1.713803E+018
1.852591E+018
1.890154E+018
1.96554E+018
1.970188E+018
2.01328E+018
2.089145E+018
2.094374E+018
2.135896E+018
2.199693E+018
2.218453E+018
2.253585E+018
2.139156E+018
2.251525E+018
2.372411E+018
2.352951E+018
2.329916E+018
2.359033E+018
2.372265E+018
2.358748E+018
2.366371E+018
2.350755E+018
2.496419E+018
2.47902E+018
2.356215E+018
2.364213E+018
2.342304E+018
2.333962E+018
2.247073E+018
2.36226E+018
2.175245E+018
2.115578E+018
2.102183E+018
2.123246E+018
1.99324E+018
2.031455E+018
1.933042E+018
1.803641E+018
1.744419E+018
1.803949E+018
1.740759E+018
1.64632E+018
1.536496E+018
1.495799E+018
1.383491E+018
1.286699E+018
1.291375E+018
1.156343E+018
1.092277E+018
1.035944E+018
9.56044E+017
8.882368E+017
8.212103E+017
6.974001E+017
6.209142E+017
5.463646E+017
4.360044E+017
3.512265E+017
2.293508E+017
1.535209E+017
1.416518E+017
2.563566E+017
3.441668E+017
4.727468E+017
5.30306E+017
6.074256E+017
7.096437E+017
8.628079E+017
9.09275E+017
9.618271E+017
1.04007E+018
1.147777E+018
1.243011E+018
1.273386E+018
1.332958E+018
1.397319E+018
1.530246E+018
1.673892E+018
1.687024E+018
1.771153E+018
1.769275E+018
1.880354E+018
1.951533E+018
1.959189E+018
2.043267E+018
2.025748E+018
2.160444E+018
2.179166E+018
2.194858E+018
2.247181E+018
2.231921E+018
2.352895E+018
2.396066E+018
2.28487E+018
2.426897E+018
2.331114E+018
2.370029E+018
2.430898E+018
2.4525E+018
2.419104E+018
2.425881E+018
2.486725E+018
2.484608E+018
2.550786E+018
2.461667E+018
2.423924E+018
2.450853E+018
2.250482E+018
2.29003E+018
2.296558E+018
2.220293E+018
2.193595E+018
2.147949E+018
2.114474E+018
2.023909E+018
2.054055E+018
1.951696E+018
1.853248E+018
1.848133E+018
1.775104E+018
1.704233E+018
1.651624E+018
1.60362E+018
1.524904E+018
1.46213E+018
1.361236E+018
1.317771E+018
1.240661E+018
1.146258E+018
1.054742E+018
9.528307E+017
8.627333E+017
8.633977E+017
7.331626E+017
6.329794E+017
5.002724E+017
4.676679E+017
3.288567E+017
2.348812E+017
1.546296E+017
1.674362E+017
2.718321E+017
3.37438E+017
4.572502E+017
5.572889E+017
6.766049E+017
7.121271E+017
8.231013E+017
9.312441E+017
1.007784E+018
1.123139E+018
1.16991E+018
1.181248E+018
1.315486E+018
1.428862E+018
1.490569E+018
1.605739E+018
1.643208E+018
1.778913E+018
1.798554E+018
1.838386E+018
1.928092E+018
2.013515E+018
2.065662E+018
2.069546E+018
2.142965E+018
2.121744E+018
2.218247E+018
2.228566E+018
2.317171E+018
2.225457E+018
2.373393E+018
2.339034E+018
2.404558E+018
2.438771E+018
2.403124E+018
2.428631E+018
2.427911E+018
2.498754E+018
2.472521E+018
2.521713E+018
2.562177E+018
2.444057E+018
2.458842E+018
2.488899E+018
2.442339E+018
2.394252E+018
2.329249E+018
2.348994E+018
2.375337E+018
2.337976E+018
2.262283E+018
2.144312E+018
2.067381E+018
2.142278E+018
2.017775E+018
2.009533E+018
1.924475E+018
1.926497E+018
1.822553E+018
1.701232E+018
1.709215E+018
1.562848E+018
1.484317E+018
1.442318E+018
1.40221E+018
1.385484E+018
1.228903E+018
1.162298E+018
1.117025E+018
1.005625E+018
8.832845E+017
8.83049E+017
7.542661E+017
6.70872E+017
5.486933E+017
4.29685E+017
3.460116E+017
2.69E+017
1.744495E+017
1.644112E+017
2.655871E+017
3.578288E+017
5.102546E+017
5.646372E+017
6.343141E+017
7.305829E+017
8.016707E+017
9.097357E+017
1.06389E+018
1.083324E+018
1.159063E+018
1.293264E+018
1.394634E+018
1.454051E+018
1.528186E+018
1.582429E+018
1.625535E+018
1.730784E+018
1.79501E+018
1.917199E+018
1.982351E+018
1.965536E+018
2.140032E+018
2.104773E+018
2.206343E+018
2.220658E+018
2.267551E+018
2.271813E+018
2.312426E+018
2.301964E+018
2.341257E+018
2.41377E+018
2.468874E+018
2.448035E+018
2.519786E+018
2.441314E+018
2.537696E+018
2.518599E+018
2.608241E+018
2.510985E+018
2.499551E+018
2.57825E+018
2.523961E+018
2.452557E+018
2.518382E+018
2.40223E+018
2.457152E+018
2.368303E+018
2.432219E+018
2.258097E+018
2.284809E+018
2.267718E+018
2.144251E+018
2.214524E+018
2.115974E+018
2.026773E+018
1.965753E+018
1.930495E+018
1.926535E+018
1.762583E+018
1.682358E+018
1.680894E+018
1.588368E+018
1.512197E+018
1.407599E+018
1.379099E+018
1.212121E+018
1.147028E+018
1.119403E+018
9.539752E+017
9.015911E+017
8.651181E+017
8.103271E+017
7.154258E+017
5.570563E+017
4.337601E+017
3.416699E+017
2.591569E+017
1.705721E+017
1.500084E+017
2.742228E+017
3.353671E+017
4.607328E+017
5.522997E+017
5.997457E+017
7.410188E+017
8.894885E+017
9.169932E+017
1.053622E+018
1.135995E+018
1.232644E+018
1.327083E+018
1.351471E+018
1.452382E+018
1.527605E+018
1.602318E+018
1.677429E+018
1.746415E+018
1.818589E+018
1.891688E+018
1.916921E+018
2.089481E+018
2.057025E+018
2.263009E+018
2.148745E+018
2.269409E+018
2.256731E+018
2.273981E+018
2.33619E+018
2.356339E+018
2.423788E+018
2.418892E+018
2.519566E+018
2.495418E+018
2.467773E+018
2.460425E+018
2.555711E+018
2.588908E+018
2.469272E+018
2.491013E+018
2.650998E+018
2.554756E+018
2.555224E+018
2.492564E+018
2.534698E+018
2.431496E+018
2.424829E+018
2.390036E+018
2.369732E+018
2.371529E+018
2.374136E+018
2.325692E+018
2.263223E+018
2.152782E+018
2.155424E+018
1.976262E+018
1.933241E+018
1.927693E+018
1.90048E+018
1.73866E+018
1.704641E+018
1.700051E+018
1.548745E+018
1.468995E+018
1.446642E+018
1.312401E+018
1.243875E+018
1.158337E+018
1.119941E+018
1.021064E+018
9.471887E+017
8.718901E+017
7.877868E+017
7.088923E+017
5.3685E+017
4.50527E+017
3.726616E+017
2.423621E+017
1.571514E+017
1.547515E+017
2.566816E+017
3.487072E+017
4.554063E+017
5.70601E+017
6.57633E+017
7.548422E+017
9.157465E+017
9.00603E+017
1.073889E+018
1.143E+018
1.25035E+018
1.305504E+018
1.413835E+018
1.514984E+018
1.537749E+018
1.633484E+018
1.72136E+018
1.710674E+018
1.81677E+018
1.891041E+018
1.96405E+018
2.057447E+018
2.105249E+018
2.183593E+018
2.16643E+018
2.294456E+018
2.222154E+018
2.288003E+018
2.477907E+018
2.374449E+018
2.358812E+018
2.359614E+018
2.472805E+018
2.530712E+018
2.577362E+018
2.535404E+018
2.675313E+018
2.722461E+018
2.736003E+018
2.721433E+018
2.620221E+018
2.610344E+018
2.523595E+018
2.497684E+018
2.473727E+018
2.439427E+018
2.486398E+018
2.488828E+018
2.292584E+018
2.323439E+018
2.334168E+018
2.335201E+018
2.184528E+018
2.080849E+018
2.132249E+018
2.122882E+018
1.926643E+018
1.891804E+018
1.832925E+018
1.813059E+018
1.730434E+018
1.644594E+018
1.580204E+018
1.515341E+018
1.484586E+018
1.309706E+018
1.322241E+018
1.200854E+018
1.122933E+018
1.055736E+018
9.491008E+017
8.929253E+017
7.843055E+017
7.010969E+017
5.546931E+017
4.671477E+017
3.797042E+017
2.640144E+017
1.380212E+017
1.769675E+017
2.958555E+017
3.704273E+017
4.918049E+017
5.251057E+017
6.625952E+017
7.692979E+017
8.838982E+017
9.891032E+017
1.044409E+018
1.116362E+018
1.229174E+018
1.358643E+018
1.386027E+018
1.483813E+018
1.610436E+018
1.644373E+018
1.685292E+018
1.81059E+018
1.811215E+018
1.850537E+018
1.920366E+018
2.018818E+018
2.154735E+018
2.225012E+018
2.211492E+018
2.261335E+018
2.326171E+018
2.391588E+018
2.465399E+018
2.492481E+018
2.460913E+018
2.459875E+018
2.534708E+018
2.460233E+018
2.568719E+018
2.612729E+018
2.5481E+018
2.639988E+018
2.65158E+018
2.696941E+018
2.67415E+018
2.603106E+018
2.57281E+018
2.607597E+018
2.619701E+018
2.540469E+018
2.550385E+018
2.518842E+018
2.371818E+018
2.450762E+018
2.379745E+018
2.325184E+018
2.20928E+018
2.168352E+018
2.228102E+018
2.144491E+018
2.030398E+018
1.955074E+018
1.917802E+018
1.887159E+018
1.817502E+018
1.688906E+018
1.689835E+018
1.561491E+018
1.378247E+018
1.397345E+018
1.290086E+018
1.217802E+018
1.067804E+018
1.047071E+018
9.431778E+017
8.497604E+017
7.844377E+017
7.110526E+017
5.950935E+017
4.630097E+017
3.903688E+017
2.901602E+017
1.45603E+017
1.600379E+017
2.624204E+017
3.711648E+017
4.913598E+017
6.04762E+017
6.786126E+017
7.93479E+017
8.683704E+017
9.344913E+017
1.070097E+018
1.117522E+018
1.222052E+018
1.350911E+018
1.388735E+018
1.535871E+018
1.636326E+018
1.63163E+018
1.745336E+018
1.825158E+018
1.865693E+018
1.906865E+018
1.999634E+018
2.034531E+018
2.130263E+018
2.084396E+018
2.176085E+018
2.228018E+018
2.368386E+018
2.389986E+018
2.481206E+018
2.511463E+018
2.447257E+018
2.534743E+018
2.590334E+018
2.578255E+018
2.658221E+018
2.647156E+018
2.655535E+018
2.679714E+018
2.652285E+018
2.66441E+018
2.657715E+018
2.615884E+018
2.648287E+018
2.595425E+018
2.601739E+018
2.590838E+018
2.547211E+018
2.494818E+018
2.546359E+018
2.39935E+018
2.408604E+018
2.304522E+018
2.282289E+018
2.184571E+018
2.261645E+018
2.14489E+018
1.972036E+018
2.071794E+018
1.958763E+018
1.905968E+018
1.837978E+018
1.685255E+018
1.601906E+018
1.580583E+018
1.480028E+018
1.405869E+018
1.258096E+018
1.202347E+018
1.180385E+018
1.049555E+018
9.729907E+017
8.89204E+017
7.644404E+017
6.61452E+017
5.606356E+017
4.987771E+017
3.587282E+017
2.628858E+017
1.33244E+017
1.646783E+017
2.787339E+017
3.841284E+017
4.700114E+017
5.810187E+017
6.858049E+017
7.826485E+017
8.942764E+017
9.792068E+017
1.101255E+018
1.141706E+018
1.291453E+018
1.267486E+018
1.457714E+018
1.570757E+018
1.581886E+018
1.7041E+018
1.786164E+018
1.823165E+018
1.870372E+018
1.951222E+018
2.054968E+018
2.048623E+018
2.148217E+018
2.164993E+018
2.314418E+018
2.303258E+018
2.309644E+018
2.456248E+018
2.548638E+018
2.463688E+018
2.537662E+018
2.563301E+018
2.649808E+018
2.5943E+018
2.651304E+018
2.709034E+018
2.648134E+018
2.703481E+018
2.61002E+018
2.716396E+018
2.748622E+018
2.651882E+018
2.676531E+018
2.606703E+018
2.614676E+018
2.632851E+018
2.55439E+018
2.58482E+018
2.45217E+018
2.49045E+018
2.353032E+018
2.241588E+018
2.214112E+018
2.288024E+018
2.174095E+018
2.068404E+018
2.091955E+018
2.021811E+018
1.884483E+018
1.895259E+018
1.850641E+018
1.682241E+018
1.712817E+018
1.523173E+018
1.480672E+018
1.402835E+018
1.324093E+018
1.170855E+018
1.241181E+018
1.099486E+018
1.017513E+018
8.047846E+017
7.735531E+017
6.524007E+017
5.468282E+017
5.347106E+017
4.032483E+017
2.332887E+017
1.39116E+017
1.702707E+017
2.77575E+017
3.738812E+017
4.878476E+017
5.707712E+017
7.127852E+017
8.066839E+017
9.343679E+017
9.929719E+017
1.117264E+018
1.177378E+018
1.280696E+018
1.34915E+018
1.423101E+018
1.617864E+018
1.686144E+018
1.707285E+018
1.807931E+018
1.821651E+018
1.948402E+018
1.98805E+018
2.060436E+018
2.167535E+018
2.131194E+018
2.179871E+018
2.270602E+018
2.291956E+018
2.413426E+018
2.493647E+018
2.486365E+018
2.514717E+018
2.61162E+018
2.723998E+018
2.680441E+018
2.681668E+018
2.591862E+018
2.58631E+018
2.681239E+018
2.66395E+018
2.693043E+018
2.715378E+018
2.722661E+018
2.723325E+018
2.679992E+018
2.616939E+018
2.54721E+018
2.723422E+018
2.682615E+018
2.629592E+018
2.543803E+018
2.490582E+018
2.359356E+018
2.350421E+018
2.223063E+018
2.266181E+018
2.155788E+018
2.206032E+018
2.050966E+018
2.108612E+018
2.00534E+018
1.958582E+018
1.868726E+018
1.698198E+018
1.766885E+018
1.618956E+018
1.447502E+018
1.468954E+018
1.375098E+018
1.211266E+018
1.187231E+018
1.055636E+018
1.030508E+018
9.238378E+017
7.751094E+017
6.616264E+017
5.829486E+017
5.28837E+017
3.77015E+017
2.550905E+017
1.559E+017
1.648563E+017
3.060035E+017
4.274742E+017
5.252342E+017
5.975769E+017
7.481989E+017
8.424983E+017
9.309255E+017
1.068669E+018
1.15552E+018
1.188405E+018
1.271036E+018
1.379338E+018
1.427128E+018
1.599324E+018
1.656307E+018
1.764874E+018
1.766228E+018
1.900074E+018
2.05339E+018
2.112329E+018
1.995466E+018
2.034634E+018
2.116319E+018
2.222993E+018
2.315551E+018
2.28944E+018
2.394087E+018
2.506184E+018
2.546031E+018
2.521571E+018
2.616694E+018
2.664322E+018
2.633401E+018
2.728575E+018
2.684298E+018
2.675283E+018
2.700043E+018
2.714599E+018
2.66797E+018
2.69129E+018
2.657015E+018
2.757373E+018
2.617389E+018
2.621276E+018
2.719375E+018
2.579749E+018
2.649961E+018
2.625175E+018
2.552892E+018
2.537487E+018
2.402168E+018
2.339015E+018
2.281081E+018
2.211929E+018
2.179918E+018
2.168895E+018
2.200579E+018
1.948154E+018
1.949844E+018
1.9239E+018
1.844239E+018
1.737434E+018
1.708801E+018
1.549067E+018
1.502331E+018
1.46546E+018
1.329752E+018
1.275182E+018
1.156518E+018
1.060072E+018
9.669404E+017
8.467176E+017
8.158297E+017
6.892058E+017
5.884948E+017
4.731726E+017
3.580777E+017
2.576076E+017
1.740521E+017
1.599348E+017
3.088157E+017
4.057159E+017
5.269647E+017
6.033066E+017
7.584022E+017
8.283721E+017
8.964799E+017
1.007133E+018
1.071405E+018
1.228975E+018
1.296334E+018
1.355444E+018
1.471137E+018
1.536079E+018
1.678799E+018
1.729679E+018
1.851719E+018
1.931791E+018
2.038674E+018
2.091895E+018
2.142166E+018
2.154988E+018
2.256835E+018
2.256132E+018
2.336855E+018
2.321397E+018
2.397977E+018
2.508946E+018
2.633533E+018
2.436471E+018
2.622225E+018
2.609948E+018
2.64654E+018
2.728317E+018
2.663195E+018
2.741878E+018
2.678543E+018
2.750482E+018
2.685307E+018
2.704733E+018
2.726781E+018
2.733058E+018
2.699778E+018
2.723617E+018
2.711746E+018
2.651298E+018
2.685208E+018
2.610037E+018
2.524329E+018
2.513782E+018
2.479831E+018
2.37309E+018
2.327932E+018
2.336791E+018
2.245112E+018
2.217544E+018
2.085948E+018
2.122451E+018
1.898604E+018
1.872885E+018
1.744593E+018
1.740014E+018
1.688307E+018
1.56571E+018
1.50531E+018
1.441536E+018
1.450933E+018
1.263319E+018
1.199534E+018
1.060209E+018
9.812637E+017
8.538774E+017
8.136878E+017
7.053163E+017
5.950469E+017
4.473374E+017
3.665221E+017
2.788713E+017
1.612828E+017
1.64118E+017
2.849691E+017
4.046898E+017
5.009627E+017
6.155637E+017
6.999889E+017
8.315991E+017
9.685883E+017
1.049557E+018
1.129395E+018
1.244613E+018
1.347924E+018
1.387691E+018
1.482399E+018
1.492375E+018
1.592549E+018
1.823533E+018
1.900588E+018
1.906548E+018
2.010928E+018
2.029135E+018
2.064873E+018
2.119261E+018
2.202635E+018
2.249839E+018
2.356503E+018
2.341247E+018
2.344954E+018
2.439458E+018
2.553895E+018
2.476591E+018
2.642508E+018
2.562262E+018
2.630832E+018
2.658946E+018
2.682107E+018
2.655916E+018
2.819935E+018
2.718432E+018
2.733944E+018
2.645529E+018
2.66794E+018
2.671527E+018
2.761134E+018
2.744819E+018
2.674568E+018
2.631502E+018
2.647481E+018
2.578242E+018
2.559762E+018
2.410446E+018
2.52698E+018
2.392446E+018
2.268465E+018
2.309169E+018
2.232992E+018
2.140648E+018
2.173833E+018
2.185163E+018
1.959193E+018
1.895596E+018
1.753891E+018
1.774743E+018
1.751192E+018
1.577581E+018
1.492056E+018
1.378654E+018
1.322368E+018
1.299648E+018
1.132149E+018
1.039161E+018
9.459434E+017
8.369707E+017
7.663574E+017
6.379399E+017
6.104213E+017
5.26079E+017
3.708848E+017
2.704798E+017
1.560376E+017
1.888149E+017
3.02156E+017
3.690957E+017
4.61643E+017
5.674192E+017
7.420055E+017
8.148545E+017
9.117565E+017
9.780152E+017
1.093096E+018
1.174792E+018
1.236562E+018
1.413357E+018
1.505547E+018
1.571109E+018
1.606019E+018
1.815311E+018
1.897844E+018
1.925904E+018
2.065338E+018
2.05933E+018
2.15065E+018
2.213001E+018
2.303141E+018
2.335247E+018
2.311373E+018
2.361302E+018
2.45232E+018
2.569195E+018
2.591447E+018
2.495397E+018
2.603707E+018
2.475191E+018
2.705117E+018
2.833818E+018
2.622109E+018
2.732652E+018
2.699885E+018
2.819713E+018
2.762699E+018
2.671297E+018
2.625566E+018
2.768806E+018
2.666704E+018
2.695898E+018
2.65667E+018
2.742933E+018
2.555512E+018
2.639844E+018
2.563091E+018
2.63114E+018
2.499026E+018
2.475308E+018
2.412102E+018
2.27527E+018
2.31779E+018
2.098164E+018
2.085747E+018
2.098022E+018
1.972835E+018
1.834686E+018
1.824978E+018
1.798776E+018
1.67109E+018
1.686193E+018
1.54502E+018
1.48896E+018
1.371379E+018
1.241049E+018
1.111373E+018
1.055692E+018
9.65547E+017
9.20589E+017
7.869838E+017
6.806147E+017
5.730986E+017
5.099002E+017
3.726355E+017
2.925789E+017
1.546958E+017
1.526737E+017
2.788395E+017
4.055913E+017
5.228264E+017
5.471347E+017
6.7102E+017
8.193514E+017
9.183487E+017
9.928938E+017
1.139556E+018
1.264156E+018
1.311479E+018
1.38279E+018
1.506271E+018
1.599134E+018
1.679114E+018
1.76693E+018
1.859824E+018
1.892348E+018
1.923385E+018
2.028335E+018
2.015581E+018
2.231904E+018
2.383407E+018
2.362676E+018
2.316011E+018
2.365763E+018
2.587012E+018
2.550486E+018
2.502195E+018
2.603833E+018
2.5175E+018
2.580726E+018
2.613925E+018
2.632734E+018
2.638237E+018
2.738794E+018
2.633098E+018
2.690976E+018
2.748816E+018
2.635139E+018
2.735916E+018
2.707896E+018
2.778607E+018
2.678152E+018
2.608301E+018
2.547992E+018
2.581224E+018
2.55044E+018
2.583972E+018
2.485801E+018
2.494364E+018
2.392892E+018
2.334883E+018
2.257279E+018
2.241442E+018
2.185235E+018
2.078801E+018
1.998213E+018
1.958155E+018
1.917794E+018
1.875174E+018
1.856685E+018
1.666374E+018
1.618282E+018
1.59328E+018
1.459854E+018
1.341962E+018
1.197275E+018
1.110713E+018
1.018235E+018
1.024457E+018
8.573851E+017
7.833462E+017
6.906435E+017
5.363202E+017
4.620075E+017
3.916706E+017
2.909778E+017
1.582735E+017
1.707316E+017
2.648533E+017
3.671672E+017
4.992961E+017
6.235861E+017
6.862179E+017
7.954033E+017
9.367169E+017
9.963849E+017
1.112826E+018
1.212727E+018
1.310622E+018
1.429938E+018
1.519226E+018
1.608504E+018
1.64528E+018
1.709899E+018
1.844397E+018
1.851087E+018
1.908447E+018
2.014891E+018
2.170036E+018
2.111361E+018
2.265848E+018
2.352299E+018
2.25504E+018
2.418061E+018
2.421398E+018
2.498213E+018
2.554979E+018
2.610831E+018
2.582166E+018
2.564671E+018
2.662754E+018
2.700436E+018
2.609843E+018
2.662391E+018
2.701824E+018
2.785451E+018
2.832745E+018
2.695075E+018
2.647276E+018
2.651025E+018
2.757014E+018
2.641211E+018
2.668356E+018
2.637281E+018
2.606017E+018
2.62406E+018
2.599363E+018
2.496433E+018
2.392426E+018
2.460017E+018
2.346856E+018
2.236803E+018
2.227864E+018
2.14272E+018
2.095932E+018
2.033357E+018
2.016739E+018
1.915744E+018
1.834122E+018
1.751712E+018
1.659687E+018
1.730092E+018
1.617568E+018
1.433273E+018
1.315427E+018
1.258683E+018
1.205563E+018
1.070987E+018
1.03454E+018
8.717662E+017
8.10452E+017
6.799997E+017
5.688187E+017
4.630851E+017
3.904337E+017
2.66779E+017
1.43241E+017
1.738434E+017
2.906932E+017
3.73266E+017
4.922325E+017
5.780132E+017
6.937624E+017
7.987696E+017
9.538615E+017
1.014773E+018
1.127565E+018
1.14808E+018
1.304856E+018
1.361777E+018
1.468799E+018
1.584818E+018
1.650038E+018
1.706072E+018
1.765671E+018
1.83608E+018
1.945829E+018
1.961557E+018
2.039777E+018
2.177124E+018
2.265462E+018
2.260417E+018
2.309344E+018
2.426588E+018
2.563097E+018
2.512913E+018
2.555418E+018
2.556152E+018
2.604401E+018
2.717945E+018
2.673859E+018
2.537268E+018
2.700464E+018
2.699712E+018
2.643015E+018
2.790468E+018
2.814419E+018
2.760466E+018
2.716502E+018
2.704213E+018
2.712985E+018
2.610764E+018
2.663796E+018
2.574781E+018
2.53123E+018
2.485959E+018
2.555277E+018
2.445986E+018
2.433961E+018
2.497392E+018
2.385525E+018
2.308659E+018
2.350271E+018
2.107266E+018
2.13699E+018
2.091785E+018
1.992336E+018
1.924325E+018
1.848736E+018
1.776768E+018
1.687289E+018
1.630931E+018
1.566886E+018
1.458343E+018
1.256022E+018
1.230059E+018
1.191865E+018
1.08688E+018
9.725668E+017
9.16383E+017
8.199827E+017
6.865611E+017
5.893615E+017
4.916849E+017
3.598413E+017
2.78833E+017
1.571928E+017
1.645949E+017
2.832211E+017
4.044966E+017
5.083041E+017
6.239303E+017
7.239579E+017
7.613942E+017
8.700577E+017
9.889111E+017
1.124626E+018
1.20144E+018
1.331778E+018
1.433747E+018
1.545454E+018
1.589078E+018
1.708016E+018
1.692235E+018
1.805526E+018
1.829821E+018
1.938546E+018
2.010691E+018
2.157425E+018
2.134505E+018
2.300948E+018
2.213803E+018
2.351316E+018
2.355957E+018
2.429351E+018
2.540377E+018
2.527389E+018
2.477376E+018
2.601058E+018
2.659517E+018
2.501195E+018
2.622958E+018
2.739263E+018
2.713182E+018
2.655836E+018
2.76011E+018
2.727289E+018
2.717479E+018
2.697398E+018
2.727316E+018
2.619386E+018
2.616493E+018
2.698674E+018
2.564085E+018
2.472472E+018
2.514103E+018
2.490699E+018
2.402908E+018
2.341732E+018
2.433619E+018
2.327279E+018
2.279898E+018
2.297897E+018
2.116974E+018
2.066232E+018
2.00101E+018
1.85946E+018
1.83576E+018
1.865676E+018
1.75939E+018
1.67977E+018
1.638748E+018
1.550145E+018
1.406968E+018
1.383364E+018
1.341237E+018
1.159246E+018
1.069333E+018
1.020546E+018
8.974437E+017
7.989889E+017
6.880822E+017
5.716524E+017
4.767784E+017
3.580467E+017
2.707698E+017
1.575046E+017
1.784992E+017
2.727268E+017
3.905578E+017
4.88802E+017
5.671451E+017
6.964411E+017
7.795317E+017
8.813149E+017
1.017496E+018
1.057685E+018
1.223549E+018
1.288498E+018
1.391824E+018
1.475473E+018
1.51877E+018
1.688765E+018
1.731726E+018
1.77129E+018
1.919285E+018
1.940315E+018
1.975912E+018
2.082432E+018
2.180407E+018
2.242428E+018
2.252104E+018
2.29554E+018
2.389385E+018
2.415981E+018
2.569678E+018
2.540354E+018
2.558296E+018
2.60527E+018
2.617866E+018
2.568063E+018
2.685366E+018
2.669662E+018
2.694571E+018
2.696805E+018
2.704419E+018
2.696531E+018
2.684221E+018
2.608504E+018
2.566242E+018
2.578445E+018
2.62032E+018
2.587178E+018
2.554769E+018
2.5048E+018
2.479762E+018
2.545488E+018
2.463823E+018
2.41294E+018
2.403457E+018
2.323539E+018
2.343006E+018
2.303754E+018
2.164031E+018
2.00827E+018
1.961786E+018
1.936944E+018
1.820901E+018
1.789742E+018
1.702837E+018
1.589426E+018
1.54316E+018
1.425349E+018
1.377658E+018
1.30868E+018
1.252787E+018
1.181331E+018
1.087375E+018
1.029705E+018
9.026985E+017
8.072179E+017
7.242729E+017
5.717644E+017
4.835477E+017
4.034408E+017
2.675036E+017
1.715927E+017
1.602146E+017
2.940871E+017
3.77117E+017
5.134483E+017
6.102645E+017
7.182012E+017
7.647085E+017
9.080228E+017
9.721845E+017
1.058031E+018
1.146724E+018
1.259387E+018
1.381043E+018
1.438394E+018
1.547353E+018
1.687209E+018
1.674015E+018
1.77392E+018
1.911685E+018
1.932703E+018
2.00015E+018
1.975203E+018
2.11436E+018
2.170688E+018
2.306672E+018
2.227361E+018
2.354995E+018
2.403885E+018
2.476143E+018
2.521878E+018
2.551481E+018
2.567806E+018
2.577635E+018
2.629723E+018
2.634373E+018
2.710469E+018
2.680826E+018
2.691999E+018
2.647239E+018
2.742242E+018
2.701266E+018
2.68423E+018
2.618361E+018
2.646325E+018
2.612716E+018
2.620197E+018
2.568188E+018
2.482587E+018
2.539375E+018
2.403629E+018
2.390907E+018
2.390571E+018
2.356212E+018
2.357721E+018
2.318153E+018
2.191053E+018
2.073895E+018
1.964018E+018
1.967194E+018
1.827301E+018
1.817471E+018
1.776373E+018
1.759104E+018
1.689752E+018
1.570599E+018
1.483511E+018
1.367643E+018
1.249535E+018
1.23542E+018
1.121895E+018
1.088089E+018
1.007726E+018
8.94946E+017
8.013964E+017
6.778788E+017
5.798317E+017
4.496964E+017
3.355404E+017
2.415699E+017
1.400871E+017
1.823036E+017
2.729844E+017
3.989516E+017
5.250717E+017
5.821683E+017
6.973207E+017
7.703279E+017
9.170575E+017
8.72731E+017
1.056652E+018
1.145228E+018
1.225285E+018
1.382515E+018
1.436691E+018
1.589499E+018
1.597905E+018
1.635988E+018
1.687401E+018
1.902192E+018
1.854686E+018
1.951529E+018
2.083318E+018
2.161307E+018
2.188464E+018
2.280222E+018
2.32217E+018
2.43494E+018
2.363796E+018
2.40334E+018
2.517443E+018
2.427579E+018
2.530405E+018
2.579865E+018
2.602377E+018
2.631137E+018
2.613868E+018
2.628241E+018
2.725519E+018
2.76223E+018
2.715232E+018
2.6532E+018
2.591634E+018
2.592858E+018
2.601013E+018
2.665805E+018
2.623019E+018
2.513116E+018
2.494029E+018
2.401895E+018
2.356102E+018
2.44191E+018
2.405294E+018
2.314917E+018
2.251109E+018
2.229114E+018
2.139973E+018
2.095487E+018
2.016747E+018
2.037873E+018
1.932182E+018
1.776314E+018
1.826503E+018
1.738207E+018
1.682906E+018
1.592351E+018
1.490816E+018
1.412213E+018
1.22931E+018
1.19111E+018
1.101064E+018
1.055096E+018
9.433707E+017
9.329346E+017
7.735314E+017
6.847846E+017
5.278792E+017
4.801576E+017
3.645878E+017
2.728709E+017
1.552259E+017
1.80267E+017
2.952713E+017
3.970803E+017
4.937438E+017
5.507827E+017
6.700381E+017
7.593482E+017
8.47227E+017
9.383634E+017
1.025929E+018
1.169466E+018
1.227322E+018
1.338906E+018
1.42166E+018
1.557993E+018
1.609832E+018
1.651251E+018
1.772827E+018
1.749405E+018
1.862792E+018
1.944092E+018
2.008919E+018
2.086828E+018
2.080317E+018
2.233728E+018
2.281355E+018
2.322913E+018
2.412551E+018
2.426334E+018
2.43805E+018
2.460783E+018
2.515935E+018
2.546723E+018
2.450565E+018
2.552564E+018
2.628411E+018
2.639453E+018
2.6429E+018
2.691716E+018
2.643272E+018
2.617912E+018
2.623852E+018
2.628703E+018
2.694844E+018
2.491081E+018
2.648344E+018
2.51131E+018
2.464916E+018
2.379076E+018
2.330823E+018
2.359241E+018
2.421895E+018
2.299049E+018
2.296335E+018
2.212102E+018
2.118941E+018
2.169527E+018
2.022111E+018
1.96281E+018
1.903077E+018
1.84261E+018
1.795271E+018
1.693561E+018
1.549811E+018
1.521291E+018
1.437789E+018
1.379075E+018
1.26147E+018
1.183153E+018
1.110294E+018
1.035623E+018
9.714112E+017
8.639071E+017
7.919462E+017
6.859047E+017
5.598413E+017
4.723683E+017
3.479999E+017
2.542004E+017
1.405347E+017
1.672817E+017
2.791533E+017
3.659375E+017
4.659879E+017
5.61292E+017
6.438167E+017
7.386837E+017
9.235127E+017
9.351186E+017
1.073768E+018
1.146663E+018
1.214453E+018
1.269694E+018
1.45441E+018
1.532205E+018
1.612978E+018
1.661198E+018
1.685068E+018
1.821561E+018
1.954604E+018
1.880026E+018
2.008782E+018
2.070015E+018
2.076899E+018
2.233794E+018
2.226813E+018
2.265546E+018
2.270807E+018
2.392571E+018
2.402721E+018
2.336943E+018
2.410038E+018
2.496443E+018
2.544164E+018
2.555393E+018
2.600222E+018
2.592421E+018
2.516435E+018
2.611027E+018
2.599213E+018
2.591037E+018
2.603074E+018
2.547425E+018
2.492167E+018
2.511494E+018
2.425211E+018
2.408022E+018
2.50747E+018
2.520661E+018
2.44467E+018
2.393966E+018
2.370775E+018
2.288816E+018
2.272708E+018
2.142272E+018
2.111285E+018
2.146459E+018
1.983111E+018
1.974173E+018
1.794688E+018
1.771491E+018
1.770904E+018
1.666186E+018
1.541964E+018
1.495944E+018
1.432984E+018
1.328872E+018
1.263174E+018
1.11602E+018
1.046832E+018
9.961823E+017
9.27574E+017
8.625656E+017
7.269648E+017
6.235627E+017
5.436991E+017
4.690573E+017
3.827943E+017
2.54464E+017
1.466612E+017
1.532191E+017
2.479593E+017
3.46105E+017
4.407606E+017
5.527428E+017
6.113815E+017
7.601225E+017
8.991237E+017
9.126351E+017
1.052035E+018
1.131203E+018
1.293045E+018
1.278691E+018
1.455137E+018
1.509047E+018
1.559649E+018
1.555951E+018
1.708717E+018
1.751456E+018
1.890556E+018
1.956176E+018
1.877782E+018
1.978774E+018
2.013751E+018
2.110093E+018
2.209849E+018
2.247797E+018
2.1837E+018
2.431634E+018
2.373732E+018
2.387827E+018
2.394214E+018
2.456556E+018
2.438918E+018
2.48334E+018
2.5801E+018
2.576371E+018
2.479557E+018
2.610894E+018
2.604629E+018
2.5614E+018
2.452832E+018
2.610586E+018
2.617833E+018
2.506249E+018
2.38728E+018
2.450419E+018
2.437465E+018
2.459277E+018
2.344498E+018
2.42767E+018
2.289372E+018
2.30101E+018
2.199043E+018
2.161673E+018
2.150212E+018
2.088594E+018
1.979223E+018
2.016967E+018
1.816086E+018
1.729181E+018
1.733585E+018
1.57898E+018
1.554559E+018
1.386155E+018
1.377262E+018
1.348558E+018
1.250218E+018
1.16094E+018
1.03557E+018
9.937586E+017
9.399884E+017
8.460053E+017
7.679937E+017
6.790947E+017
5.296243E+017
4.80664E+017
3.570989E+017
2.82875E+017
1.411253E+017
1.72777E+017
2.558598E+017
3.515509E+017
4.648499E+017
5.80428E+017
6.872954E+017
7.515047E+017
8.526726E+017
9.567325E+017
1.065957E+018
1.081324E+018
1.231801E+018
1.366439E+018
1.38583E+018
1.470646E+018
1.531763E+018
1.59717E+018
1.649485E+018
1.738761E+018
1.790796E+018
1.844776E+018
1.856784E+018
1.913996E+018
1.994159E+018
2.083776E+018
2.204874E+018
2.308894E+018
2.267056E+018
2.18084E+018
2.311462E+018
2.42304E+018
2.383404E+018
2.413909E+018
2.405297E+018
2.396019E+018
2.533082E+018
2.572239E+018
2.523424E+018
2.555664E+018
2.520847E+018
2.545476E+018
2.504685E+018
2.403413E+018
2.488196E+018
2.459903E+018
2.479444E+018
2.437068E+018
2.479162E+018
2.367005E+018
2.438969E+018
2.311821E+018
2.318724E+018
2.272296E+018
2.217792E+018
2.111444E+018
2.094373E+018
2.075855E+018
2.000513E+018
1.82822E+018
1.751029E+018
1.687852E+018
1.689546E+018
1.634038E+018
1.534233E+018
1.344487E+018
1.423797E+018
1.250589E+018
1.213563E+018
1.180267E+018
1.017982E+018
9.520179E+017
8.958342E+017
7.65705E+017
6.85475E+017
6.110315E+017
5.599115E+017
4.368173E+017
3.810185E+017
2.547151E+017
1.518894E+017
1.374124E+017
2.330441E+017
3.685501E+017
4.152035E+017
5.723083E+017
6.424787E+017
6.989522E+017
8.906447E+017
9.840252E+017
9.788625E+017
1.051325E+018
1.193244E+018
1.239863E+018
1.296302E+018
1.337952E+018
1.471176E+018
1.499659E+018
1.630477E+018
1.663861E+018
1.756526E+018
1.776957E+018
1.825901E+018
1.93231E+018
1.988222E+018
2.047133E+018
2.240101E+018
2.190205E+018
2.144209E+018
2.208295E+018
2.22156E+018
2.191177E+018
2.372334E+018
2.470702E+018
2.358425E+018
2.373398E+018
2.485183E+018
2.517727E+018
2.549005E+018
2.494597E+018
2.443113E+018
2.444202E+018
2.46275E+018
2.496191E+018
2.380687E+018
2.432324E+018
2.386635E+018
2.350614E+018
2.373362E+018
2.375463E+018
2.407635E+018
2.218014E+018
2.335374E+018
2.260418E+018
2.089879E+018
2.113839E+018
2.009684E+018
2.036077E+018
1.940782E+018
1.826207E+018
1.723554E+018
1.686117E+018
1.681866E+018
1.643465E+018
1.557915E+018
1.455056E+018
1.408519E+018
1.220733E+018
1.189029E+018
1.094022E+018
1.033467E+018
9.759577E+017
9.359878E+017
7.575307E+017
6.911199E+017
6.165999E+017
5.338943E+017
4.390489E+017
3.446701E+017
2.404807E+017
1.407672E+017
1.655796E+017
2.525106E+017
3.51748E+017
4.361394E+017
5.654619E+017
6.266529E+017
7.333709E+017
7.902593E+017
9.304383E+017
1.004462E+018
1.069782E+018
1.174035E+018
1.208817E+018
1.259892E+018
1.359919E+018
1.454112E+018
1.459921E+018
1.580642E+018
1.634721E+018
1.719362E+018
1.72657E+018
1.787012E+018
1.866117E+018
2.014609E+018
2.047541E+018
2.150484E+018
2.185137E+018
2.226109E+018
2.2155E+018
2.246737E+018
2.273227E+018
2.381248E+018
2.379891E+018
2.401211E+018
2.383987E+018
2.343048E+018
2.367835E+018
2.520043E+018
2.479569E+018
2.397845E+018
2.469087E+018
2.45439E+018
2.407206E+018
2.420022E+018
2.420688E+018
2.352766E+018
2.346105E+018
2.324803E+018
2.277478E+018
2.292043E+018
2.239147E+018
2.21329E+018
2.138562E+018
2.145956E+018
2.000822E+018
1.961254E+018
1.929586E+018
1.872342E+018
1.728851E+018
1.749711E+018
1.690757E+018
1.670862E+018
1.558383E+018
1.535787E+018
1.411657E+018
1.349501E+018
1.25618E+018
1.181917E+018
1.090913E+018
1.037908E+018
9.4954E+017
8.746749E+017
8.609446E+017
6.936746E+017
6.389948E+017
5.693967E+017
4.542675E+017
3.057462E+017
2.255754E+017
1.477675E+017
1.579266E+017
2.512197E+017
3.693821E+017
4.047636E+017
5.334551E+017
6.028925E+017
7.557403E+017
8.047543E+017
9.377507E+017
1.011927E+018
1.035736E+018
1.078523E+018
1.213471E+018
1.274072E+018
1.323309E+018
1.400981E+018
1.48477E+018
1.601884E+018
1.623355E+018
1.671107E+018
1.776678E+018
1.69166E+018
1.768664E+018
1.984661E+018
1.966239E+018
2.102975E+018
2.156824E+018
2.102027E+018
2.216123E+018
2.111094E+018
2.183409E+018
2.345065E+018
2.283721E+018
2.289192E+018
2.287189E+018
2.255438E+018
2.351794E+018
2.260635E+018
2.299668E+018
2.362003E+018
2.364803E+018
2.406117E+018
2.307379E+018
2.380303E+018
2.421121E+018
2.405456E+018
2.284698E+018
2.274977E+018
2.276783E+018
2.241272E+018
2.143616E+018
2.184838E+018
2.086135E+018
2.081185E+018
1.99474E+018
1.935393E+018
1.862206E+018
1.848136E+018
1.777907E+018
1.674177E+018
1.708169E+018
1.659921E+018
1.577248E+018
1.546093E+018
1.340496E+018
1.291086E+018
1.245273E+018
1.169072E+018
1.055269E+018
1.049418E+018
9.314284E+017
8.916429E+017
8.364073E+017
7.128595E+017
5.7903E+017
5.356665E+017
4.341996E+017
3.630537E+017
2.409104E+017
1.318266E+017
1.527572E+017
2.542245E+017
3.249469E+017
3.78818E+017
5.024085E+017
5.982498E+017
6.695247E+017
8.108812E+017
8.230188E+017
9.234985E+017
9.720682E+017
1.101736E+018
1.186969E+018
1.227324E+018
1.309867E+018
1.451574E+018
1.495584E+018
1.543915E+018
1.654136E+018
1.650876E+018
1.709784E+018
1.775644E+018
1.873015E+018
1.873558E+018
1.960993E+018
1.967326E+018
1.975972E+018
2.096104E+018
2.119345E+018
2.148939E+018
2.136054E+018
2.315503E+018
2.196638E+018
2.211652E+018
2.219167E+018
2.196225E+018
2.239899E+018
2.237732E+018
2.261775E+018
2.325827E+018
2.366801E+018
2.370857E+018
2.375904E+018
2.300248E+018
2.329083E+018
2.272815E+018
2.262902E+018
2.237141E+018
2.155833E+018
2.139915E+018
2.178182E+018
2.092344E+018
2.062152E+018
2.005082E+018
1.918328E+018
1.873539E+018
1.888259E+018
1.78697E+018
1.704716E+018
1.747224E+018
1.649993E+018
1.61547E+018
1.548212E+018
1.409535E+018
1.311474E+018
1.289921E+018
1.232192E+018
1.111498E+018
1.020178E+018
9.458945E+017
9.107408E+017
8.176216E+017
7.592848E+017
6.784792E+017
6.019569E+017
4.863993E+017
4.450302E+017
3.257264E+017
2.085322E+017
1.351754E+017
1.304555E+017
2.293625E+017
3.509823E+017
4.339843E+017
4.864825E+017
5.630152E+017
6.442407E+017
7.865066E+017
8.596493E+017
9.545751E+017
9.756054E+017
1.094144E+018
1.139067E+018
1.285133E+018
1.22577E+018
1.367181E+018
1.476725E+018
1.507383E+018
1.604715E+018
1.696353E+018
1.716377E+018
1.783098E+018
1.79025E+018
1.82762E+018
1.915787E+018
1.933719E+018
2.013563E+018
1.944976E+018
2.034151E+018
2.067598E+018
2.091448E+018
2.138564E+018
2.128534E+018
2.170047E+018
2.242068E+018
2.204114E+018
2.182929E+018
2.217384E+018
2.271432E+018
2.277918E+018
2.322669E+018
2.248259E+018
2.204475E+018
2.14169E+018
2.191521E+018
2.20045E+018
2.272991E+018
2.176859E+018
2.079228E+018
2.079701E+018
2.000631E+018
2.037913E+018
1.988324E+018
1.933193E+018
1.875802E+018
1.850104E+018
1.820755E+018
1.714976E+018
1.713256E+018
1.638536E+018
1.700286E+018
1.5133E+018
1.485374E+018
1.422452E+018
1.373035E+018
1.2346E+018
1.217433E+018
1.117955E+018
9.904959E+017
9.449614E+017
8.927717E+017
8.523224E+017
7.461053E+017
6.761032E+017
5.624039E+017
4.778593E+017
4.109024E+017
3.078466E+017
2.362219E+017
1.289207E+017
1.267971E+017
2.40938E+017
3.097828E+017
4.134667E+017
4.718871E+017
5.510632E+017
6.379911E+017
7.167027E+017
7.918145E+017
8.436048E+017
9.273379E+017
1.061587E+018
1.211286E+018
1.210239E+018
1.30301E+018
1.269052E+018
1.357515E+018
1.477526E+018
1.467748E+018
1.496574E+018
1.577288E+018
1.634031E+018
1.71516E+018
1.850393E+018
1.860788E+018
1.84378E+018
1.893274E+018
1.948291E+018
1.999477E+018
2.015111E+018
2.182762E+018
2.055413E+018
2.127194E+018
2.133529E+018
2.027958E+018
2.231566E+018
2.19839E+018
2.157376E+018
2.120547E+018
2.124276E+018
2.214106E+018
2.147348E+018
2.184123E+018
2.179677E+018
2.210759E+018
2.227161E+018
2.143403E+018
2.181341E+018
2.061707E+018
2.038306E+018
1.987013E+018
1.981814E+018
1.952221E+018
1.888094E+018
1.802831E+018
1.754452E+018
1.781303E+018
1.79648E+018
1.697147E+018
1.519832E+018
1.558338E+018
1.443112E+018
1.341575E+018
1.339346E+018
1.376594E+018
1.228839E+018
1.137279E+018
1.118495E+018
1.02325E+018
9.327534E+017
8.443057E+017
7.901794E+017
7.66654E+017
6.307525E+017
5.453414E+017
4.490753E+017
3.765508E+017
3.205294E+017
2.172744E+017
1.408828E+017
1.543591E+017
2.259271E+017
2.898003E+017
4.005755E+017
4.885445E+017
5.586517E+017
6.565657E+017
7.220533E+017
7.66255E+017
8.588997E+017
9.616421E+017
9.884888E+017
1.097964E+018
1.154733E+018
1.238848E+018
1.298568E+018
1.387385E+018
1.433513E+018
1.427996E+018
1.449922E+018
1.563739E+018
1.587231E+018
1.824083E+018
1.741726E+018
1.831453E+018
1.847123E+018
1.946844E+018
1.890862E+018
1.958482E+018
1.947E+018
1.967049E+018
1.988571E+018
2.037084E+018
1.98936E+018
1.983556E+018
2.034401E+018
2.087672E+018
2.099628E+018
2.109694E+018
2.086656E+018
2.119206E+018
2.076718E+018
2.138245E+018
2.156933E+018
2.122164E+018
2.145212E+018
2.067236E+018
2.019055E+018
1.958837E+018
1.938629E+018
1.871359E+018
1.923894E+018
1.892215E+018
1.797227E+018
1.894551E+018
1.781827E+018
1.749023E+018
1.700314E+018
1.618599E+018
1.533049E+018
1.508503E+018
1.480188E+018
1.388148E+018
1.355292E+018
1.222691E+018
1.211679E+018
1.166657E+018
1.074306E+018
9.78205E+017
9.135409E+017
8.29309E+017
7.727186E+017
7.013291E+017
5.958861E+017
4.975309E+017
4.262416E+017
3.80472E+017
3.06842E+017
2.162873E+017
1.284096E+017
1.441426E+017
2.117095E+017
3.129407E+017
3.919159E+017
4.829089E+017
5.298802E+017
5.761714E+017
6.369557E+017
7.865193E+017
8.265669E+017
9.008317E+017
9.924338E+017
1.032996E+018
1.141399E+018
1.205929E+018
1.234873E+018
1.323532E+018
1.418688E+018
1.413448E+018
1.433738E+018
1.562477E+018
1.600393E+018
1.658144E+018
1.687066E+018
1.743018E+018
1.779982E+018
1.79794E+018
1.869853E+018
1.806236E+018
1.980118E+018
1.90169E+018
1.90402E+018
1.986563E+018
1.960334E+018
1.942599E+018
1.994039E+018
2.051685E+018
2.004244E+018
2.073477E+018
2.018026E+018
2.081479E+018
2.025011E+018
2.094025E+018
2.116667E+018
2.016921E+018
2.11381E+018
2.024282E+018
1.977245E+018
2.006265E+018
1.920395E+018
1.873387E+018
1.866005E+018
1.840476E+018
1.775736E+018
1.753388E+018
1.690582E+018
1.68365E+018
1.656576E+018
1.564293E+018
1.523563E+018
1.476416E+018
1.412019E+018
1.33437E+018
1.255817E+018
1.218192E+018
1.126961E+018
1.125908E+018
1.019331E+018
9.926061E+017
8.61152E+017
8.630954E+017
8.015553E+017
7.420377E+017
5.954181E+017
5.128195E+017
4.16968E+017
3.401003E+017
2.658935E+017
1.873817E+017
1.487109E+017
1.1991E+017
2.247979E+017
3.312923E+017
3.749576E+017
4.399879E+017
5.279683E+017
5.559787E+017
6.150203E+017
7.630419E+017
7.978612E+017
9.191483E+017
9.411396E+017
1.0075E+018
1.156497E+018
1.159269E+018
1.184913E+018
1.342942E+018
1.358618E+018
1.415772E+018
1.438272E+018
1.515004E+018
1.518537E+018
1.609497E+018
1.671793E+018
1.691063E+018
1.740265E+018
1.822887E+018
1.897753E+018
1.901484E+018
1.878622E+018
1.846835E+018
1.862712E+018
1.789615E+018
1.872492E+018
1.864528E+018
1.931017E+018
1.945591E+018
1.986125E+018
1.985496E+018
1.918963E+018
1.979106E+018
1.997591E+018
2.019964E+018
1.990943E+018
1.983397E+018
2.009279E+018
1.944797E+018
2.013409E+018
1.952622E+018
1.903212E+018
1.858092E+018
1.8756E+018
1.775954E+018
1.707884E+018
1.688614E+018
1.621425E+018
1.657496E+018
1.615411E+018
1.508689E+018
1.450782E+018
1.393335E+018
1.355727E+018
1.230537E+018
1.214652E+018
1.191784E+018
1.113033E+018
1.018412E+018
1.014168E+018
9.241624E+017
8.455933E+017
8.578632E+017
7.80026E+017
6.896273E+017
5.996504E+017
4.71778E+017
3.839253E+017
3.340486E+017
3.064016E+017
1.920186E+017
1.233598E+017
1.273717E+017
1.828605E+017
3.082562E+017
3.809219E+017
4.532154E+017
5.287833E+017
5.277487E+017
6.351575E+017
6.963525E+017
7.822248E+017
8.713E+017
9.171337E+017
9.475919E+017
1.010889E+018
1.10129E+018
1.148792E+018
1.228635E+018
1.296849E+018
1.393531E+018
1.40746E+018
1.495542E+018
1.400775E+018
1.567657E+018
1.551529E+018
1.65164E+018
1.670398E+018
1.743665E+018
1.763741E+018
1.770609E+018
1.799146E+018
1.828202E+018
1.682445E+018
1.751528E+018
1.80481E+018
1.845448E+018
1.866162E+018
1.881518E+018
1.929952E+018
1.897247E+018
1.922523E+018
1.870777E+018
2.017704E+018
1.797165E+018
2.02805E+018
1.914019E+018
1.917653E+018
1.920962E+018
1.930293E+018
1.926658E+018
1.88006E+018
1.806016E+018
1.787997E+018
1.778591E+018
1.647845E+018
1.574319E+018
1.575163E+018
1.602285E+018
1.510956E+018
1.493623E+018
1.433597E+018
1.376286E+018
1.322889E+018
1.276314E+018
1.235741E+018
1.11286E+018
1.072411E+018
1.032743E+018
9.673899E+017
9.419149E+017
8.328403E+017
7.659671E+017
7.132464E+017
6.696488E+017
5.844406E+017
4.673482E+017
3.789579E+017
3.588517E+017
2.785776E+017
1.758795E+017
1.024551E+017
1.100885E+017
1.902908E+017
2.640961E+017
3.408116E+017
4.211898E+017
4.570023E+017
5.151659E+017
5.855608E+017
6.977307E+017
7.493665E+017
8.874924E+017
9.143084E+017
9.395735E+017
9.529747E+017
1.045011E+018
1.05454E+018
1.140346E+018
1.162118E+018
1.253105E+018
1.297728E+018
1.302531E+018
1.452829E+018
1.450689E+018
1.546706E+018
1.596065E+018
1.641217E+018
1.663421E+018
1.677369E+018
1.629136E+018
1.763816E+018
1.792575E+018
1.693639E+018
1.754141E+018
1.769958E+018
1.710761E+018
1.754222E+018
1.812354E+018
1.857943E+018
1.864562E+018
1.860334E+018
1.987722E+018
1.919334E+018
1.889969E+018
1.885642E+018
1.80317E+018
1.824846E+018
1.819067E+018
1.755834E+018
1.900208E+018
1.819365E+018
1.719359E+018
1.654878E+018
1.660225E+018
1.589539E+018
1.592013E+018
1.626356E+018
1.530615E+018
1.470362E+018
1.333823E+018
1.307982E+018
1.344251E+018
1.323655E+018
1.242938E+018
1.188003E+018
1.126386E+018
1.070233E+018
1.013901E+018
9.157987E+017
8.908551E+017
7.691715E+017
7.046949E+017
6.624735E+017
6.020791E+017
5.175316E+017
4.604626E+017
3.961225E+017
3.369913E+017
2.547867E+017
1.948054E+017
9.353348E+016
1.047216E+017
1.7357E+017
2.531163E+017
3.139343E+017
3.824368E+017
4.723411E+017
5.110157E+017
6.355873E+017
6.804337E+017
6.997176E+017
8.283196E+017
8.932762E+017
8.758544E+017
9.078184E+017
1.03059E+018
1.055926E+018
1.136063E+018
1.20976E+018
1.169033E+018
1.238771E+018
1.304476E+018
1.345465E+018
1.365424E+018
1.422677E+018
1.530166E+018
1.495028E+018
1.597045E+018
1.638575E+018
1.641198E+018
1.633515E+018
1.676591E+018
1.619381E+018
1.701901E+018
1.725288E+018
1.700369E+018
1.737962E+018
1.795847E+018
1.800311E+018
1.77079E+018
1.799295E+018
1.819258E+018
1.791382E+018
1.737025E+018
1.770168E+018
1.782676E+018
1.774693E+018
1.755133E+018
1.728536E+018
1.714371E+018
1.615474E+018
1.587915E+018
1.623706E+018
1.638704E+018
1.518977E+018
1.520258E+018
1.52005E+018
1.398817E+018
1.359713E+018
1.381868E+018
1.264878E+018
1.328418E+018
1.260625E+018
1.222447E+018
1.165103E+018
1.085634E+018
1.040712E+018
9.417367E+017
9.663371E+017
8.339837E+017
7.822073E+017
7.306005E+017
6.482501E+017
5.874336E+017
5.090855E+017
4.674168E+017
4.173515E+017
3.138125E+017
2.181721E+017
1.694664E+017
1.096088E+017
1.109416E+017
1.723848E+017
2.205059E+017
3.258595E+017
3.567117E+017
4.200897E+017
4.995024E+017
5.745323E+017
6.578868E+017
7.313692E+017
7.434618E+017
7.894264E+017
8.639158E+017
9.215342E+017
9.923902E+017
1.023007E+018
1.071612E+018
1.148424E+018
1.238232E+018
1.220754E+018
1.33975E+018
1.330142E+018
1.305542E+018
1.335639E+018
1.398331E+018
1.389889E+018
1.474435E+018
1.502321E+018
1.551383E+018
1.543982E+018
1.483124E+018
1.627332E+018
1.606668E+018
1.587653E+018
1.641893E+018
1.644435E+018
1.68347E+018
1.684035E+018
1.723687E+018
1.778587E+018
1.715828E+018
1.737108E+018
1.646747E+018
1.642052E+018
1.700806E+018
1.604538E+018
1.630175E+018
1.57782E+018
1.581779E+018
1.620739E+018
1.58482E+018
1.573539E+018
1.478559E+018
1.464997E+018
1.463752E+018
1.360638E+018
1.419238E+018
1.280893E+018
1.320482E+018
1.272517E+018
1.178245E+018
1.21909E+018
1.107075E+018
1.068398E+018
9.840979E+017
1.017504E+018
9.175172E+017
8.037023E+017
7.746003E+017
6.967992E+017
7.208277E+017
6.290832E+017
5.647762E+017
5.095043E+017
4.519376E+017
4.380859E+017
2.83175E+017
2.287146E+017
1.771153E+017
1.01682E+017
1.056729E+017
1.553056E+017
2.306351E+017
2.991934E+017
3.828668E+017
4.561019E+017
4.867299E+017
5.414521E+017
6.09407E+017
6.80978E+017
6.97918E+017
7.408341E+017
8.020781E+017
9.097938E+017
9.558413E+017
9.664659E+017
1.048483E+018
1.11288E+018
1.175978E+018
1.165304E+018
1.226325E+018
1.23474E+018
1.269511E+018
1.324683E+018
1.328273E+018
1.362498E+018
1.414937E+018
1.455609E+018
1.44048E+018
1.424927E+018
1.476071E+018
1.513462E+018
1.528828E+018
1.569352E+018
1.535977E+018
1.638838E+018
1.6218E+018
1.588072E+018
1.623173E+018
1.571389E+018
1.599536E+018
1.60698E+018
1.635657E+018
1.541107E+018
1.615786E+018
1.543899E+018
1.573215E+018
1.60486E+018
1.53938E+018
1.516181E+018
1.549513E+018
1.467313E+018
1.447368E+018
1.480239E+018
1.421687E+018
1.340113E+018
1.355764E+018
1.287794E+018
1.281392E+018
1.187371E+018
1.163049E+018
1.152686E+018
1.12071E+018
1.043431E+018
9.562215E+017
9.760197E+017
9.094095E+017
8.34186E+017
8.032565E+017
7.589072E+017
6.709066E+017
6.094183E+017
5.296679E+017
5.391084E+017
4.543914E+017
3.660729E+017
2.585854E+017
2.136083E+017
1.612056E+017
9.543997E+016
9.255196E+016
1.798523E+017
2.457892E+017
2.913063E+017
3.663041E+017
4.488174E+017
5.146619E+017
5.223739E+017
5.96066E+017
6.25428E+017
7.341513E+017
7.432899E+017
8.290641E+017
8.916441E+017
8.723119E+017
8.996953E+017
1.042604E+018
1.087518E+018
1.091141E+018
1.089875E+018
1.133266E+018
1.152056E+018
1.280968E+018
1.284124E+018
1.27819E+018
1.273973E+018
1.337439E+018
1.348443E+018
1.336033E+018
1.371573E+018
1.406347E+018
1.409E+018
1.468321E+018
1.511526E+018
1.540874E+018
1.457093E+018
1.501842E+018
1.523142E+018
1.599636E+018
1.545468E+018
1.526795E+018
1.462361E+018
1.518454E+018
1.480271E+018
1.500708E+018
1.458164E+018
1.558079E+018
1.504974E+018
1.441615E+018
1.376702E+018
1.433312E+018
1.375175E+018
1.350318E+018
1.399345E+018
1.318072E+018
1.264303E+018
1.276392E+018
1.219046E+018
1.263843E+018
1.153085E+018
1.127566E+018
1.059647E+018
1.013397E+018
9.814681E+017
8.717803E+017
8.94716E+017
8.642691E+017
8.452223E+017
7.418544E+017
7.07692E+017
6.289345E+017
5.565118E+017
4.975009E+017
4.910019E+017
4.096852E+017
3.773743E+017
2.634111E+017
1.905551E+017
1.556437E+017
9.721783E+016
8.009931E+016
1.642225E+017
2.157252E+017
2.660511E+017
3.15244E+017
3.936804E+017
4.840082E+017
5.579406E+017
5.390634E+017
5.882371E+017
6.60246E+017
7.253243E+017
7.629696E+017
8.016889E+017
8.469246E+017
9.196269E+017
9.816192E+017
9.747067E+017
9.739622E+017
1.051169E+018
1.06757E+018
1.143708E+018
1.224451E+018
1.213418E+018
1.210465E+018
1.274955E+018
1.318881E+018
1.273217E+018
1.336638E+018
1.23813E+018
1.325243E+018
1.324671E+018
1.406026E+018
1.395882E+018
1.461789E+018
1.429913E+018
1.402546E+018
1.394542E+018
1.404804E+018
1.452855E+018
1.433624E+018
1.429316E+018
1.432542E+018
1.408004E+018
1.395378E+018
1.377446E+018
1.483994E+018
1.502249E+018
1.363311E+018
1.359688E+018
1.316418E+018
1.329985E+018
1.284782E+018
1.307266E+018
1.278485E+018
1.181147E+018
1.190727E+018
1.180116E+018
1.109647E+018
1.122545E+018
1.108606E+018
9.731546E+017
9.861826E+017
9.442391E+017
8.283974E+017
8.665101E+017
8.453205E+017
8.012148E+017
7.273473E+017
6.348695E+017
6.394553E+017
5.604058E+017
4.810927E+017
4.349221E+017
3.74395E+017
3.355899E+017
2.665386E+017
2.03576E+017
1.688596E+017
9.327077E+016
8.06329E+016
1.433279E+017
1.965863E+017
2.5877E+017
3.548315E+017
3.729717E+017
4.25958E+017
4.373757E+017
5.147075E+017
5.33455E+017
6.026808E+017
6.776428E+017
6.955514E+017
7.388456E+017
7.923825E+017
8.270113E+017
8.891343E+017
8.731943E+017
9.240188E+017
1.015076E+018
1.008047E+018
1.035899E+018
1.082486E+018
1.199082E+018
1.17006E+018
1.181483E+018
1.20263E+018
1.172233E+018
1.198494E+018
1.240643E+018
1.273809E+018
1.280032E+018
1.308167E+018
1.333012E+018
1.262463E+018
1.328647E+018
1.392737E+018
1.332544E+018
1.344812E+018
1.36152E+018
1.360661E+018
1.346585E+018
1.341268E+018
1.340516E+018
1.318549E+018
1.380649E+018
1.344207E+018
1.395E+018
1.252611E+018
1.269731E+018
1.254643E+018
1.30215E+018
1.201662E+018
1.168774E+018
1.184034E+018
1.176675E+018
1.175649E+018
1.150679E+018
1.068053E+018
9.972348E+017
9.92649E+017
9.286282E+017
8.961967E+017
8.578835E+017
8.936422E+017
8.109165E+017
7.825737E+017
7.022605E+017
6.535759E+017
5.932746E+017
5.644135E+017
4.890774E+017
4.076616E+017
4.056497E+017
3.882856E+017
3.146107E+017
2.146924E+017
1.894341E+017
1.258147E+017
8.803665E+016
7.451894E+016
1.23938E+017
1.90222E+017
2.483195E+017
2.605907E+017
3.479465E+017
4.164272E+017
4.470286E+017
4.968731E+017
5.138248E+017
5.817575E+017
5.803551E+017
6.202767E+017
6.677545E+017
7.784179E+017
7.797696E+017
7.932988E+017
8.295221E+017
8.84339E+017
9.297713E+017
9.292277E+017
9.567123E+017
1.018461E+018
1.053583E+018
9.94689E+017
1.020883E+018
1.069241E+018
1.061517E+018
1.157902E+018
1.169158E+018
1.106157E+018
1.156545E+018
1.177738E+018
1.191199E+018
1.249884E+018
1.220323E+018
1.242542E+018
1.247699E+018
1.283834E+018
1.260788E+018
1.270163E+018
1.310283E+018
1.209773E+018
1.259284E+018
1.231742E+018
1.210225E+018
1.220163E+018
1.132936E+018
1.174079E+018
1.158866E+018
1.185654E+018
1.180361E+018
1.157686E+018
1.090955E+018
1.121223E+018
1.073504E+018
1.082764E+018
1.047789E+018
1.052082E+018
9.651515E+017
9.460158E+017
8.488845E+017
8.465213E+017
7.731915E+017
8.219324E+017
7.453854E+017
6.617128E+017
6.576711E+017
6.362684E+017
5.755985E+017
5.13451E+017
4.801197E+017
3.834477E+017
3.592703E+017
3.188646E+017
2.676469E+017
2.495852E+017
1.667355E+017
1.278074E+017
8.113555E+016
7.681984E+016
1.31046E+017
1.650734E+017
1.949026E+017
2.550146E+017
3.12247E+017
3.538944E+017
4.160852E+017
4.573883E+017
5.603089E+017
5.223645E+017
5.357318E+017
6.302991E+017
6.752193E+017
6.978924E+017
7.365622E+017
7.492036E+017
8.030409E+017
8.008167E+017
7.759115E+017
7.941569E+017
9.375465E+017
1.025412E+018
9.975412E+017
9.57834E+017
1.014144E+018
1.019972E+018
9.907433E+017
1.035719E+018
1.08509E+018
1.050686E+018
1.108547E+018
1.093132E+018
1.118482E+018
1.093245E+018
1.099906E+018
1.10986E+018
1.111225E+018
1.17371E+018
1.183524E+018
1.202977E+018
1.184698E+018
1.140701E+018
1.172848E+018
1.198397E+018
1.131276E+018
1.126688E+018
1.072561E+018
1.13279E+018
1.161045E+018
1.091405E+018
1.047661E+018
1.088917E+018
1.074455E+018
1.063424E+018
1.028197E+018
9.67877E+017
9.796983E+017
9.221232E+017
8.781513E+017
8.524861E+017
8.193374E+017
7.594148E+017
7.715331E+017
7.833372E+017
7.151712E+017
6.503968E+017
6.046793E+017
5.592092E+017
5.453103E+017
5.109685E+017
4.474016E+017
3.803908E+017
3.594313E+017
3.0404E+017
2.412983E+017
2.262082E+017
1.678215E+017
1.276665E+017
7.666072E+016
6.562448E+016
1.108952E+017
1.464831E+017
1.910408E+017
2.497388E+017
2.858238E+017
3.411366E+017
3.752473E+017
3.982574E+017
4.778582E+017
4.891924E+017
5.055333E+017
5.57699E+017
5.547415E+017
6.231485E+017
6.693282E+017
7.247615E+017
7.281294E+017
7.332878E+017
7.524365E+017
7.831882E+017
8.20466E+017
8.593758E+017
8.954673E+017
8.884662E+017
9.036051E+017
9.460151E+017
1.010899E+018
9.468935E+017
1.024213E+018
1.054552E+018
1.022019E+018
9.83194E+017
1.011549E+018
1.011878E+018
1.097609E+018
1.043378E+018
1.037923E+018
1.08388E+018
1.027694E+018
1.036709E+018
1.071592E+018
1.105696E+018
1.079551E+018
1.073692E+018
1.046729E+018
1.015759E+018
1.056978E+018
1.000302E+018
9.799774E+017
1.032326E+018
1.038491E+018
9.549359E+017
9.463633E+017
1.0085E+018
9.472221E+017
9.217175E+017
8.664897E+017
8.946724E+017
8.820841E+017
8.009675E+017
7.527413E+017
7.541285E+017
7.119311E+017
6.441076E+017
5.777565E+017
6.006354E+017
6.058239E+017
5.679664E+017
4.828386E+017
4.746976E+017
4.365222E+017
3.738865E+017
3.093651E+017
3.038256E+017
2.315019E+017
2.105938E+017
1.619189E+017
1.132109E+017
7.39644E+016
5.87083E+016
9.250563E+016
1.442658E+017
1.98916E+017
2.192268E+017
2.531594E+017
3.110481E+017
3.446858E+017
3.999124E+017
4.123772E+017
4.506771E+017
5.00507E+017
5.118085E+017
5.184202E+017
5.98137E+017
6.044939E+017
6.424501E+017
6.650614E+017
6.906228E+017
6.843097E+017
6.965848E+017
7.83112E+017
7.467357E+017
8.275128E+017
8.556536E+017
8.48151E+017
8.183209E+017
8.73831E+017
9.206562E+017
9.003599E+017
9.272991E+017
9.073263E+017
9.797856E+017
8.500851E+017
9.48397E+017
9.566383E+017
9.481894E+017
9.5559E+017
9.311018E+017
9.411568E+017
9.657301E+017
9.325299E+017
9.699929E+017
9.725837E+017
9.450019E+017
9.821496E+017
9.211231E+017
9.149321E+017
9.390371E+017
9.290546E+017
9.150322E+017
9.101109E+017
8.922307E+017
8.824137E+017
9.066902E+017
8.031953E+017
8.378342E+017
8.166559E+017
7.803047E+017
7.426248E+017
7.684388E+017
7.225774E+017
6.135213E+017
6.064193E+017
5.982619E+017
5.603407E+017
5.426247E+017
4.564128E+017
5.000635E+017
4.467929E+017
4.261431E+017
3.611548E+017
3.49369E+017
2.74853E+017
2.61334E+017
2.256087E+017
2.117475E+017
1.45565E+017
9.94989E+016
6.532175E+016
5.648501E+016
9.533314E+016
1.068139E+017
1.549678E+017
1.718816E+017
2.343617E+017
2.477397E+017
3.150372E+017
3.23678E+017
3.774112E+017
3.874826E+017
4.179756E+017
4.902868E+017
5.378649E+017
5.125308E+017
5.370876E+017
5.592327E+017
6.072584E+017
6.017114E+017
6.341435E+017
6.554876E+017
6.919075E+017
7.077533E+017
7.805274E+017
8.035768E+017
7.203635E+017
7.294103E+017
8.074213E+017
7.664136E+017
8.282807E+017
7.825459E+017
8.419165E+017
8.357007E+017
8.417405E+017
8.374211E+017
8.575628E+017
8.674078E+017
8.652184E+017
8.822704E+017
8.572228E+017
8.837073E+017
8.817506E+017
8.733116E+017
8.965698E+017
8.480524E+017
9.051542E+017
8.172494E+017
8.107085E+017
8.221884E+017
7.999655E+017
8.281249E+017
8.42435E+017
8.416515E+017
7.666904E+017
7.361451E+017
7.769952E+017
8.005822E+017
7.742073E+017
7.337425E+017
6.960479E+017
6.868751E+017
6.067155E+017
6.207718E+017
5.814854E+017
5.632478E+017
5.285741E+017
4.701732E+017
4.501349E+017
4.039515E+017
3.774498E+017
3.816335E+017
3.240794E+017
3.030477E+017
2.539953E+017
1.957171E+017
1.723107E+017
1.542174E+017
1.480424E+017
9.220957E+016
6.744434E+016
4.682436E+016
8.102476E+016
1.132742E+017
1.303574E+017
1.749004E+017
2.279079E+017
2.241103E+017
2.60798E+017
2.703113E+017
3.339873E+017
3.38679E+017
3.726808E+017
3.936481E+017
4.912531E+017
5.060454E+017
4.419387E+017
4.668246E+017
5.67889E+017
5.706153E+017
5.970583E+017
5.613249E+017
5.843902E+017
6.012198E+017
6.483747E+017
6.24621E+017
6.475193E+017
6.509079E+017
6.681241E+017
7.134508E+017
6.881517E+017
7.0573E+017
7.397305E+017
7.848542E+017
7.80013E+017
7.851117E+017
7.226466E+017
7.657239E+017
7.833854E+017
8.029583E+017
8.031793E+017
7.88804E+017
8.407221E+017
8.336687E+017
7.809057E+017
8.010557E+017
7.474985E+017
7.41223E+017
7.902048E+017
7.533578E+017
7.306219E+017
7.557095E+017
7.23151E+017
7.038502E+017
7.163067E+017
6.265541E+017
6.725469E+017
7.153104E+017
6.643998E+017
6.298104E+017
6.166231E+017
5.449945E+017
5.429877E+017
5.241846E+017
4.652923E+017
4.623778E+017
4.797946E+017
4.391826E+017
4.287219E+017
3.816898E+017
3.263967E+017
3.450677E+017
3.198087E+017
2.809893E+017
2.284374E+017
2.058135E+017
1.649493E+017
1.436074E+017
1.08605E+017
7.679076E+016
4.228938E+016
4.689801E+016
7.005484E+016
9.048989E+016
1.033294E+017
1.39883E+017
1.688504E+017
1.972535E+017
2.35025E+017
2.567183E+017
2.556419E+017
3.023736E+017
3.295982E+017
3.265087E+017
3.681789E+017
3.966229E+017
4.133051E+017
4.23671E+017
4.577149E+017
4.655752E+017
4.88808E+017
4.84005E+017
5.436972E+017
5.620126E+017
5.559604E+017
5.660813E+017
5.456838E+017
5.900407E+017
6.265705E+017
5.73669E+017
6.193636E+017
6.195907E+017
6.163113E+017
6.870328E+017
6.559877E+017
6.620178E+017
6.693843E+017
6.908087E+017
6.659714E+017
7.153103E+017
6.997698E+017
7.425223E+017
7.273949E+017
6.609866E+017
6.362304E+017
6.914338E+017
6.737634E+017
6.176267E+017
6.76094E+017
7.283618E+017
6.883617E+017
6.742615E+017
6.366622E+017
6.294184E+017
6.205834E+017
6.0551E+017
6.32893E+017
6.064847E+017
6.096654E+017
5.354965E+017
5.287722E+017
5.586545E+017
4.452646E+017
4.645136E+017
4.343682E+017
3.995989E+017
4.164568E+017
3.784735E+017
3.636411E+017
3.149632E+017
3.122217E+017
2.932252E+017
2.771374E+017
2.315926E+017
1.780967E+017
1.80857E+017
1.598299E+017
1.234059E+017
9.878038E+016
5.67237E+016
4.270168E+016
3.30819E+016
5.139966E+016
8.21339E+016
7.638455E+016
1.071673E+017
1.440313E+017
1.466304E+017
1.981369E+017
2.10236E+017
2.330628E+017
2.476916E+017
3.021638E+017
2.785205E+017
3.150804E+017
3.165866E+017
3.109229E+017
3.767658E+017
3.995927E+017
4.339798E+017
4.209159E+017
4.427202E+017
4.700384E+017
4.170786E+017
4.846176E+017
4.527175E+017
4.768895E+017
5.181272E+017
4.991791E+017
5.248649E+017
5.699373E+017
5.764899E+017
5.615804E+017
5.956098E+017
5.938077E+017
5.746463E+017
5.660058E+017
5.307926E+017
5.636114E+017
5.844491E+017
6.231906E+017
6.929369E+017
6.002028E+017
5.823454E+017
5.752928E+017
5.632311E+017
5.478362E+017
5.362266E+017
6.19313E+017
5.762012E+017
5.888083E+017
5.350553E+017
5.633022E+017
5.825263E+017
4.82401E+017
5.028121E+017
4.924014E+017
4.532882E+017
4.631142E+017
4.910866E+017
4.664939E+017
4.081307E+017
4.409232E+017
4.246669E+017
3.823711E+017
3.71887E+017
3.703977E+017
3.470601E+017
3.124601E+017
3.001361E+017
2.628268E+017
2.296423E+017
2.23134E+017
1.941969E+017
1.65798E+017
1.808195E+017
1.357213E+017
1.011005E+017
9.604872E+016
7.03034E+016
3.282098E+016
2.449805E+016
5.417673E+016
5.842528E+016
8.795459E+016
9.400247E+016
1.201794E+017
1.384562E+017
1.509459E+017
1.833116E+017
1.834577E+017
2.070435E+017
2.536364E+017
2.642206E+017
2.701627E+017
2.607226E+017
3.066724E+017
3.678767E+017
3.539338E+017
3.128969E+017
3.472307E+017
3.919727E+017
3.803004E+017
3.82144E+017
3.93831E+017
4.050548E+017
3.940999E+017
4.060571E+017
4.179128E+017
4.160527E+017
4.484816E+017
4.488222E+017
4.609345E+017
4.598674E+017
5.056505E+017
4.70923E+017
5.014961E+017
4.796129E+017
4.439076E+017
4.7306E+017
4.960225E+017
5.28156E+017
4.773181E+017
4.924902E+017
4.726067E+017
5.360128E+017
5.044803E+017
4.56065E+017
5.000279E+017
4.961403E+017
4.758604E+017
4.545926E+017
4.199894E+017
4.618407E+017
4.221913E+017
4.282932E+017
4.302052E+017
4.149965E+017
3.877033E+017
4.222278E+017
3.533182E+017
3.345654E+017
3.132813E+017
3.275003E+017
3.127717E+017
3.144708E+017
2.594306E+017
2.900671E+017
2.722721E+017
2.664613E+017
2.091458E+017
1.936707E+017
1.887399E+017
1.565367E+017
1.507003E+017
1.563168E+017
1.03197E+017
1.008459E+017
6.553772E+016
4.833631E+016
4.029142E+016
1.800863E+016
4.63529E+016
5.127256E+016
7.974063E+016
8.422246E+016
9.235315E+016
1.006159E+017
1.311468E+017
1.446606E+017
1.607529E+017
1.612739E+017
1.814536E+017
1.898326E+017
2.270154E+017
2.323067E+017
2.826324E+017
2.821801E+017
2.751577E+017
2.618868E+017
3.420174E+017
3.011099E+017
3.099766E+017
3.166657E+017
2.908942E+017
3.145136E+017
3.304011E+017
3.035435E+017
3.481441E+017
3.467211E+017
3.699764E+017
3.624861E+017
3.999073E+017
3.525029E+017
4.226138E+017
3.988462E+017
3.460474E+017
3.596574E+017
3.711239E+017
3.435443E+017
3.947312E+017
3.79871E+017
3.735894E+017
4.086422E+017
3.836352E+017
3.616881E+017
3.873398E+017
3.74234E+017
3.745801E+017
4.005594E+017
3.727674E+017
3.292825E+017
3.423155E+017
3.402159E+017
3.446563E+017
3.690314E+017
3.381813E+017
3.242378E+017
3.275708E+017
3.324996E+017
2.942744E+017
2.67779E+017
2.72422E+017
2.344455E+017
2.449905E+017
2.331662E+017
2.367024E+017
2.12714E+017
2.008035E+017
2.161664E+017
1.947056E+017
1.732627E+017
1.499564E+017
1.348356E+017
1.251419E+017
1.054575E+017
9.18879E+016
7.39397E+016
5.380206E+016
2.889634E+016
3.068898E+016
1.425662E+016
3.109485E+016
3.129489E+016
4.136347E+016
5.984644E+016
7.962961E+016
7.366134E+016
8.601937E+016
9.852177E+016
9.411302E+016
1.329049E+017
1.222499E+017
1.592526E+017
1.545887E+017
1.647888E+017
1.66923E+017
1.820873E+017
1.911832E+017
1.808656E+017
2.078739E+017
2.173884E+017
2.325407E+017
2.16298E+017
2.299581E+017
2.458342E+017
2.446726E+017
2.368971E+017
2.45267E+017
2.750707E+017
2.695125E+017
2.761436E+017
2.76924E+017
2.715979E+017
2.735247E+017
2.776215E+017
2.699868E+017
2.586913E+017
2.974315E+017
2.658052E+017
2.796085E+017
2.728818E+017
2.735717E+017
2.945846E+017
2.654493E+017
2.903358E+017
2.584566E+017
2.639987E+017
2.780064E+017
2.603889E+017
2.715164E+017
2.486071E+017
2.415807E+017
2.139547E+017
2.421041E+017
2.239293E+017
1.931319E+017
2.463307E+017
2.362737E+017
2.25683E+017
2.471513E+017
2.204926E+017
2.031773E+017
1.751548E+017
1.827526E+017
2.021843E+017
1.590159E+017
1.453089E+017
1.646676E+017
1.560601E+017
1.338905E+017
1.05508E+017
1.164653E+017
1.022148E+017
8.191584E+016
7.71358E+016
8.156428E+016
5.861828E+016
4.007418E+016
3.193429E+016
2.114576E+016
9.932908E+015
1.693049E+016
1.604259E+016
3.468988E+016
4.303881E+016
3.800196E+016
4.047422E+016
5.391418E+016
6.292121E+016
5.409167E+016
6.505862E+016
6.275115E+016
8.917726E+016
9.348169E+016
9.944522E+016
8.778827E+016
1.149759E+017
1.169173E+017
1.179454E+017
1.238088E+017
1.194414E+017
1.130618E+017
1.418394E+017
1.418217E+017
1.64825E+017
1.319359E+017
1.403964E+017
1.576606E+017
1.466409E+017
1.788631E+017
1.749092E+017
1.754237E+017
1.558352E+017
1.55941E+017
1.610566E+017
1.345584E+017
1.699973E+017
1.535148E+017
1.593704E+017
1.653745E+017
1.772411E+017
1.708059E+017
1.971968E+017
1.550348E+017
1.432764E+017
1.900575E+017
1.676139E+017
1.486918E+017
1.491249E+017
1.466931E+017
1.711889E+017
1.737869E+017
1.558674E+017
1.419992E+017
1.393473E+017
1.301005E+017
1.496128E+017
1.330963E+017
1.418548E+017
1.311945E+017
1.451969E+017
1.076752E+017
1.191085E+017
1.002681E+017
9.622001E+016
1.040296E+017
9.241277E+016
1.152894E+017
8.02096E+016
8.572079E+016
6.318626E+016
8.503549E+016
5.819012E+016
3.820402E+016
4.011164E+016
4.615488E+016
2.204315E+016
2.034448E+016
2.125909E+016
1.317092E+016
)
;
boundaryField
{
    movingWall
    {
        type           fixedValue; //fixedGradient;//fixedValue;
        //gradient        uniform 0; 

        value           uniform 0;
        
    }
   
  

    fixedWalls
    {
        type            fixedValue;
       value       uniform 0; 
    }

    frontAndBack
    {
        type            empty;
    }

}
