/*--------------------------------*- C++ -*----------------------------------*\
| =========                 |                                                 |
| \\      /  F ield         | OpenFOAM: The Open Source CFD Toolbox           |
|  \\    /   O peration     | Version:  v1806                                 |
|   \\  /    A nd           | Web:      www.OpenFOAM.com                      |
|    \\/     M anipulation  |                                                 |
\*---------------------------------------------------------------------------*/
FoamFile
{
    version     2.0;
    format      ascii;
    class       volScalarField;
    object      dnp6;
}
// * * * * * * * * * * * * * * * * * * * * * * * * * * * * * * * * * * * * * //

dimensions      [0 -3 0 0 0 0 0];

internalField   nonuniform List<scalar> 
6400
(
1141801000000000
1704118000000000
2690290000000000
3764749000000000
3897179000000000
3831042000000000
4706266000000000
6134847000000000
6841880000000000
6416260000000000
5384629000000000
7326382000000000
8068852000000000
7874410000000000
7800687000000000
1.164732E+016
1.077772E+016
9.727545E+015
9.048199E+015
1.15552E+016
1.189007E+016
1.360657E+016
1.27287E+016
1.295083E+016
1.309842E+016
1.411761E+016
1.3995E+016
1.676729E+016
1.534137E+016
1.472402E+016
1.473026E+016
1.622567E+016
1.484603E+016
1.540009E+016
1.664187E+016
1.555182E+016
1.478098E+016
1.362791E+016
1.551673E+016
1.557227E+016
1.390226E+016
1.47364E+016
1.458165E+016
1.616408E+016
1.599574E+016
1.441285E+016
1.553497E+016
1.508318E+016
1.470627E+016
1.650793E+016
1.501685E+016
1.618844E+016
1.489367E+016
1.346924E+016
1.205369E+016
1.125219E+016
1.14695E+016
1.050021E+016
1.223238E+016
1.129274E+016
1.117368E+016
1.129828E+016
1.073302E+016
1.012299E+016
1.011058E+016
8547134000000000
7680403000000000
9.022312E+015
6490125000000000
6180594000000000
5569056000000000
5933507000000000
5236436000000000
5449993000000000
4736815000000000
4.235616E+015
2943597000000000
1937230000000000
1.783762E+015
803078200000000
2.026273E+015
3280183000000000
3290554000000000
4753149000000000
6443603000000000
6502925000000000
7688427000000000
9.725372E+015
1.125452E+016
1.102157E+016
1.172307E+016
1.241142E+016
1.521289E+016
1.326755E+016
1.476345E+016
1.725384E+016
1.769142E+016
1.797101E+016
1.833448E+016
1.986989E+016
2.033634E+016
2.316884E+016
2.164866E+016
1.962282E+016
2.008605E+016
1.971353E+016
2.270059E+016
2.412273E+016
2.360741E+016
2.363835E+016
2.457048E+016
2.459323E+016
2.661032E+016
2.34405E+016
2.662637E+016
2.411521E+016
2.305467E+016
2.312845E+016
2.377988E+016
2.623394E+016
2.944496E+016
2.536753E+016
2.36137E+016
2.587096E+016
2.484888E+016
2.598285E+016
2.887781E+016
2.79752E+016
2.516441E+016
2.49805E+016
2.678514E+016
2.505322E+016
2.242563E+016
2.3348E+016
2.22392E+016
2.309682E+016
1.913182E+016
2.001197E+016
1.842109E+016
1.957356E+016
1.793772E+016
1.888845E+016
1.698088E+016
1.7882E+016
1.838896E+016
1.361855E+016
1.516259E+016
1.5996E+016
1.369645E+016
1.151728E+016
1.08771E+016
9.501425E+015
1.105412E+016
7336997000000000
7574149000000000
5703568000000000
5309426000000000
4541330000000000
2943494000000000
1916863000000000
2072483000000000
4017018000000000
6412103000000000
6623654000000000
1.016048E+016
1.048704E+016
1.070028E+016
1.302166E+016
1.415656E+016
1.658482E+016
1.63912E+016
1.8927E+016
1.697532E+016
2.065981E+016
1.999821E+016
1.801899E+016
1.914554E+016
2.299319E+016
2.565743E+016
2.297993E+016
2.71066E+016
2.920838E+016
2.800001E+016
3.191629E+016
3.008957E+016
2.878689E+016
2.986647E+016
3.082637E+016
2.84185E+016
3.310926E+016
3.109332E+016
3.325766E+016
3.282805E+016
3.468127E+016
3.478996E+016
3.623461E+016
3.324857E+016
3.326882E+016
3.51076E+016
3.654601E+016
3.534765E+016
3.396818E+016
3.813056E+016
3.658872E+016
3.662324E+016
3.595399E+016
3.696919E+016
3.554165E+016
3.418426E+016
3.56903E+016
3.316007E+016
3.170106E+016
3.421644E+016
3.242598E+016
2.998668E+016
2.99749E+016
3.049638E+016
2.636621E+016
2.358959E+016
2.515389E+016
2.643114E+016
2.631145E+016
2.852621E+016
2.528075E+016
2.33965E+016
2.388393E+016
2.001987E+016
1.795785E+016
1.81207E+016
1.576098E+016
1.453319E+016
1.488985E+016
1.346593E+016
1.204892E+016
9.868787E+015
7013712000000000
5834688000000000
4762281000000000
3656451000000000
2207777000000000
2720230000000000
5411493000000000
7244433000000000
1.004927E+016
1.103188E+016
1.215914E+016
1.505321E+016
1.781897E+016
2.031794E+016
2.037911E+016
2.074795E+016
2.054632E+016
2.049423E+016
2.473971E+016
2.456718E+016
2.731049E+016
2.724411E+016
2.875515E+016
3.070499E+016
3.574633E+016
3.585767E+016
3.943447E+016
3.799834E+016
3.718185E+016
3.92317E+016
3.98011E+016
3.945289E+016
4.244024E+016
4.165244E+016
4.150134E+016
4.047977E+016
4.119656E+016
4.175762E+016
4.211059E+016
4.612668E+016
4.385062E+016
4.217638E+016
4.538341E+016
4.765296E+016
4.483729E+016
4.754165E+016
4.598134E+016
4.490138E+016
4.819993E+016
4.620195E+016
4.700647E+016
4.29513E+016
4.662309E+016
4.42179E+016
4.486159E+016
3.932403E+016
4.39884E+016
4.318021E+016
3.925458E+016
3.791958E+016
3.703448E+016
3.250099E+016
3.635726E+016
3.522084E+016
3.123001E+016
2.902428E+016
3.094047E+016
3.056386E+016
3.075242E+016
2.822412E+016
2.851821E+016
2.44648E+016
2.253633E+016
1.946616E+016
1.720532E+016
1.994409E+016
1.684559E+016
1.516617E+016
1.384436E+016
1.048303E+016
9.546256E+015
8921960000000000
6784578000000000
5120378000000000
2744726000000000
2907076000000000
5142015000000000
9.85239E+015
1.15443E+016
1.234455E+016
1.284613E+016
1.833029E+016
1.6767E+016
1.993815E+016
2.226624E+016
2.536721E+016
2.389704E+016
2.961798E+016
3.028741E+016
3.206775E+016
3.354021E+016
3.572027E+016
3.551155E+016
3.950971E+016
3.979043E+016
4.309286E+016
4.331598E+016
4.598781E+016
4.740107E+016
4.337075E+016
4.975615E+016
4.857158E+016
5.088111E+016
4.67962E+016
4.985291E+016
5.228036E+016
5.163425E+016
5.544131E+016
5.225824E+016
5.455808E+016
5.539141E+016
5.397392E+016
5.664634E+016
5.627608E+016
5.916664E+016
5.139871E+016
5.2502E+016
5.294053E+016
5.327149E+016
5.609368E+016
5.411425E+016
5.318702E+016
5.331832E+016
5.464016E+016
5.353455E+016
5.35943E+016
4.769999E+016
4.652586E+016
4.640114E+016
4.810613E+016
4.431342E+016
4.195978E+016
4.192693E+016
4.11349E+016
4.348614E+016
3.407456E+016
3.63881E+016
3.782573E+016
3.629184E+016
3.49748E+016
3.162576E+016
2.841214E+016
2.707986E+016
2.320814E+016
2.126359E+016
1.964583E+016
2.159856E+016
1.777841E+016
1.616539E+016
1.630765E+016
1.052661E+016
1.054136E+016
7174820000000000
5720535000000000
4581225000000000
3434913000000000
6709115000000000
7068091000000000
1.18686E+016
1.355615E+016
1.492695E+016
1.962421E+016
1.996921E+016
2.546584E+016
3.246986E+016
3.174361E+016
3.280927E+016
3.535875E+016
3.707563E+016
3.873493E+016
4.002518E+016
4.16624E+016
4.623919E+016
4.521631E+016
4.938337E+016
5.024207E+016
5.13833E+016
5.023217E+016
5.588224E+016
5.024832E+016
5.298776E+016
5.861334E+016
5.745022E+016
6.051752E+016
6.156231E+016
5.890676E+016
6.253386E+016
6.000181E+016
6.414797E+016
6.399102E+016
6.54216E+016
6.790443E+016
6.571156E+016
6.428731E+016
6.358972E+016
6.315235E+016
6.422888E+016
6.707831E+016
6.126497E+016
6.771781E+016
6.385387E+016
6.530313E+016
6.757661E+016
6.486492E+016
6.284993E+016
5.874238E+016
5.83074E+016
5.864221E+016
5.109077E+016
5.608796E+016
4.934325E+016
5.597255E+016
5.127343E+016
4.91499E+016
4.492733E+016
4.277424E+016
4.290786E+016
4.325524E+016
4.527166E+016
3.933759E+016
3.886011E+016
3.488071E+016
3.183041E+016
3.34374E+016
2.948628E+016
2.563597E+016
2.220246E+016
2.078243E+016
1.893646E+016
1.809857E+016
1.274826E+016
1.085743E+016
8956121000000000
6103732000000000
3595971000000000
3519805000000000
6219514000000000
9.974689E+015
1.256697E+016
1.576826E+016
1.790077E+016
2.392726E+016
2.597522E+016
2.9273E+016
3.330754E+016
3.44118E+016
3.715754E+016
4.169363E+016
4.29465E+016
4.507878E+016
4.698498E+016
4.412679E+016
4.77152E+016
5.381634E+016
5.450227E+016
5.417727E+016
5.85378E+016
5.672668E+016
5.976399E+016
6.11155E+016
6.44993E+016
6.149032E+016
7.062619E+016
6.865741E+016
6.736979E+016
7.130002E+016
7.399052E+016
6.958874E+016
7.222296E+016
7.379027E+016
7.058052E+016
7.952085E+016
8.10205E+016
7.499803E+016
7.272526E+016
8.080148E+016
7.50628E+016
7.404358E+016
7.420443E+016
7.528855E+016
7.764653E+016
7.165677E+016
7.057475E+016
7.739196E+016
7.216321E+016
6.721619E+016
6.532348E+016
6.370246E+016
6.655718E+016
6.041004E+016
6.155383E+016
5.74087E+016
5.763954E+016
5.586003E+016
5.4992E+016
5.407449E+016
4.869538E+016
5.044095E+016
4.350464E+016
4.454097E+016
4.282512E+016
4.135765E+016
4.095337E+016
3.377207E+016
3.088502E+016
2.926917E+016
2.4655E+016
2.205695E+016
2.325995E+016
1.925398E+016
1.470356E+016
1.080392E+016
1.084459E+016
7052269000000000
4289797000000000
4981235000000000
7002754000000000
1.213434E+016
1.437795E+016
1.747412E+016
2.416655E+016
2.442021E+016
2.926114E+016
3.034391E+016
3.489108E+016
3.756225E+016
4.233651E+016
4.173918E+016
4.71268E+016
4.903197E+016
4.758319E+016
4.92995E+016
5.340092E+016
5.991359E+016
6.312201E+016
6.093086E+016
6.649267E+016
6.335426E+016
6.407116E+016
6.299137E+016
7.523229E+016
6.611861E+016
7.221667E+016
7.261297E+016
7.533484E+016
7.456081E+016
8.695026E+016
8.271749E+016
8.297128E+016
8.059792E+016
8.357338E+016
8.186791E+016
8.631061E+016
8.631569E+016
8.621257E+016
8.625707E+016
8.459658E+016
8.11526E+016
8.487282E+016
8.414255E+016
8.313324E+016
8.321424E+016
8.096406E+016
8.202567E+016
8.200275E+016
7.712822E+016
7.698739E+016
7.726436E+016
7.620174E+016
6.967618E+016
7.014707E+016
7.106645E+016
6.421665E+016
6.166403E+016
6.294018E+016
6.044049E+016
6.069349E+016
5.501668E+016
5.239752E+016
4.8082E+016
4.565397E+016
4.453781E+016
4.334709E+016
3.534331E+016
3.969944E+016
3.583662E+016
3.012542E+016
2.633058E+016
2.351479E+016
2.144072E+016
1.859345E+016
1.337658E+016
9.277612E+015
8103173999999999
4498625000000000
5364116000000000
8566710000000001
1.406959E+016
1.529046E+016
1.967815E+016
2.348848E+016
2.605335E+016
2.930939E+016
3.863344E+016
3.928369E+016
4.244357E+016
4.269967E+016
4.691317E+016
5.248939E+016
5.485914E+016
5.249171E+016
5.595308E+016
5.924998E+016
6.566676E+016
6.579002E+016
6.392263E+016
6.749864E+016
6.952142E+016
6.831902E+016
7.461046E+016
8.237311E+016
7.829827E+016
7.953298E+016
8.168143E+016
8.792378E+016
8.45632E+016
8.98784E+016
9.019606E+016
9.079756E+016
8.844574E+016
8.49479E+016
8.966083E+016
9.352761E+016
8.680045E+016
9.398234E+016
9.55798E+016
9.435956E+016
8.768936E+016
9.249681E+016
9.593934E+016
9.110627E+016
8.888534E+016
9.193625E+016
8.638692E+016
8.50437E+016
8.844123E+016
8.937295E+016
8.240572E+016
8.046259E+016
7.934823E+016
7.396512E+016
7.377272E+016
7.590109E+016
6.974428E+016
7.086701E+016
6.577416E+016
6.17015E+016
5.858986E+016
5.768268E+016
5.540185E+016
5.266289E+016
4.782922E+016
4.545453E+016
4.442203E+016
4.025458E+016
4.032568E+016
3.452531E+016
3.029439E+016
2.708849E+016
2.235309E+016
2.008864E+016
1.61639E+016
1.160192E+016
8390783000000001
5471866000000000
6410031000000000
1.010407E+016
1.284677E+016
1.579454E+016
2.14287E+016
2.498404E+016
2.828609E+016
3.786039E+016
4.275063E+016
4.164992E+016
4.499749E+016
4.561969E+016
5.627781E+016
5.631257E+016
6.20031E+016
5.974663E+016
6.408399E+016
7.065687E+016
7.008675E+016
7.163088E+016
7.213188E+016
7.530568E+016
8.326655E+016
8.213504E+016
8.217179E+016
8.348641E+016
8.937062E+016
9.240623E+016
9.380902E+016
9.961411E+016
1.003755E+017
9.965292E+016
9.594649E+016
9.885957E+016
9.628264E+016
9.54657E+016
9.499471E+016
9.904977E+016
1.008436E+017
9.973014E+016
1.021773E+017
1.025423E+017
9.922117E+016
1.027579E+017
9.737038E+016
9.333793E+016
1.031238E+017
1.010304E+017
9.371866E+016
9.344946E+016
9.647983E+016
9.077648E+016
8.508898E+016
8.963818E+016
9.141454E+016
8.768299E+016
8.119398E+016
7.487949E+016
7.578154E+016
7.649996E+016
6.927692E+016
6.630717E+016
6.719865E+016
6.555246E+016
6.207717E+016
5.990391E+016
5.913386E+016
5.883825E+016
4.737618E+016
4.705952E+016
4.076045E+016
4.089005E+016
3.522028E+016
2.863758E+016
2.3579E+016
2.134564E+016
1.655901E+016
1.375676E+016
1.140821E+016
6045648000000000
6761304000000000
1.159697E+016
1.531239E+016
1.846104E+016
2.631652E+016
3.127475E+016
3.057884E+016
3.64152E+016
4.210749E+016
4.358635E+016
5.170814E+016
5.772732E+016
5.496369E+016
6.166603E+016
6.465312E+016
6.593471E+016
6.375348E+016
7.19051E+016
7.242059E+016
7.867903E+016
7.899037E+016
8.1375E+016
8.785487E+016
9.51926E+016
9.187001E+016
9.504605E+016
9.873991E+016
9.563075E+016
9.855976E+016
1.046274E+017
1.08475E+017
1.058754E+017
1.051504E+017
1.066616E+017
1.07642E+017
1.112948E+017
1.071584E+017
1.092646E+017
1.034452E+017
1.073031E+017
1.13215E+017
1.097289E+017
1.096764E+017
1.059685E+017
1.079295E+017
1.046452E+017
1.027642E+017
1.054559E+017
1.015182E+017
1.052165E+017
1.017174E+017
1.005467E+017
9.345213E+016
9.515782E+016
9.734282E+016
9.455709E+016
9.081835E+016
8.242008E+016
8.365783E+016
8.766929E+016
8.04268E+016
7.890921E+016
7.032207E+016
7.398233E+016
6.790756E+016
6.330953E+016
6.093447E+016
5.883965E+016
4.971323E+016
4.95239E+016
4.592534E+016
4.253636E+016
3.545807E+016
3.039663E+016
3.025351E+016
2.27236E+016
1.798154E+016
1.491217E+016
1.144298E+016
7207990000000000
6281202000000000
1.322929E+016
1.599692E+016
2.398647E+016
2.776898E+016
3.236596E+016
3.847528E+016
3.797432E+016
4.245016E+016
4.729546E+016
5.293647E+016
5.801775E+016
6.236457E+016
6.498753E+016
7.231081E+016
7.134224E+016
7.054453E+016
7.419295E+016
7.555743E+016
7.532259E+016
8.605775E+016
9.224952E+016
9.18048E+016
9.516861E+016
9.843499E+016
9.698077E+016
1.053622E+017
1.022451E+017
1.083587E+017
1.08613E+017
1.118735E+017
1.108374E+017
1.114943E+017
1.142328E+017
1.148298E+017
1.146697E+017
1.202855E+017
1.195573E+017
1.166988E+017
1.161127E+017
1.224379E+017
1.154931E+017
1.17797E+017
1.166029E+017
1.139914E+017
1.142904E+017
1.151578E+017
1.157205E+017
1.102022E+017
1.184335E+017
1.178943E+017
1.044989E+017
9.994391E+016
9.997694E+016
1.019132E+017
9.963462E+016
9.680023E+016
9.647358E+016
8.968375E+016
9.007727E+016
8.500436E+016
8.156866E+016
7.67188E+016
7.032214E+016
7.404764E+016
6.653411E+016
6.163291E+016
5.942624E+016
5.712091E+016
4.634087E+016
4.726991E+016
4.128236E+016
3.652244E+016
3.265262E+016
2.799872E+016
2.642418E+016
1.893068E+016
1.806371E+016
1.233975E+016
5894824000000000
7298129000000000
1.348027E+016
1.902503E+016
2.312161E+016
2.922213E+016
3.570288E+016
3.770022E+016
3.902123E+016
4.874614E+016
5.544156E+016
5.739677E+016
5.917227E+016
6.475175E+016
7.834039E+016
7.177886E+016
7.965597E+016
8.561001E+016
7.970183E+016
8.095513E+016
8.469401E+016
9.038258E+016
9.72924E+016
1.026448E+017
9.827141E+016
1.022055E+017
1.069786E+017
1.063326E+017
1.16759E+017
1.18058E+017
1.205092E+017
1.188216E+017
1.257705E+017
1.217741E+017
1.223883E+017
1.290803E+017
1.237428E+017
1.230497E+017
1.243961E+017
1.270236E+017
1.29747E+017
1.277106E+017
1.286315E+017
1.265207E+017
1.280435E+017
1.245106E+017
1.17683E+017
1.207093E+017
1.157642E+017
1.203669E+017
1.154344E+017
1.209806E+017
1.100819E+017
1.088416E+017
1.104108E+017
1.092639E+017
1.082656E+017
1.071411E+017
9.918333E+016
9.110309E+016
9.369439E+016
8.905896E+016
8.592205E+016
8.543921E+016
7.899285E+016
7.386633E+016
7.05773E+016
6.584224E+016
6.017787E+016
5.704337E+016
5.568069E+016
4.881866E+016
4.25265E+016
4.010001E+016
3.517642E+016
3.209985E+016
2.826151E+016
2.110986E+016
1.504547E+016
1.182274E+016
7665320000000000
7765776000000000
1.373621E+016
1.978243E+016
2.328807E+016
2.965346E+016
3.598414E+016
4.272396E+016
4.528274E+016
5.083901E+016
5.057362E+016
6.167554E+016
6.16159E+016
7.207294E+016
7.61102E+016
7.725351E+016
8.682086E+016
8.943838E+016
9.279465E+016
9.193772E+016
9.514217E+016
1.020128E+017
9.905351E+016
1.075136E+017
1.08687E+017
1.144649E+017
1.152139E+017
1.220658E+017
1.262406E+017
1.223109E+017
1.305447E+017
1.31199E+017
1.286818E+017
1.245174E+017
1.372891E+017
1.338894E+017
1.398255E+017
1.307975E+017
1.322839E+017
1.310758E+017
1.366817E+017
1.332168E+017
1.294524E+017
1.35247E+017
1.39659E+017
1.3366E+017
1.296586E+017
1.309918E+017
1.290944E+017
1.256049E+017
1.310121E+017
1.281652E+017
1.140727E+017
1.264952E+017
1.160089E+017
1.188106E+017
1.155064E+017
1.131794E+017
1.055157E+017
1.04702E+017
1.001624E+017
1.012495E+017
9.241815E+016
9.052578E+016
8.741685E+016
8.074818E+016
7.097557E+016
6.807373E+016
6.669843E+016
6.688012E+016
5.870335E+016
4.989551E+016
4.545481E+016
3.810624E+016
3.750622E+016
3.245175E+016
2.964527E+016
2.394516E+016
2.126473E+016
1.300944E+016
8686793000000000
9.801116E+015
1.425018E+016
2.096215E+016
2.581469E+016
3.022917E+016
3.817689E+016
4.305396E+016
4.580261E+016
5.525468E+016
5.757609E+016
6.143275E+016
6.889476E+016
7.15439E+016
7.848192E+016
8.2059E+016
9.120511E+016
9.901679E+016
9.371695E+016
9.683536E+016
9.632543E+016
1.066362E+017
1.05872E+017
1.126624E+017
1.17988E+017
1.22751E+017
1.198903E+017
1.269386E+017
1.354735E+017
1.333734E+017
1.298909E+017
1.347129E+017
1.39469E+017
1.396213E+017
1.409507E+017
1.380472E+017
1.377316E+017
1.439261E+017
1.377091E+017
1.421373E+017
1.41244E+017
1.36022E+017
1.38921E+017
1.362327E+017
1.38511E+017
1.408023E+017
1.373567E+017
1.355833E+017
1.352976E+017
1.43995E+017
1.403877E+017
1.290307E+017
1.34514E+017
1.339774E+017
1.258926E+017
1.221004E+017
1.153848E+017
1.14145E+017
1.103598E+017
1.126879E+017
1.092541E+017
1.03095E+017
1.033286E+017
9.345758E+016
8.737996E+016
8.4079E+016
7.683539E+016
7.440242E+016
6.934258E+016
6.758881E+016
5.843733E+016
5.541075E+016
5.317077E+016
4.830739E+016
4.178702E+016
3.568029E+016
3.110896E+016
2.95884E+016
1.9166E+016
1.496181E+016
9.142249E+015
9.38265E+015
1.424576E+016
2.180727E+016
2.99085E+016
3.160756E+016
3.742525E+016
4.208343E+016
5.00769E+016
5.884661E+016
5.878876E+016
6.626603E+016
7.427299E+016
7.706715E+016
8.276967E+016
8.578194E+016
8.858706E+016
9.070312E+016
9.856714E+016
1.004563E+017
1.14896E+017
1.10419E+017
1.189334E+017
1.182361E+017
1.19397E+017
1.261443E+017
1.261806E+017
1.38326E+017
1.345409E+017
1.31782E+017
1.38064E+017
1.465103E+017
1.40588E+017
1.482701E+017
1.507617E+017
1.421854E+017
1.431981E+017
1.455468E+017
1.483767E+017
1.46182E+017
1.530534E+017
1.534564E+017
1.501518E+017
1.503969E+017
1.520393E+017
1.573106E+017
1.477226E+017
1.468523E+017
1.445154E+017
1.503332E+017
1.414807E+017
1.384366E+017
1.41461E+017
1.362916E+017
1.361298E+017
1.272746E+017
1.299366E+017
1.20861E+017
1.190821E+017
1.188666E+017
1.245814E+017
1.096568E+017
1.031352E+017
9.40225E+016
9.584891E+016
8.758029E+016
9.264092E+016
7.752423E+016
7.430397E+016
6.887457E+016
6.362845E+016
6.272879E+016
5.29362E+016
4.758952E+016
3.877967E+016
3.371583E+016
3.22069E+016
2.925039E+016
1.964554E+016
1.370596E+016
8379085000000000
1.129229E+016
1.466435E+016
2.166937E+016
2.987625E+016
3.866539E+016
4.247059E+016
4.829261E+016
5.492454E+016
5.970465E+016
6.078989E+016
7.286977E+016
7.704302E+016
8.139081E+016
8.387744E+016
8.619405E+016
9.309632E+016
9.932809E+016
1.018844E+017
1.077997E+017
1.139474E+017
1.166059E+017
1.208306E+017
1.295353E+017
1.277126E+017
1.326948E+017
1.399537E+017
1.447768E+017
1.475548E+017
1.43791E+017
1.462409E+017
1.503976E+017
1.457928E+017
1.529908E+017
1.557718E+017
1.612469E+017
1.535082E+017
1.544906E+017
1.61244E+017
1.578497E+017
1.576525E+017
1.580404E+017
1.618635E+017
1.556077E+017
1.601454E+017
1.66313E+017
1.641292E+017
1.578873E+017
1.583718E+017
1.529935E+017
1.571528E+017
1.432171E+017
1.477218E+017
1.456144E+017
1.353264E+017
1.362952E+017
1.361681E+017
1.345849E+017
1.235295E+017
1.191985E+017
1.161139E+017
1.156505E+017
1.073272E+017
1.076174E+017
1.040868E+017
9.677503E+016
8.987111E+016
8.132536E+016
7.692918E+016
7.567297E+016
6.407754E+016
6.464391E+016
6.050861E+016
5.149787E+016
4.610874E+016
3.849495E+016
3.405564E+016
3.144659E+016
2.229828E+016
1.592852E+016
1.084776E+016
1.095338E+016
1.615726E+016
2.444511E+016
2.991532E+016
3.535323E+016
4.273542E+016
4.669974E+016
5.818955E+016
5.941992E+016
6.637255E+016
7.629444E+016
8.256253E+016
8.067078E+016
8.516879E+016
8.860564E+016
1.025735E+017
1.052975E+017
1.041472E+017
1.11415E+017
1.117874E+017
1.236988E+017
1.332309E+017
1.361568E+017
1.311263E+017
1.390202E+017
1.456895E+017
1.42595E+017
1.450155E+017
1.529659E+017
1.539291E+017
1.604101E+017
1.606164E+017
1.58752E+017
1.595618E+017
1.663264E+017
1.729878E+017
1.683628E+017
1.674586E+017
1.67677E+017
1.654684E+017
1.690297E+017
1.635355E+017
1.682061E+017
1.703971E+017
1.673985E+017
1.66798E+017
1.647744E+017
1.599974E+017
1.594535E+017
1.538417E+017
1.573161E+017
1.454653E+017
1.485525E+017
1.451224E+017
1.500674E+017
1.464065E+017
1.411913E+017
1.283896E+017
1.228442E+017
1.210629E+017
1.223001E+017
1.152988E+017
1.111588E+017
1.044836E+017
9.480925E+016
9.180683E+016
8.595149E+016
8.531407E+016
7.887725E+016
6.902772E+016
6.726294E+016
5.918662E+016
5.643622E+016
5.254902E+016
3.901313E+016
3.518829E+016
2.977298E+016
2.308089E+016
1.81965E+016
1.269159E+016
1.085799E+016
1.737111E+016
2.781109E+016
3.380432E+016
4.049675E+016
4.644434E+016
5.185005E+016
6.4457E+016
6.865125E+016
7.050293E+016
8.113042E+016
8.268178E+016
8.868332E+016
8.813197E+016
9.601322E+016
1.035106E+017
1.061123E+017
1.116501E+017
1.192762E+017
1.155637E+017
1.269475E+017
1.327083E+017
1.292812E+017
1.389911E+017
1.475173E+017
1.506471E+017
1.475894E+017
1.596364E+017
1.537763E+017
1.660471E+017
1.604294E+017
1.60161E+017
1.619822E+017
1.614913E+017
1.6407E+017
1.664061E+017
1.706106E+017
1.742898E+017
1.737904E+017
1.689236E+017
1.735976E+017
1.795202E+017
1.678528E+017
1.743147E+017
1.769848E+017
1.708011E+017
1.673679E+017
1.718322E+017
1.649229E+017
1.587482E+017
1.632111E+017
1.546054E+017
1.603026E+017
1.587611E+017
1.500079E+017
1.460972E+017
1.402552E+017
1.328661E+017
1.291856E+017
1.234933E+017
1.272461E+017
1.190761E+017
1.135463E+017
1.081114E+017
1.039479E+017
1.021438E+017
9.567021E+016
8.762991E+016
8.30463E+016
6.932836E+016
6.784903E+016
6.448393E+016
5.852412E+016
5.100667E+016
4.305948E+016
3.967359E+016
3.233096E+016
2.652612E+016
2.014275E+016
1.117537E+016
1.073249E+016
1.828721E+016
2.581761E+016
3.390405E+016
4.380859E+016
4.39793E+016
5.551888E+016
6.172092E+016
6.990432E+016
7.469801E+016
8.387169E+016
8.46585E+016
9.742195E+016
9.433773E+016
1.0353E+017
1.044894E+017
1.047364E+017
1.123056E+017
1.184237E+017
1.263797E+017
1.292832E+017
1.424908E+017
1.432984E+017
1.467063E+017
1.464152E+017
1.513576E+017
1.573516E+017
1.650951E+017
1.747352E+017
1.702537E+017
1.636442E+017
1.661305E+017
1.711514E+017
1.73085E+017
1.696196E+017
1.738571E+017
1.753873E+017
1.783308E+017
1.860418E+017
1.825571E+017
1.848817E+017
1.902599E+017
1.767045E+017
1.758836E+017
1.779885E+017
1.733926E+017
1.782003E+017
1.696669E+017
1.697932E+017
1.679316E+017
1.695018E+017
1.634999E+017
1.623125E+017
1.607658E+017
1.477922E+017
1.490473E+017
1.496791E+017
1.364332E+017
1.363033E+017
1.285782E+017
1.307905E+017
1.279864E+017
1.207976E+017
1.165841E+017
1.124517E+017
9.749977E+016
9.898241E+016
9.331713E+016
8.116358E+016
7.451766E+016
7.298696E+016
6.380119E+016
6.041969E+016
5.249926E+016
4.201928E+016
3.599649E+016
3.023844E+016
2.555248E+016
1.781875E+016
1.23976E+016
1.311747E+016
2.073216E+016
2.748059E+016
3.697575E+016
4.301965E+016
4.988717E+016
6.244183E+016
6.258633E+016
7.40717E+016
7.749888E+016
8.138366E+016
8.879944E+016
9.045943E+016
9.868557E+016
1.000805E+017
1.145971E+017
1.181641E+017
1.184457E+017
1.228697E+017
1.337015E+017
1.345681E+017
1.428865E+017
1.481397E+017
1.478688E+017
1.530114E+017
1.596769E+017
1.617632E+017
1.640948E+017
1.748736E+017
1.782101E+017
1.722843E+017
1.713979E+017
1.786408E+017
1.798392E+017
1.800007E+017
1.846764E+017
1.855701E+017
1.857859E+017
1.892453E+017
1.858336E+017
1.895836E+017
1.872944E+017
1.930486E+017
1.896331E+017
1.809661E+017
1.809893E+017
1.827811E+017
1.793502E+017
1.796556E+017
1.789154E+017
1.794681E+017
1.664002E+017
1.634033E+017
1.644078E+017
1.627103E+017
1.597574E+017
1.471966E+017
1.397421E+017
1.410105E+017
1.39378E+017
1.323804E+017
1.3119E+017
1.229472E+017
1.209537E+017
1.145247E+017
1.08806E+017
9.814586E+016
9.726622E+016
8.955172E+016
8.171265E+016
7.355928E+016
6.942334E+016
5.761891E+016
5.296731E+016
4.669826E+016
3.650983E+016
3.229633E+016
2.993977E+016
2.144586E+016
1.093992E+016
1.070053E+016
1.760394E+016
2.946177E+016
3.565612E+016
4.412691E+016
5.795368E+016
5.696366E+016
6.723022E+016
7.111989E+016
7.73357E+016
8.536602E+016
9.545519E+016
9.634116E+016
1.018104E+017
1.119009E+017
1.19948E+017
1.229008E+017
1.279037E+017
1.2595E+017
1.391697E+017
1.399339E+017
1.376837E+017
1.548534E+017
1.649064E+017
1.515522E+017
1.691597E+017
1.713957E+017
1.715588E+017
1.701423E+017
1.814445E+017
1.790821E+017
1.884184E+017
1.908025E+017
1.860176E+017
1.863043E+017
1.82344E+017
1.928562E+017
1.871199E+017
1.889955E+017
1.862819E+017
1.899169E+017
1.888775E+017
1.932135E+017
1.934518E+017
1.809641E+017
1.893503E+017
1.863716E+017
1.796992E+017
1.841752E+017
1.805184E+017
1.813341E+017
1.664342E+017
1.767005E+017
1.589646E+017
1.62583E+017
1.553798E+017
1.566153E+017
1.544543E+017
1.423509E+017
1.437829E+017
1.47659E+017
1.309944E+017
1.255448E+017
1.227325E+017
1.13168E+017
1.148111E+017
1.067703E+017
9.406686E+016
8.65735E+016
8.328627E+016
7.373327E+016
7.005882E+016
5.610131E+016
5.641897E+016
5.201662E+016
4.378099E+016
3.981616E+016
2.893227E+016
2.111447E+016
1.146292E+016
1.129875E+016
2.096284E+016
2.665363E+016
3.890435E+016
4.162528E+016
5.251575E+016
5.958913E+016
6.498535E+016
7.969139E+016
8.03572E+016
9.116792E+016
9.802352E+016
1.024986E+017
1.088487E+017
1.161585E+017
1.257325E+017
1.230146E+017
1.257797E+017
1.358777E+017
1.447579E+017
1.464192E+017
1.506696E+017
1.557904E+017
1.612621E+017
1.652418E+017
1.691469E+017
1.661133E+017
1.725595E+017
1.789629E+017
1.8247E+017
1.887916E+017
1.94681E+017
1.910726E+017
1.927224E+017
1.898969E+017
1.870198E+017
1.927917E+017
1.900641E+017
1.976425E+017
1.935388E+017
1.964107E+017
1.985716E+017
1.964444E+017
2.022683E+017
1.954555E+017
1.978593E+017
1.977157E+017
1.933342E+017
1.878267E+017
1.864671E+017
1.873783E+017
1.774693E+017
1.784261E+017
1.68981E+017
1.682328E+017
1.589476E+017
1.589831E+017
1.512073E+017
1.500098E+017
1.477318E+017
1.446725E+017
1.382114E+017
1.289769E+017
1.240419E+017
1.117727E+017
1.121967E+017
1.088647E+017
1.017341E+017
9.210714E+016
8.313957E+016
7.925441E+016
7.279325E+016
6.294271E+016
5.512335E+016
4.885517E+016
4.087638E+016
3.745288E+016
3.074864E+016
2.141287E+016
1.081737E+016
1.123654E+016
2.027161E+016
2.889383E+016
3.805019E+016
4.590967E+016
4.829745E+016
6.099138E+016
6.812332E+016
7.888908E+016
8.39995E+016
9.435267E+016
9.886605E+016
1.050436E+017
1.149756E+017
1.182991E+017
1.262595E+017
1.3362E+017
1.321633E+017
1.365936E+017
1.495436E+017
1.484334E+017
1.566196E+017
1.549535E+017
1.577028E+017
1.678839E+017
1.76197E+017
1.727793E+017
1.865172E+017
1.962128E+017
1.891465E+017
1.945795E+017
1.894377E+017
1.886178E+017
1.946701E+017
1.953529E+017
1.921961E+017
2.04173E+017
2.026404E+017
1.984044E+017
1.990335E+017
1.966426E+017
2.012264E+017
2.030199E+017
1.970689E+017
2.057816E+017
2.011996E+017
1.986897E+017
2.045924E+017
2.048523E+017
1.982514E+017
1.810459E+017
1.817747E+017
1.909369E+017
1.845801E+017
1.820598E+017
1.60188E+017
1.655567E+017
1.610928E+017
1.538054E+017
1.498215E+017
1.480411E+017
1.41848E+017
1.355041E+017
1.262237E+017
1.224178E+017
1.157973E+017
1.124604E+017
1.007664E+017
9.067591E+016
8.593374E+016
8.262431E+016
6.840521E+016
6.45077E+016
6.245893E+016
5.143074E+016
4.372473E+016
3.822408E+016
3.135856E+016
1.928965E+016
1.23925E+016
1.213768E+016
2.23138E+016
3.386166E+016
3.959712E+016
4.409817E+016
5.301299E+016
6.282157E+016
7.459553E+016
7.775679E+016
8.94891E+016
9.552736E+016
1.015154E+017
1.092521E+017
1.151389E+017
1.174787E+017
1.207391E+017
1.259454E+017
1.343508E+017
1.390058E+017
1.507573E+017
1.542287E+017
1.726743E+017
1.656192E+017
1.661569E+017
1.713722E+017
1.807267E+017
1.857598E+017
1.874176E+017
1.920625E+017
1.981278E+017
1.956107E+017
1.900122E+017
1.913064E+017
1.972369E+017
1.986966E+017
2.03209E+017
2.074437E+017
2.08661E+017
2.035237E+017
2.028361E+017
2.071886E+017
2.054184E+017
2.099721E+017
2.079424E+017
1.990636E+017
2.157337E+017
2.047732E+017
2.07034E+017
2.012559E+017
1.997931E+017
1.896513E+017
1.959441E+017
1.905342E+017
1.847396E+017
1.751721E+017
1.849625E+017
1.734093E+017
1.629974E+017
1.615116E+017
1.538669E+017
1.489941E+017
1.446181E+017
1.41E+017
1.318016E+017
1.229434E+017
1.20978E+017
1.171643E+017
1.022968E+017
1.008831E+017
8.470953E+016
8.415322E+016
7.447155E+016
6.877066E+016
6.571791E+016
5.529802E+016
4.43115E+016
3.953919E+016
2.772681E+016
2.032396E+016
1.230448E+016
1.388862E+016
2.336652E+016
3.194334E+016
4.264065E+016
4.824274E+016
5.955506E+016
6.359389E+016
7.753103E+016
8.127814E+016
9.016211E+016
9.502846E+016
1.01512E+017
1.064234E+017
1.146834E+017
1.23815E+017
1.283468E+017
1.316096E+017
1.399788E+017
1.411341E+017
1.554228E+017
1.627731E+017
1.675834E+017
1.774043E+017
1.707758E+017
1.796846E+017
1.869303E+017
1.952221E+017
1.891903E+017
1.995637E+017
2.0498E+017
1.965354E+017
2.007462E+017
1.945525E+017
2.039106E+017
2.098195E+017
2.130328E+017
2.106998E+017
2.063458E+017
2.124492E+017
2.152404E+017
2.156758E+017
2.124895E+017
2.228341E+017
2.170573E+017
2.149569E+017
2.153852E+017
2.15142E+017
2.110225E+017
1.977906E+017
2.068177E+017
1.974778E+017
1.926657E+017
1.919584E+017
1.866614E+017
1.843588E+017
1.815528E+017
1.82815E+017
1.712122E+017
1.637426E+017
1.536378E+017
1.553363E+017
1.503007E+017
1.469604E+017
1.337615E+017
1.275435E+017
1.23781E+017
1.149411E+017
1.072806E+017
1.0342E+017
9.46557E+016
8.740339E+016
8.443903E+016
7.401841E+016
5.742653E+016
5.919872E+016
4.898659E+016
3.913015E+016
3.085851E+016
2.265287E+016
1.41327E+016
1.357622E+016
2.463121E+016
3.02575E+016
4.06087E+016
5.138464E+016
5.708867E+016
6.50251E+016
7.505452E+016
8.228689E+016
9.355504E+016
9.83572E+016
1.031173E+017
1.080914E+017
1.129584E+017
1.20281E+017
1.360212E+017
1.366763E+017
1.411322E+017
1.482969E+017
1.503201E+017
1.592457E+017
1.72142E+017
1.756316E+017
1.826383E+017
1.830678E+017
1.870725E+017
1.941206E+017
1.946084E+017
1.984669E+017
2.043962E+017
2.061378E+017
2.094001E+017
1.987675E+017
2.092105E+017
2.204424E+017
2.186352E+017
2.164953E+017
2.191965E+017
2.204278E+017
2.191742E+017
2.198811E+017
2.18432E+017
2.319641E+017
2.303493E+017
2.1894E+017
2.196813E+017
2.176486E+017
2.168698E+017
2.08796E+017
2.195002E+017
2.021224E+017
1.965781E+017
1.953341E+017
1.972905E+017
1.852075E+017
1.887615E+017
1.79615E+017
1.675926E+017
1.620903E+017
1.676216E+017
1.617489E+017
1.529757E+017
1.427714E+017
1.38987E+017
1.28553E+017
1.195604E+017
1.19993E+017
1.074449E+017
1.014922E+017
9.625986E+016
8.883483E+016
8.253475E+016
7.630631E+016
6.480221E+016
5.769424E+016
5.076712E+016
4.051363E+016
3.263623E+016
2.131095E+016
1.42648E+016
1.31619E+016
2.381983E+016
3.197949E+016
4.392792E+016
4.92758E+016
5.644189E+016
6.593936E+016
8.01719E+016
8.448926E+016
8.937222E+016
9.664323E+016
1.066523E+017
1.155002E+017
1.183226E+017
1.238574E+017
1.298376E+017
1.42188E+017
1.55537E+017
1.567573E+017
1.645734E+017
1.643995E+017
1.74721E+017
1.813342E+017
1.820482E+017
1.89859E+017
1.882284E+017
2.007483E+017
2.024874E+017
2.039457E+017
2.088045E+017
2.073907E+017
2.18629E+017
2.226409E+017
2.123099E+017
2.255015E+017
2.166073E+017
2.202223E+017
2.258756E+017
2.278843E+017
2.24781E+017
2.254112E+017
2.310664E+017
2.308709E+017
2.370154E+017
2.28738E+017
2.25228E+017
2.277355E+017
2.091139E+017
2.127891E+017
2.133955E+017
2.063099E+017
2.038267E+017
1.995884E+017
1.964762E+017
1.880606E+017
1.908618E+017
1.813509E+017
1.722042E+017
1.717285E+017
1.649419E+017
1.583573E+017
1.534677E+017
1.490075E+017
1.416943E+017
1.358564E+017
1.264824E+017
1.224478E+017
1.152803E+017
1.065101E+017
9.800576E+016
8.853593E+016
8.016604E+016
8.022756E+016
6.812634E+016
5.88164E+016
4.648556E+016
4.345557E+016
3.055713E+016
2.182538E+016
1.436795E+016
1.555784E+016
2.525899E+016
3.135458E+016
4.248748E+016
5.178245E+016
6.286927E+016
6.617064E+016
7.648162E+016
8.653092E+016
9.363952E+016
1.043591E+017
1.087085E+017
1.097606E+017
1.222325E+017
1.327681E+017
1.38502E+017
1.492033E+017
1.52686E+017
1.652979E+017
1.671187E+017
1.708223E+017
1.791594E+017
1.870938E+017
1.919391E+017
1.92301E+017
1.991253E+017
1.971497E+017
2.061172E+017
2.070765E+017
2.153114E+017
2.067884E+017
2.205365E+017
2.17342E+017
2.234306E+017
2.266089E+017
2.232956E+017
2.256693E+017
2.255977E+017
2.321849E+017
2.297449E+017
2.343158E+017
2.380769E+017
2.270993E+017
2.284728E+017
2.312689E+017
2.269413E+017
2.224697E+017
2.164325E+017
2.182698E+017
2.207166E+017
2.172442E+017
2.102113E+017
1.992468E+017
1.920996E+017
1.990582E+017
1.874903E+017
1.867252E+017
1.788205E+017
1.790078E+017
1.693521E+017
1.580761E+017
1.588173E+017
1.452184E+017
1.379213E+017
1.340183E+017
1.302925E+017
1.287372E+017
1.141887E+017
1.079993E+017
1.037925E+017
9.344143E+016
8.207516E+016
8.205285E+016
7.008545E+016
6.233801E+016
5.098449E+016
3.992619E+016
3.215178E+016
2.499508E+016
1.620954E+016
1.527715E+016
2.467782E+016
3.32496E+016
4.74121E+016
5.246549E+016
5.893968E+016
6.788414E+016
7.448879E+016
8.453047E+016
9.885537E+016
1.006611E+017
1.077003E+017
1.201698E+017
1.295896E+017
1.351091E+017
1.41998E+017
1.470365E+017
1.510427E+017
1.608227E+017
1.667907E+017
1.781454E+017
1.841983E+017
1.826369E+017
1.98852E+017
1.955763E+017
2.050143E+017
2.06341E+017
2.107007E+017
2.110963E+017
2.148693E+017
2.138972E+017
2.175494E+017
2.242888E+017
2.294056E+017
2.274711E+017
2.341377E+017
2.268424E+017
2.358013E+017
2.340258E+017
2.423577E+017
2.333214E+017
2.32259E+017
2.395682E+017
2.345239E+017
2.278885E+017
2.340067E+017
2.232155E+017
2.28317E+017
2.200612E+017
2.260036E+017
2.098207E+017
2.123042E+017
2.107153E+017
1.992426E+017
2.057722E+017
1.966156E+017
1.883278E+017
1.826574E+017
1.793823E+017
1.79012E+017
1.637744E+017
1.563234E+017
1.561868E+017
1.47591E+017
1.405147E+017
1.307931E+017
1.281423E+017
1.126305E+017
1.065818E+017
1.04016E+017
8.86419E+016
8.377304E+016
8.038596E+016
7.529532E+016
6.647743E+016
5.176151E+016
4.03039E+016
3.174849E+016
2.408031E+016
1.584967E+016
1.393779E+016
2.548094E+016
3.116261E+016
4.281075E+016
5.131943E+016
5.572788E+016
6.885528E+016
8.264902E+016
8.520722E+016
9.790253E+016
1.055567E+017
1.145378E+017
1.233115E+017
1.255781E+017
1.349552E+017
1.419448E+017
1.48885E+017
1.558647E+017
1.622747E+017
1.689837E+017
1.757746E+017
1.781179E+017
1.941558E+017
1.911374E+017
2.102782E+017
1.996599E+017
2.108711E+017
2.096948E+017
2.11295E+017
2.17079E+017
2.189485E+017
2.252167E+017
2.247609E+017
2.341172E+017
2.318701E+017
2.293045E+017
2.286187E+017
2.374743E+017
2.405604E+017
2.294436E+017
2.314607E+017
2.463317E+017
2.373868E+017
2.374323E+017
2.316087E+017
2.355239E+017
2.259328E+017
2.253142E+017
2.220826E+017
2.201947E+017
2.203607E+017
2.206016E+017
2.160995E+017
2.102969E+017
2.000349E+017
2.00281E+017
1.836327E+017
1.796353E+017
1.791214E+017
1.765906E+017
1.615545E+017
1.583927E+017
1.579686E+017
1.439091E+017
1.364978E+017
1.344199E+017
1.219475E+017
1.155814E+017
1.076331E+017
1.040633E+017
9.487663E+016
8.801415E+016
8.101655E+016
7.319835E+016
6.587051E+016
4.988407E+016
4.186276E+016
3.462774E+016
2.252008E+016
1.460151E+016
1.437921E+016
2.385086E+016
3.240221E+016
4.2315E+016
5.302021E+016
6.110706E+016
7.013958E+016
8.509083E+016
8.368387E+016
9.97856E+016
1.062073E+017
1.161817E+017
1.21306E+017
1.313719E+017
1.407725E+017
1.428879E+017
1.517826E+017
1.599485E+017
1.589564E+017
1.688125E+017
1.757143E+017
1.825006E+017
1.911758E+017
1.956148E+017
2.028957E+017
2.013049E+017
2.131998E+017
2.064794E+017
2.12598E+017
2.302461E+017
2.206314E+017
2.191793E+017
2.192546E+017
2.297711E+017
2.351502E+017
2.394869E+017
2.35587E+017
2.485863E+017
2.52969E+017
2.542286E+017
2.528722E+017
2.434707E+017
2.425534E+017
2.344892E+017
2.32084E+017
2.298575E+017
2.266709E+017
2.310355E+017
2.312624E+017
2.130255E+017
2.158932E+017
2.168897E+017
2.169859E+017
2.029859E+017
1.933506E+017
1.981266E+017
1.972572E+017
1.790213E+017
1.757833E+017
1.703138E+017
1.684665E+017
1.607919E+017
1.528139E+017
1.468333E+017
1.408064E+017
1.379469E+017
1.216953E+017
1.228604E+017
1.115808E+017
1.043413E+017
9.809842E+016
8.819072E+016
8.297002E+016
7.287713E+016
6.514566E+016
5.154126E+016
4.340624E+016
3.528264E+016
2.453218E+016
1.282443E+016
1.644405E+016
2.749084E+016
3.441969E+016
4.569791E+016
4.879327E+016
6.156899E+016
7.148136E+016
8.212967E+016
9.190775E+016
9.704629E+016
1.037311E+017
1.142153E+017
1.262436E+017
1.287892E+017
1.378737E+017
1.496425E+017
1.527936E+017
1.565979E+017
1.682381E+017
1.68299E+017
1.719502E+017
1.784383E+017
1.87588E+017
2.00216E+017
2.067462E+017
2.054924E+017
2.101208E+017
2.16147E+017
2.222255E+017
2.290846E+017
2.316007E+017
2.286675E+017
2.285709E+017
2.355233E+017
2.286029E+017
2.386831E+017
2.427728E+017
2.367694E+017
2.453075E+017
2.463827E+017
2.505984E+017
2.484775E+017
2.418816E+017
2.390621E+017
2.422988E+017
2.434221E+017
2.360612E+017
2.369826E+017
2.340481E+017
2.203874E+017
2.277205E+017
2.211245E+017
2.160547E+017
2.052841E+017
2.014813E+017
2.070335E+017
1.992654E+017
1.886647E+017
1.816635E+017
1.782017E+017
1.753517E+017
1.688798E+017
1.569309E+017
1.570178E+017
1.450954E+017
1.280653E+017
1.298392E+017
1.198741E+017
1.131586E+017
9.921993E+016
9.729181E+016
8.763879E+016
7.895945E+016
7.288964E+016
6.607135E+016
5.529586E+016
4.302349E+016
3.627263E+016
2.696067E+016
1.35296E+016
1.487043E+016
2.438434E+016
3.448708E+016
4.565765E+016
5.61948E+016
6.305599E+016
7.372997E+016
8.068931E+016
8.683108E+016
9.943241E+016
1.038405E+017
1.135535E+017
1.255271E+017
1.290397E+017
1.427093E+017
1.520447E+017
1.516087E+017
1.621763E+017
1.695925E+017
1.733595E+017
1.771837E+017
1.85801E+017
1.890463E+017
1.97941E+017
1.936809E+017
2.021999E+017
2.070268E+017
2.200715E+017
2.220756E+017
2.30553E+017
2.333618E+017
2.273983E+017
2.355276E+017
2.406924E+017
2.395705E+017
2.470012E+017
2.4597E+017
2.467518E+017
2.489961E+017
2.464513E+017
2.475755E+017
2.469531E+017
2.430681E+017
2.460782E+017
2.411648E+017
2.417546E+017
2.407387E+017
2.366841E+017
2.318179E+017
2.366053E+017
2.229464E+017
2.238076E+017
2.141361E+017
2.120685E+017
2.029882E+017
2.101508E+017
1.993029E+017
1.832391E+017
1.925098E+017
1.820082E+017
1.77101E+017
1.707822E+017
1.565935E+017
1.488493E+017
1.468656E+017
1.37525E+017
1.306317E+017
1.169023E+017
1.117214E+017
1.096819E+017
9.75244E+016
9.04099E+016
8.262291E+016
7.103013E+016
6.146047E+016
5.209213E+016
4.634695E+016
3.333174E+016
2.442764E+016
1.238015E+016
1.53019E+016
2.589903E+016
3.569335E+016
4.367329E+016
5.398816E+016
6.372467E+016
7.272357E+016
8.309358E+016
9.098794E+016
1.023269E+017
1.060871E+017
1.200018E+017
1.177714E+017
1.354501E+017
1.459522E+017
1.46988E+017
1.583451E+017
1.659685E+017
1.694086E+017
1.737941E+017
1.813082E+017
1.909463E+017
1.903539E+017
1.996114E+017
2.011701E+017
2.150549E+017
2.140168E+017
2.146092E+017
2.282341E+017
2.368199E+017
2.289231E+017
2.357957E+017
2.381798E+017
2.462191E+017
2.410613E+017
2.463535E+017
2.517232E+017
2.460645E+017
2.512076E+017
2.425222E+017
2.524046E+017
2.554029E+017
2.46411E+017
2.48697E+017
2.422122E+017
2.429549E+017
2.44645E+017
2.373547E+017
2.40177E+017
2.278552E+017
2.314107E+017
2.186431E+017
2.082872E+017
2.057341E+017
2.12604E+017
2.020144E+017
1.921939E+017
1.943827E+017
1.878651E+017
1.751061E+017
1.761074E+017
1.719597E+017
1.563143E+017
1.591555E+017
1.415338E+017
1.375833E+017
1.303518E+017
1.230339E+017
1.087947E+017
1.153304E+017
1.021628E+017
9.454686E+016
7.47801E+016
7.187869E+016
6.062083E+016
5.080996E+016
4.968573E+016
3.747026E+016
2.167748E+016
1.292681E+016
1.582136E+016
2.579259E+016
3.474023E+016
4.532954E+016
5.303561E+016
6.623227E+016
7.49572E+016
8.682008E+016
9.226467E+016
1.038138E+017
1.094012E+017
1.190014E+017
1.253637E+017
1.322349E+017
1.503329E+017
1.566763E+017
1.586366E+017
1.679923E+017
1.692659E+017
1.810452E+017
1.847297E+017
1.914552E+017
2.01405E+017
1.980306E+017
2.025508E+017
2.10983E+017
2.129689E+017
2.242538E+017
2.317093E+017
2.310313E+017
2.336656E+017
2.426691E+017
2.531107E+017
2.490641E+017
2.491795E+017
2.408362E+017
2.403195E+017
2.49141E+017
2.475316E+017
2.502367E+017
2.52311E+017
2.529886E+017
2.530486E+017
2.490228E+017
2.431627E+017
2.366876E+017
2.530614E+017
2.492644E+017
2.443415E+017
2.363684E+017
2.314246E+017
2.192305E+017
2.183997E+017
2.065677E+017
2.105702E+017
2.003157E+017
2.04983E+017
1.905761E+017
1.959322E+017
1.863335E+017
1.819905E+017
1.736401E+017
1.577948E+017
1.641778E+017
1.504318E+017
1.345015E+017
1.364959E+017
1.277747E+017
1.12551E+017
1.103161E+017
9.808932E+016
9.575453E+016
8.584347E+016
7.20223E+016
6.147818E+016
5.416628E+016
4.913919E+016
3.503266E+016
2.370183E+016
1.448637E+016
1.531762E+016
2.843315E+016
3.972145E+016
4.880513E+016
5.552624E+016
6.952154E+016
7.828481E+016
8.650229E+016
9.930016E+016
1.073702E+017
1.104264E+017
1.181032E+017
1.281683E+017
1.326102E+017
1.486075E+017
1.539044E+017
1.639913E+017
1.641153E+017
1.765533E+017
1.908001E+017
1.962767E+017
1.854178E+017
1.890565E+017
1.966484E+017
2.065581E+017
2.151601E+017
2.127321E+017
2.224594E+017
2.328735E+017
2.365743E+017
2.343019E+017
2.4314E+017
2.475673E+017
2.446912E+017
2.535361E+017
2.494234E+017
2.485864E+017
2.508893E+017
2.522398E+017
2.479067E+017
2.500755E+017
2.468855E+017
2.56215E+017
2.432061E+017
2.43562E+017
2.526848E+017
2.3971E+017
2.462341E+017
2.439315E+017
2.372145E+017
2.357834E+017
2.23205E+017
2.173383E+017
2.119554E+017
2.055297E+017
2.025581E+017
2.015328E+017
2.044757E+017
1.81021E+017
1.811781E+017
1.787688E+017
1.713648E+017
1.614392E+017
1.587808E+017
1.439375E+017
1.395963E+017
1.36169E+017
1.235591E+017
1.184897E+017
1.074609E+017
9.850038E+016
8.984809E+016
7.867612E+016
7.580639E+016
6.40413E+016
5.468181E+016
4.396709E+016
3.327263E+016
2.393686E+016
1.61729E+016
1.486063E+016
2.869501E+016
3.769887E+016
4.896427E+016
5.605897E+016
7.047044E+016
7.696993E+016
8.329865E+016
9.358246E+016
9.955367E+016
1.141947E+017
1.204561E+017
1.259479E+017
1.366968E+017
1.42732E+017
1.559948E+017
1.607188E+017
1.720618E+017
1.79501E+017
1.894323E+017
1.943773E+017
1.990489E+017
2.002389E+017
2.097038E+017
2.09639E+017
2.171361E+017
2.157029E+017
2.228187E+017
2.331302E+017
2.447054E+017
2.26395E+017
2.43657E+017
2.425118E+017
2.459142E+017
2.53516E+017
2.474633E+017
2.547764E+017
2.488908E+017
2.555744E+017
2.495159E+017
2.513229E+017
2.533718E+017
2.539548E+017
2.508624E+017
2.530779E+017
2.519735E+017
2.463577E+017
2.495101E+017
2.425232E+017
2.345607E+017
2.335782E+017
2.304215E+017
2.205051E+017
2.163123E+017
2.171336E+017
2.086167E+017
2.060525E+017
1.938262E+017
1.972176E+017
1.764176E+017
1.740284E+017
1.621067E+017
1.616807E+017
1.568764E+017
1.454848E+017
1.398718E+017
1.339466E+017
1.348208E+017
1.173858E+017
1.114599E+017
9.85137E+016
9.117878E+016
7.934207E+016
7.560781E+016
6.553821E+016
5.529203E+016
4.15665E+016
3.405727E+016
2.59129E+016
1.498642E+016
1.524929E+016
2.647945E+016
3.760294E+016
4.654939E+016
5.719663E+016
6.504156E+016
7.727277E+016
9.000141E+016
9.752396E+016
1.049432E+017
1.156496E+017
1.252485E+017
1.289419E+017
1.377433E+017
1.386714E+017
1.479766E+017
1.694428E+017
1.765999E+017
1.771524E+017
1.868548E+017
1.885472E+017
1.918672E+017
1.969172E+017
2.046682E+017
2.090533E+017
2.189634E+017
2.175472E+017
2.178915E+017
2.266731E+017
2.373072E+017
2.301245E+017
2.455406E+017
2.380824E+017
2.444536E+017
2.470655E+017
2.492218E+017
2.467885E+017
2.620269E+017
2.525919E+017
2.540361E+017
2.458204E+017
2.479049E+017
2.482377E+017
2.565619E+017
2.55049E+017
2.485183E+017
2.445144E+017
2.460032E+017
2.395686E+017
2.378516E+017
2.239743E+017
2.348069E+017
2.223046E+017
2.10784E+017
2.145663E+017
2.07488E+017
1.989085E+017
2.019888E+017
2.030449E+017
1.820459E+017
1.761393E+017
1.629712E+017
1.649094E+017
1.627203E+017
1.465878E+017
1.386408E+017
1.28099E+017
1.228752E+017
1.207617E+017
1.051967E+017
9.655767E+016
8.7896E+016
7.777059E+016
7.121009E+016
5.927629E+016
5.671903E+016
4.888133E+016
3.446289E+016
2.51331E+016
1.449886E+016
1.754374E+016
2.807671E+016
3.429476E+016
4.28948E+016
5.272355E+016
6.894717E+016
7.571541E+016
8.472067E+016
9.087444E+016
1.01568E+017
1.091625E+017
1.148999E+017
1.313284E+017
1.398929E+017
1.459865E+017
1.492313E+017
1.68677E+017
1.76346E+017
1.789528E+017
1.919087E+017
1.913534E+017
1.998391E+017
2.056287E+017
2.140047E+017
2.169907E+017
2.147703E+017
2.194129E+017
2.278687E+017
2.387264E+017
2.407956E+017
2.318707E+017
2.419321E+017
2.299913E+017
2.513559E+017
2.633175E+017
2.436445E+017
2.539163E+017
2.508697E+017
2.620036E+017
2.567068E+017
2.482162E+017
2.439649E+017
2.572741E+017
2.47787E+017
2.504999E+017
2.468577E+017
2.548702E+017
2.374547E+017
2.45295E+017
2.381611E+017
2.444861E+017
2.322079E+017
2.300055E+017
2.241313E+017
2.11419E+017
2.153667E+017
1.949585E+017
1.938052E+017
1.94948E+017
1.833164E+017
1.704786E+017
1.695775E+017
1.671426E+017
1.552771E+017
1.566807E+017
1.435615E+017
1.383517E+017
1.274285E+017
1.153168E+017
1.032683E+017
9.809523E+016
8.971775E+016
8.554015E+016
7.312568E+016
6.324165E+016
5.325258E+016
4.738056E+016
3.462551E+016
2.718681E+016
1.437416E+016
1.418556E+016
2.59095E+016
3.768802E+016
4.858132E+016
5.083944E+016
6.235062E+016
7.613207E+016
8.533184E+016
9.225841E+016
1.058869E+017
1.174661E+017
1.218624E+017
1.284873E+017
1.399623E+017
1.485875E+017
1.560239E+017
1.64183E+017
1.728139E+017
1.758352E+017
1.7872E+017
1.884707E+017
1.872852E+017
2.07387E+017
2.21465E+017
2.195401E+017
2.152015E+017
2.198244E+017
2.403825E+017
2.3699E+017
2.325035E+017
2.419447E+017
2.339235E+017
2.397966E+017
2.428847E+017
2.446333E+017
2.45144E+017
2.544857E+017
2.446645E+017
2.500435E+017
2.554195E+017
2.448582E+017
2.54219E+017
2.516143E+017
2.581876E+017
2.488524E+017
2.423626E+017
2.367566E+017
2.398479E+017
2.369848E+017
2.400964E+017
2.309773E+017
2.317749E+017
2.223466E+017
2.169555E+017
2.097444E+017
2.082713E+017
2.030503E+017
1.931603E+017
1.856733E+017
1.819514E+017
1.782005E+017
1.742384E+017
1.725203E+017
1.548381E+017
1.503689E+017
1.480487E+017
1.356472E+017
1.246933E+017
1.112508E+017
1.032076E+017
9.461538E+016
9.519292E+016
7.966721E+016
7.278764E+016
6.417502E+016
4.983457E+016
4.293017E+016
3.639318E+016
2.703737E+016
1.470658E+016
1.586456E+016
2.460935E+016
3.411683E+016
4.639336E+016
5.794324E+016
6.376337E+016
7.390812E+016
8.70394E+016
9.258265E+016
1.034018E+017
1.12685E+017
1.217829E+017
1.328673E+017
1.411625E+017
1.494618E+017
1.528768E+017
1.588835E+017
1.713791E+017
1.720018E+017
1.773332E+017
1.872236E+017
2.016399E+017
1.961847E+017
2.105398E+017
2.185746E+017
2.095368E+017
2.246836E+017
2.249975E+017
2.321328E+017
2.374092E+017
2.426004E+017
2.399349E+017
2.383094E+017
2.47421E+017
2.50921E+017
2.425038E+017
2.473849E+017
2.510512E+017
2.588233E+017
2.632185E+017
2.504222E+017
2.459838E+017
2.463266E+017
2.561797E+017
2.454212E+017
2.479405E+017
2.450567E+017
2.421487E+017
2.438263E+017
2.415323E+017
2.319678E+017
2.223024E+017
2.285809E+017
2.180673E+017
2.078439E+017
2.070112E+017
1.991006E+017
1.94753E+017
1.889393E+017
1.873945E+017
1.780093E+017
1.70421E+017
1.627672E+017
1.542186E+017
1.607612E+017
1.503024E+017
1.331804E+017
1.222287E+017
1.169534E+017
1.120214E+017
9.951571E+016
9.612904E+016
8.100227E+016
7.530677E+016
6.318489E+016
5.285397E+016
4.302997E+016
3.627772E+016
2.47893E+016
1.330956E+016
1.615297E+016
2.701029E+016
3.468367E+016
4.573814E+016
5.370884E+016
6.446495E+016
7.422205E+016
8.863283E+016
9.429229E+016
1.047732E+017
1.066801E+017
1.212485E+017
1.26536E+017
1.3648E+017
1.472607E+017
1.533219E+017
1.585276E+017
1.640669E+017
1.706066E+017
1.808049E+017
1.822665E+017
1.895356E+017
2.022979E+017
2.105042E+017
2.100364E+017
2.145859E+017
2.254774E+017
2.381601E+017
2.334988E+017
2.374481E+017
2.375199E+017
2.41999E+017
2.525503E+017
2.484568E+017
2.357588E+017
2.509246E+017
2.508547E+017
2.455869E+017
2.592894E+017
2.615154E+017
2.565022E+017
2.524147E+017
2.512683E+017
2.520897E+017
2.425849E+017
2.475178E+017
2.392471E+017
2.352011E+017
2.309939E+017
2.374358E+017
2.272767E+017
2.261575E+017
2.320519E+017
2.216591E+017
2.145199E+017
2.183887E+017
1.95807E+017
1.985682E+017
1.943677E+017
1.851258E+017
1.788065E+017
1.71784E+017
1.650972E+017
1.567837E+017
1.515455E+017
1.455945E+017
1.355095E+017
1.167081E+017
1.142941E+017
1.107462E+017
1.009927E+017
9.037026E+016
8.515024E+016
7.619176E+016
6.379543E+016
5.476357E+016
4.568714E+016
3.343633E+016
2.590932E+016
1.4606E+016
1.529376E+016
2.63162E+016
3.75856E+016
4.72314E+016
5.797512E+016
6.726786E+016
7.07465E+016
8.084674E+016
9.188988E+016
1.045011E+017
1.11636E+017
1.237487E+017
1.332242E+017
1.436046E+017
1.476553E+017
1.587084E+017
1.572397E+017
1.677688E+017
1.700275E+017
1.801283E+017
1.868309E+017
2.004669E+017
1.983352E+017
2.138047E+017
2.057044E+017
2.184855E+017
2.189156E+017
2.257316E+017
2.360501E+017
2.348438E+017
2.30197E+017
2.416896E+017
2.471198E+017
2.324094E+017
2.437216E+017
2.545296E+017
2.521072E+017
2.467782E+017
2.564679E+017
2.53417E+017
2.525063E+017
2.50639E+017
2.53422E+017
2.433941E+017
2.431231E+017
2.507609E+017
2.382537E+017
2.297409E+017
2.336069E+017
2.314351E+017
2.232744E+017
2.175897E+017
2.261289E+017
2.162493E+017
2.118456E+017
2.135205E+017
1.967076E+017
1.919924E+017
1.859321E+017
1.727783E+017
1.705791E+017
1.733574E+017
1.634833E+017
1.560833E+017
1.522723E+017
1.440377E+017
1.307342E+017
1.285412E+017
1.246271E+017
1.077165E+017
9.936227E+016
9.482892E+016
8.339044E+016
7.423955E+016
6.393583E+016
5.311759E+016
4.43022E+016
3.326952E+016
2.515937E+016
1.463513E+016
1.658638E+016
2.534162E+016
3.629106E+016
4.541963E+016
5.269834E+016
6.471266E+016
7.243411E+016
8.189175E+016
9.454519E+016
9.827844E+016
1.136915E+017
1.197274E+017
1.293273E+017
1.371002E+017
1.411247E+017
1.569203E+017
1.609116E+017
1.645877E+017
1.783381E+017
1.802931E+017
1.836002E+017
1.935003E+017
2.026015E+017
2.083638E+017
2.092651E+017
2.133002E+017
2.220183E+017
2.244894E+017
2.387728E+017
2.360498E+017
2.377169E+017
2.420793E+017
2.43251E+017
2.386222E+017
2.495212E+017
2.480616E+017
2.503761E+017
2.505858E+017
2.512952E+017
2.505611E+017
2.494112E+017
2.423788E+017
2.384536E+017
2.39589E+017
2.434812E+017
2.404005E+017
2.373858E+017
2.327427E+017
2.304175E+017
2.365242E+017
2.289384E+017
2.242093E+017
2.233293E+017
2.159019E+017
2.177123E+017
2.140632E+017
2.010818E+017
1.866058E+017
1.822861E+017
1.799814E+017
1.691991E+017
1.663015E+017
1.582267E+017
1.476893E+017
1.433895E+017
1.324433E+017
1.280116E+017
1.21602E+017
1.164092E+017
1.097684E+017
1.010395E+017
9.56804E+016
8.387908E+016
7.500692E+016
6.729956E+016
5.312803E+016
4.492974E+016
3.748798E+016
2.485608E+016
1.59433E+016
1.488729E+016
2.732674E+016
3.504213E+016
4.770954E+016
5.670559E+016
6.673574E+016
7.105687E+016
8.437417E+016
9.033611E+016
9.831251E+016
1.065538E+017
1.170223E+017
1.283263E+017
1.336555E+017
1.437801E+017
1.567753E+017
1.555494E+017
1.648338E+017
1.776335E+017
1.795858E+017
1.858531E+017
1.835368E+017
1.964658E+017
2.017011E+017
2.143361E+017
2.069649E+017
2.188253E+017
2.2337E+017
2.300826E+017
2.343328E+017
2.370827E+017
2.385977E+017
2.395112E+017
2.443505E+017
2.447831E+017
2.51853E+017
2.49097E+017
2.50138E+017
2.459791E+017
2.54808E+017
2.509977E+017
2.494146E+017
2.432971E+017
2.458967E+017
2.427726E+017
2.43466E+017
2.38635E+017
2.306806E+017
2.359567E+017
2.233418E+017
2.22162E+017
2.221296E+017
2.189384E+017
2.190756E+017
2.154004E+017
2.03592E+017
1.927058E+017
1.824966E+017
1.827917E+017
1.697928E+017
1.688771E+017
1.650598E+017
1.63454E+017
1.570106E+017
1.459385E+017
1.37849E+017
1.270794E+017
1.161072E+017
1.147944E+017
1.042464E+017
1.011027E+017
9.363892E+016
8.315805E+016
7.446529E+016
6.298811E+016
5.387787E+016
4.178459E+016
3.117777E+016
2.244637E+016
1.301518E+016
1.693979E+016
2.536595E+016
3.707066E+016
4.878947E+016
5.409512E+016
6.479526E+016
7.157817E+016
8.521404E+016
8.10945E+016
9.818367E+016
1.064147E+017
1.13852E+017
1.284602E+017
1.334955E+017
1.476929E+017
1.484781E+017
1.520166E+017
1.567923E+017
1.767507E+017
1.72337E+017
1.813362E+017
1.935802E+017
2.008276E+017
2.033503E+017
2.118739E+017
2.157747E+017
2.262545E+017
2.19643E+017
2.233172E+017
2.339196E+017
2.255683E+017
2.351237E+017
2.397204E+017
2.418121E+017
2.444843E+017
2.428814E+017
2.442109E+017
2.532548E+017
2.566657E+017
2.522959E+017
2.465305E+017
2.408146E+017
2.409262E+017
2.416834E+017
2.477055E+017
2.437291E+017
2.335187E+017
2.317441E+017
2.231817E+017
2.189281E+017
2.26898E+017
2.234947E+017
2.151003E+017
2.091684E+017
2.071282E+017
1.988444E+017
1.947073E+017
1.873935E+017
1.893571E+017
1.795362E+017
1.650525E+017
1.697192E+017
1.615135E+017
1.563739E+017
1.479579E+017
1.385258E+017
1.312221E+017
1.142259E+017
1.106781E+017
1.023093E+017
9.803963E+016
8.765865E+016
8.66881E+016
7.187576E+016
6.363048E+016
4.905103E+016
4.461514E+016
3.387654E+016
2.535328E+016
1.442237E+016
1.674984E+016
2.743665E+016
3.689706E+016
4.587836E+016
5.117937E+016
6.225976E+016
7.055934E+016
7.872499E+016
8.719193E+016
9.532989E+016
1.086671E+017
1.140424E+017
1.244114E+017
1.32099E+017
1.447661E+017
1.495853E+017
1.534341E+017
1.647319E+017
1.625526E+017
1.730896E+017
1.806425E+017
1.866686E+017
1.939081E+017
1.933013E+017
2.075564E+017
2.119789E+017
2.158455E+017
2.241723E+017
2.254535E+017
2.265419E+017
2.286562E+017
2.337778E+017
2.366414E+017
2.277025E+017
2.37183E+017
2.442277E+017
2.452563E+017
2.455753E+017
2.501123E+017
2.456124E+017
2.43254E+017
2.438067E+017
2.442545E+017
2.504028E+017
2.314706E+017
2.460801E+017
2.33346E+017
2.290393E+017
2.210599E+017
2.165782E+017
2.192198E+017
2.25041E+017
2.136267E+017
2.133751E+017
2.055474E+017
1.968907E+017
2.015892E+017
1.878948E+017
1.823834E+017
1.768313E+017
1.71213E+017
1.668149E+017
1.57365E+017
1.440089E+017
1.413566E+017
1.335964E+017
1.281406E+017
1.172154E+017
1.099366E+017
1.031687E+017
9.622973E+016
9.026292E+016
8.027456E+016
7.358643E+016
6.373392E+016
5.202089E+016
4.389293E+016
3.233539E+016
2.361985E+016
1.305864E+016
1.55436E+016
2.593873E+016
3.400333E+016
4.329959E+016
5.215482E+016
5.982324E+016
6.863855E+016
8.581292E+016
8.689146E+016
9.977432E+016
1.06548E+017
1.128474E+017
1.179786E+017
1.351446E+017
1.423725E+017
1.498745E+017
1.543575E+017
1.565752E+017
1.69259E+017
1.816188E+017
1.746917E+017
1.866549E+017
1.923416E+017
1.929844E+017
2.075628E+017
2.069144E+017
2.105115E+017
2.110022E+017
2.223146E+017
2.232583E+017
2.171471E+017
2.239394E+017
2.319687E+017
2.364025E+017
2.374446E+017
2.416094E+017
2.408872E+017
2.338259E+017
2.426142E+017
2.415151E+017
2.407571E+017
2.418729E+017
2.367073E+017
2.3157E+017
2.333648E+017
2.253482E+017
2.237532E+017
2.329927E+017
2.342171E+017
2.271575E+017
2.224479E+017
2.202922E+017
2.12677E+017
2.111763E+017
1.990595E+017
1.96177E+017
1.99447E+017
1.842696E+017
1.834388E+017
1.667594E+017
1.64606E+017
1.645523E+017
1.548204E+017
1.432777E+017
1.39003E+017
1.331493E+017
1.234761E+017
1.173741E+017
1.036999E+017
9.727212E+016
9.256422E+016
8.618854E+016
8.014889E+016
6.75492E+016
5.793972E+016
5.051722E+016
4.358509E+016
3.556977E+016
2.364423E+016
1.362673E+016
1.423671E+016
2.303997E+016
3.215905E+016
4.095363E+016
5.136005E+016
5.680936E+016
7.063027E+016
8.354614E+016
8.479996E+016
9.77557E+016
1.051103E+017
1.201482E+017
1.188144E+017
1.352093E+017
1.402215E+017
1.449204E+017
1.44579E+017
1.587718E+017
1.627448E+017
1.756708E+017
1.817677E+017
1.744813E+017
1.838682E+017
1.871137E+017
1.960691E+017
2.053378E+017
2.088646E+017
2.029064E+017
2.259445E+017
2.205678E+017
2.21874E+017
2.224673E+017
2.282615E+017
2.266251E+017
2.307503E+017
2.397422E+017
2.393942E+017
2.303978E+017
2.426059E+017
2.420222E+017
2.38003E+017
2.279155E+017
2.425763E+017
2.432455E+017
2.328782E+017
2.218247E+017
2.27692E+017
2.264867E+017
2.28515E+017
2.178468E+017
2.255782E+017
2.127259E+017
2.138075E+017
2.043334E+017
2.008625E+017
1.997977E+017
1.940716E+017
1.83907E+017
1.87416E+017
1.687516E+017
1.606754E+017
1.610826E+017
1.467182E+017
1.444467E+017
1.288001E+017
1.27976E+017
1.253072E+017
1.161669E+017
1.07874E+017
9.62233E+016
9.234004E+016
8.734229E+016
7.861047E+016
7.13616E+016
6.31E+016
4.921158E+016
4.46616E+016
3.318149E+016
2.628445E+016
1.311322E+016
1.60538E+016
2.377462E+016
3.266544E+016
4.319394E+016
5.393223E+016
6.386268E+016
6.983065E+016
7.92306E+016
8.890023E+016
9.904767E+016
1.004746E+017
1.144598E+017
1.269699E+017
1.28771E+017
1.3665E+017
1.423305E+017
1.484087E+017
1.53271E+017
1.615638E+017
1.663992E+017
1.714163E+017
1.725323E+017
1.778465E+017
1.852934E+017
1.936227E+017
2.048745E+017
2.14542E+017
2.106514E+017
2.026431E+017
2.147801E+017
2.2515E+017
2.214678E+017
2.243008E+017
2.234987E+017
2.226387E+017
2.353736E+017
2.390124E+017
2.344735E+017
2.374682E+017
2.342346E+017
2.365258E+017
2.327322E+017
2.233243E+017
2.31201E+017
2.285716E+017
2.303863E+017
2.264508E+017
2.303633E+017
2.199403E+017
2.26629E+017
2.148111E+017
2.154537E+017
2.111422E+017
2.06076E+017
1.961945E+017
1.946087E+017
1.928889E+017
1.858867E+017
1.698773E+017
1.627062E+017
1.568366E+017
1.569921E+017
1.518358E+017
1.4256E+017
1.249272E+017
1.322994E+017
1.162054E+017
1.127613E+017
1.096702E+017
9.458874E+016
8.846137E+016
8.323914E+016
7.114866E+016
6.369224E+016
5.677559E+016
5.202702E+016
4.058855E+016
3.540392E+016
2.366783E+016
1.41138E+016
1.276847E+016
2.165423E+016
3.424435E+016
3.858055E+016
5.317845E+016
5.969874E+016
6.494693E+016
8.275727E+016
9.143523E+016
9.0955E+016
9.768742E+016
1.10875E+017
1.152055E+017
1.204533E+017
1.243199E+017
1.366998E+017
1.393458E+017
1.515036E+017
1.546006E+017
1.632136E+017
1.651132E+017
1.696623E+017
1.795494E+017
1.847435E+017
1.902134E+017
2.081484E+017
2.035135E+017
1.992395E+017
2.051935E+017
2.064286E+017
2.036044E+017
2.204363E+017
2.295769E+017
2.191454E+017
2.20533E+017
2.309206E+017
2.339474E+017
2.368512E+017
2.31796E+017
2.27013E+017
2.271137E+017
2.288384E+017
2.319452E+017
2.212121E+017
2.260099E+017
2.217626E+017
2.184181E+017
2.205328E+017
2.207246E+017
2.237182E+017
2.060953E+017
2.170014E+017
2.100388E+017
1.941915E+017
1.964179E+017
1.867388E+017
1.891913E+017
1.803377E+017
1.696894E+017
1.60152E+017
1.566735E+017
1.562795E+017
1.527105E+017
1.447597E+017
1.352035E+017
1.308799E+017
1.134292E+017
1.104826E+017
1.016545E+017
9.602812E+016
9.068611E+016
8.697264E+016
7.038915E+016
6.421691E+016
5.729425E+016
4.960907E+016
4.07948E+016
3.202657E+016
2.234532E+016
1.308023E+016
1.538572E+016
2.346152E+016
3.268393E+016
4.052571E+016
5.254289E+016
5.822799E+016
6.814521E+016
7.343029E+016
8.645424E+016
9.333314E+016
9.940218E+016
1.090906E+017
1.123219E+017
1.170661E+017
1.263621E+017
1.351142E+017
1.356545E+017
1.468715E+017
1.518988E+017
1.597622E+017
1.604301E+017
1.660463E+017
1.733965E+017
1.87197E+017
1.902535E+017
1.998218E+017
2.030419E+017
2.068486E+017
2.058624E+017
2.08765E+017
2.112298E+017
2.212664E+017
2.211395E+017
2.231195E+017
2.215167E+017
2.177166E+017
2.200204E+017
2.341596E+017
2.304001E+017
2.228067E+017
2.294221E+017
2.280622E+017
2.236761E+017
2.248664E+017
2.249303E+017
2.186195E+017
2.179978E+017
2.160204E+017
2.116208E+017
2.129742E+017
2.080603E+017
2.056587E+017
1.987157E+017
1.994002E+017
1.859163E+017
1.822388E+017
1.792964E+017
1.739768E+017
1.606441E+017
1.625831E+017
1.571029E+017
1.552574E+017
1.448039E+017
1.427053E+017
1.3117E+017
1.253949E+017
1.167237E+017
1.098229E+017
1.013671E+017
9.644212E+016
8.823019E+016
8.127559E+016
7.999786E+016
6.445616E+016
5.937458E+016
5.290763E+016
4.220903E+016
2.840802E+016
2.09606E+016
1.372972E+016
1.467473E+016
2.334111E+016
3.432196E+016
3.761051E+016
4.956905E+016
5.602036E+016
7.022304E+016
7.47764E+016
8.71346E+016
9.402732E+016
9.624067E+016
1.002143E+017
1.127564E+017
1.18386E+017
1.229614E+017
1.301792E+017
1.379641E+017
1.488448E+017
1.508424E+017
1.552742E+017
1.650883E+017
1.571893E+017
1.643446E+017
1.844121E+017
1.827022E+017
1.954061E+017
2.004111E+017
1.953192E+017
2.059218E+017
1.961615E+017
2.028816E+017
2.179035E+017
2.122024E+017
2.127099E+017
2.125245E+017
2.095749E+017
2.185264E+017
2.100539E+017
2.136836E+017
2.194736E+017
2.197367E+017
2.235735E+017
2.143993E+017
2.211777E+017
2.249686E+017
2.235131E+017
2.122916E+017
2.113896E+017
2.115578E+017
2.082586E+017
1.991825E+017
2.030142E+017
1.938449E+017
1.933817E+017
1.8535E+017
1.79836E+017
1.730339E+017
1.717257E+017
1.652025E+017
1.555633E+017
1.587216E+017
1.542409E+017
1.465579E+017
1.43662E+017
1.245596E+017
1.199669E+017
1.157093E+017
1.086296E+017
9.805422E+016
9.751134E+016
8.654774E+016
8.285178E+016
7.771782E+016
6.623776E+016
5.380297E+016
4.977411E+016
4.034526E+016
3.373359E+016
2.23857E+016
1.224947E+016
1.419283E+016
2.362269E+016
3.019445E+016
3.519957E+016
4.668385E+016
5.558961E+016
6.221217E+016
7.534633E+016
7.647343E+016
8.581112E+016
9.032385E+016
1.023731E+017
1.102918E+017
1.140417E+017
1.217109E+017
1.348791E+017
1.389682E+017
1.434604E+017
1.537002E+017
1.533996E+017
1.588694E+017
1.649927E+017
1.740362E+017
1.74088E+017
1.822143E+017
1.827998E+017
1.836065E+017
1.947703E+017
1.969315E+017
1.996814E+017
1.984803E+017
2.151548E+017
2.041114E+017
2.05506E+017
2.062038E+017
2.04072E+017
2.081276E+017
2.079306E+017
2.101612E+017
2.16114E+017
2.199223E+017
2.202994E+017
2.207695E+017
2.137384E+017
2.164161E+017
2.111884E+017
2.102675E+017
2.07874E+017
2.003193E+017
1.988392E+017
2.02395E+017
1.944168E+017
1.916139E+017
1.863092E+017
1.782508E+017
1.740893E+017
1.754564E+017
1.660427E+017
1.583997E+017
1.623515E+017
1.533146E+017
1.501084E+017
1.438595E+017
1.309734E+017
1.218599E+017
1.19861E+017
1.144938E+017
1.032799E+017
9.479314E+016
8.789196E+016
8.462438E+016
7.597097E+016
7.055189E+016
6.304468E+016
5.593315E+016
4.51944E+016
4.135238E+016
3.026658E+016
1.93769E+016
1.256059E+016
1.212189E+016
2.131139E+016
3.261354E+016
4.032574E+016
4.520384E+016
5.231522E+016
5.986162E+016
7.30817E+016
7.987715E+016
8.869845E+016
9.065235E+016
1.016657E+017
1.058424E+017
1.194135E+017
1.138968E+017
1.270381E+017
1.37216E+017
1.400655E+017
1.491106E+017
1.576255E+017
1.594865E+017
1.656829E+017
1.66348E+017
1.698225E+017
1.780127E+017
1.796814E+017
1.870999E+017
1.807256E+017
1.890131E+017
1.921214E+017
1.943359E+017
1.987124E+017
1.977806E+017
2.016358E+017
2.083301E+017
2.048057E+017
2.028379E+017
2.060395E+017
2.110596E+017
2.11661E+017
2.158185E+017
2.089074E+017
2.048395E+017
1.99005E+017
2.036371E+017
2.04463E+017
2.11207E+017
2.02271E+017
1.932015E+017
1.93245E+017
1.858983E+017
1.89363E+017
1.847552E+017
1.796326E+017
1.742995E+017
1.719125E+017
1.691853E+017
1.593556E+017
1.591946E+017
1.52252E+017
1.57991E+017
1.406142E+017
1.380213E+017
1.321739E+017
1.275801E+017
1.147182E+017
1.131232E+017
1.038789E+017
9.203701E+016
8.780563E+016
8.295643E+016
7.919831E+016
6.93275E+016
6.282391E+016
5.225652E+016
4.44025E+016
3.817973E+016
2.860439E+016
2.194962E+016
1.197902E+016
1.178206E+016
2.238789E+016
2.8785E+016
3.841936E+016
4.384771E+016
5.120441E+016
5.92814E+016
6.659523E+016
7.357414E+016
7.838443E+016
8.616783E+016
9.864197E+016
1.125516E+017
1.124549E+017
1.210745E+017
1.179179E+017
1.261398E+017
1.372906E+017
1.363837E+017
1.390627E+017
1.465593E+017
1.51834E+017
1.593705E+017
1.719374E+017
1.729023E+017
1.713247E+017
1.759214E+017
1.810335E+017
1.857894E+017
1.872419E+017
2.028186E+017
1.909871E+017
1.976595E+017
1.982433E+017
1.884367E+017
2.073554E+017
2.042741E+017
2.004632E+017
1.970404E+017
1.973844E+017
2.057295E+017
1.995313E+017
2.029499E+017
2.025355E+017
2.054198E+017
2.069462E+017
1.991634E+017
2.026869E+017
1.915726E+017
1.893951E+017
1.846293E+017
1.841476E+017
1.813987E+017
1.754405E+017
1.675181E+017
1.630213E+017
1.655186E+017
1.669272E+017
1.576967E+017
1.412221E+017
1.448011E+017
1.340925E+017
1.246583E+017
1.244492E+017
1.279121E+017
1.141823E+017
1.05674E+017
1.039263E+017
9.508054E+016
8.66682E+016
7.845088E+016
7.342216E+016
7.12382E+016
5.861006E+016
5.067166E+016
4.172702E+016
3.498841E+016
2.978302E+016
2.018926E+016
1.309099E+016
1.434299E+016
2.099311E+016
2.692845E+016
3.722179E+016
4.53947E+016
5.190994E+016
6.100825E+016
6.709209E+016
7.119954E+016
7.980992E+016
8.935491E+016
9.184874E+016
1.020223E+017
1.072978E+017
1.15111E+017
1.20663E+017
1.289148E+017
1.332023E+017
1.326891E+017
1.347257E+017
1.453006E+017
1.474846E+017
1.694917E+017
1.618403E+017
1.701779E+017
1.716311E+017
1.808971E+017
1.756996E+017
1.819792E+017
1.809136E+017
1.827771E+017
1.84778E+017
1.892835E+017
1.848521E+017
1.843124E+017
1.890336E+017
1.939846E+017
1.950973E+017
1.960318E+017
1.93888E+017
1.969146E+017
1.92967E+017
1.986864E+017
2.004216E+017
1.971874E+017
1.993298E+017
1.920848E+017
1.876104E+017
1.820127E+017
1.801337E+017
1.738854E+017
1.787639E+017
1.758208E+017
1.669979E+017
1.760388E+017
1.655659E+017
1.625189E+017
1.579909E+017
1.50399E+017
1.424495E+017
1.401702E+017
1.375395E+017
1.289836E+017
1.259315E+017
1.136124E+017
1.12586E+017
1.084065E+017
9.982494E+016
9.089502E+016
8.488472E+016
7.705976E+016
7.18011E+016
6.516593E+016
5.536965E+016
4.623109E+016
3.960617E+016
3.535284E+016
2.851189E+016
2.009767E+016
1.193202E+016
1.339341E+016
1.967193E+016
2.907871E+016
3.641704E+016
4.48709E+016
4.923687E+016
5.353671E+016
5.918567E+016
7.308403E+016
7.680372E+016
8.370437E+016
9.22175E+016
9.598634E+016
1.060584E+017
1.120539E+017
1.147426E+017
1.229811E+017
1.318229E+017
1.313375E+017
1.332217E+017
1.451846E+017
1.487089E+017
1.540716E+017
1.567589E+017
1.619593E+017
1.653937E+017
1.670611E+017
1.737451E+017
1.678358E+017
1.839926E+017
1.76705E+017
1.769193E+017
1.845918E+017
1.821548E+017
1.805062E+017
1.852848E+017
1.906398E+017
1.862319E+017
1.926683E+017
1.875147E+017
1.934088E+017
1.88163E+017
1.945753E+017
1.966804E+017
1.874109E+017
1.964142E+017
1.880939E+017
1.837252E+017
1.864185E+017
1.784409E+017
1.740741E+017
1.733868E+017
1.710165E+017
1.650001E+017
1.629239E+017
1.570882E+017
1.564436E+017
1.5393E+017
1.453532E+017
1.415697E+017
1.371886E+017
1.312037E+017
1.239888E+017
1.166885E+017
1.131937E+017
1.047167E+017
1.046193E+017
9.471654E+016
9.223277E+016
8.001605E+016
8.019919E+016
7.448073E+016
6.894978E+016
5.532699E+016
4.764964E+016
3.874456E+016
3.1602E+016
2.47063E+016
1.741158E+016
1.381824E+016
1.114207E+016
2.088849E+016
3.078333E+016
3.48402E+016
4.088249E+016
4.905923E+016
5.166098E+016
5.71476E+016
7.090099E+016
7.413532E+016
8.540738E+016
8.745055E+016
9.361627E+016
1.074617E+017
1.077195E+017
1.101014E+017
1.247846E+017
1.262428E+017
1.315504E+017
1.336425E+017
1.407735E+017
1.411009E+017
1.49553E+017
1.553424E+017
1.571313E+017
1.61705E+017
1.693809E+017
1.763392E+017
1.766857E+017
1.745627E+017
1.716086E+017
1.730816E+017
1.66291E+017
1.739908E+017
1.732475E+017
1.794296E+017
1.807823E+017
1.845488E+017
1.84493E+017
1.783075E+017
1.838978E+017
1.856132E+017
1.876915E+017
1.849997E+017
1.842942E+017
1.867012E+017
1.807088E+017
1.87083E+017
1.81437E+017
1.76845E+017
1.726521E+017
1.742764E+017
1.6502E+017
1.586967E+017
1.569043E+017
1.506606E+017
1.540126E+017
1.501054E+017
1.401843E+017
1.348069E+017
1.294688E+017
1.259722E+017
1.143413E+017
1.128637E+017
1.107409E+017
1.034226E+017
9.463168E+016
9.423601E+016
8.587193E+016
7.857252E+016
7.971334E+016
7.248108E+016
6.408048E+016
5.571817E+016
4.383736E+016
3.567385E+016
3.103983E+016
2.84712E+016
1.784266E+016
1.146261E+016
1.183557E+016
1.699157E+016
2.864339E+016
3.53942E+016
4.211275E+016
4.913229E+016
4.903697E+016
5.901914E+016
6.470471E+016
7.268381E+016
8.096166E+016
8.522048E+016
8.804936E+016
9.393045E+016
1.02332E+017
1.067452E+017
1.141642E+017
1.205034E+017
1.294859E+017
1.307799E+017
1.38966E+017
1.301593E+017
1.456676E+017
1.441663E+017
1.534702E+017
1.552118E+017
1.620202E+017
1.638867E+017
1.645232E+017
1.67176E+017
1.698773E+017
1.563316E+017
1.627487E+017
1.67702E+017
1.714778E+017
1.734042E+017
1.748298E+017
1.793306E+017
1.762921E+017
1.78641E+017
1.738297E+017
1.874825E+017
1.669936E+017
1.884459E+017
1.778494E+017
1.781864E+017
1.784941E+017
1.793615E+017
1.790236E+017
1.746959E+017
1.678129E+017
1.661401E+017
1.652675E+017
1.531163E+017
1.462844E+017
1.463637E+017
1.488832E+017
1.403978E+017
1.387881E+017
1.332113E+017
1.278836E+017
1.229224E+017
1.185957E+017
1.148252E+017
1.034076E+017
9.964814E+016
9.596176E+016
8.989038E+016
8.75208E+016
7.738834E+016
7.117419E+016
6.627432E+016
6.222342E+016
5.430617E+016
4.342614E+016
3.521274E+016
3.334421E+016
2.58858E+016
1.634276E+016
9.519728E+015
1.02295E+016
1.768196E+016
2.454021E+016
3.166842E+016
3.91366E+016
4.246482E+016
4.786825E+016
5.440963E+016
6.483281E+016
6.962922E+016
8.246384E+016
8.49579E+016
8.73049E+016
8.854917E+016
9.709937E+016
9.798568E+016
1.059602E+017
1.079837E+017
1.164383E+017
1.205832E+017
1.210304E+017
1.349942E+017
1.34798E+017
1.437173E+017
1.483043E+017
1.524997E+017
1.545632E+017
1.558597E+017
1.513785E+017
1.638939E+017
1.665651E+017
1.57373E+017
1.629953E+017
1.644646E+017
1.589617E+017
1.630027E+017
1.684003E+017
1.726394E+017
1.732547E+017
1.728611E+017
1.846984E+017
1.783431E+017
1.75614E+017
1.752109E+017
1.675515E+017
1.695624E+017
1.690245E+017
1.631497E+017
1.765678E+017
1.690547E+017
1.597594E+017
1.537719E+017
1.542669E+017
1.476986E+017
1.479304E+017
1.511206E+017
1.422224E+017
1.36627E+017
1.239372E+017
1.215387E+017
1.24908E+017
1.229929E+017
1.154928E+017
1.103864E+017
1.046636E+017
9.944534E+016
9.421167E+016
8.509583E+016
8.277751E+016
7.147187E+016
6.547873E+016
6.15571E+016
5.594434E+016
4.80887E+016
4.278609E+016
3.680705E+016
3.131237E+016
2.367476E+016
1.810142E+016
8691089000000000
9.730834E+015
1.612839E+016
2.351951E+016
2.917059E+016
3.553547E+016
4.388973E+016
4.748345E+016
5.905728E+016
6.322479E+016
6.501811E+016
7.696632E+016
8.300296E+016
8.138494E+016
8.435211E+016
9.576032E+016
9.811642E+016
1.055623E+017
1.124107E+017
1.086264E+017
1.151054E+017
1.212118E+017
1.250207E+017
1.268754E+017
1.321952E+017
1.42182E+017
1.389172E+017
1.483956E+017
1.522571E+017
1.524997E+017
1.517853E+017
1.557883E+017
1.504719E+017
1.581403E+017
1.603137E+017
1.579992E+017
1.614913E+017
1.668669E+017
1.672811E+017
1.645393E+017
1.6719E+017
1.690447E+017
1.66457E+017
1.614032E+017
1.644846E+017
1.656456E+017
1.64905E+017
1.630863E+017
1.606142E+017
1.592985E+017
1.501107E+017
1.475489E+017
1.508733E+017
1.522671E+017
1.41142E+017
1.412622E+017
1.412439E+017
1.299775E+017
1.263438E+017
1.284034E+017
1.175304E+017
1.234362E+017
1.171369E+017
1.13589E+017
1.082601E+017
1.008759E+017
9.670014E+016
8.750148E+016
8.979236E+016
7.749303E+016
7.268294E+016
6.788788E+016
6.023522E+016
5.458474E+016
4.730433E+016
4.343151E+016
3.877944E+016
2.915924E+016
2.027228E+016
1.574635E+016
1.018385E+016
1.030879E+016
1.601817E+016
2.048941E+016
3.027922E+016
3.314615E+016
3.903496E+016
4.641436E+016
5.338535E+016
6.113076E+016
6.795742E+016
6.908322E+016
7.335258E+016
8.027504E+016
8.562905E+016
9.221357E+016
9.50583E+016
9.957518E+016
1.067114E+017
1.150543E+017
1.134322E+017
1.244895E+017
1.235975E+017
1.213122E+017
1.241068E+017
1.299338E+017
1.29149E+017
1.370024E+017
1.395946E+017
1.44153E+017
1.43466E+017
1.378103E+017
1.512108E+017
1.492918E+017
1.47525E+017
1.525636E+017
1.527989E+017
1.564284E+017
1.564789E+017
1.601642E+017
1.652663E+017
1.594338E+017
1.614114E+017
1.530162E+017
1.525784E+017
1.580393E+017
1.490927E+017
1.514749E+017
1.466084E+017
1.469795E+017
1.505964E+017
1.472594E+017
1.462119E+017
1.373884E+017
1.361275E+017
1.360127E+017
1.264303E+017
1.31875E+017
1.190177E+017
1.226985E+017
1.182411E+017
1.094824E+017
1.132762E+017
1.02869E+017
9.927565E+016
9.144051E+016
9.454687E+016
8.525218E+016
7.468082E+016
7.197521E+016
6.474543E+016
6.698033E+016
5.845378E+016
5.247909E+016
4.734385E+016
4.199365E+016
4.070754E+016
2.631272E+016
2.125214E+016
1.645529E+016
9.448447E+015
9.819205E+015
1.443117E+016
2.14306E+016
2.780135E+016
3.557648E+016
4.238022E+016
4.522599E+016
5.031144E+016
5.662616E+016
6.327643E+016
6.48508E+016
6.883842E+016
7.452869E+016
8.453726E+016
8.881625E+016
8.980479E+016
9.742486E+016
1.0341E+017
1.092731E+017
1.082773E+017
1.139486E+017
1.14732E+017
1.179643E+017
1.230898E+017
1.234221E+017
1.265998E+017
1.314745E+017
1.352543E+017
1.338474E+017
1.324024E+017
1.371548E+017
1.40631E+017
1.420583E+017
1.458224E+017
1.427221E+017
1.522786E+017
1.506976E+017
1.475644E+017
1.508235E+017
1.46011E+017
1.486282E+017
1.493202E+017
1.519844E+017
1.431956E+017
1.501381E+017
1.434578E+017
1.461816E+017
1.491228E+017
1.430363E+017
1.408838E+017
1.439773E+017
1.363432E+017
1.344893E+017
1.375434E+017
1.321034E+017
1.245215E+017
1.259759E+017
1.196601E+017
1.190671E+017
1.103286E+017
1.080702E+017
1.071079E+017
1.041364E+017
9.695573E+016
8.885276E+016
9.069243E+016
8.449972E+016
7.751219E+016
7.463851E+016
7.051787E+016
6.233987E+016
5.6627E+016
4.921567E+016
5.009387E+016
4.22223E+016
3.401542E+016
2.402734E+016
1.984809E+016
1.497931E+016
8868404000000000
8599531000000000
1.671174E+016
2.283903E+016
2.706842E+016
3.403676E+016
4.170429E+016
4.782225E+016
4.853843E+016
5.538685E+016
5.81149E+016
6.821785E+016
6.906639E+016
7.703596E+016
8.285105E+016
8.105593E+016
8.36001E+016
9.687882E+016
1.010517E+017
1.013893E+017
1.01271E+017
1.05304E+017
1.0705E+017
1.190275E+017
1.193219E+017
1.187687E+017
1.183765E+017
1.242729E+017
1.252964E+017
1.241427E+017
1.274456E+017
1.306772E+017
1.309236E+017
1.364365E+017
1.404516E+017
1.43178E+017
1.353906E+017
1.395515E+017
1.415296E+017
1.486384E+017
1.436036E+017
1.41869E+017
1.358822E+017
1.410953E+017
1.375455E+017
1.394426E+017
1.354922E+017
1.447764E+017
1.398426E+017
1.339522E+017
1.279201E+017
1.331825E+017
1.277812E+017
1.254712E+017
1.300267E+017
1.224761E+017
1.174784E+017
1.186012E+017
1.132743E+017
1.174357E+017
1.071432E+017
1.047718E+017
9.846101E+016
9.416236E+016
9.1197E+016
8.100559E+016
8.313635E+016
8.030747E+016
7.853621E+016
6.893303E+016
6.57581E+016
5.844085E+016
5.171084E+016
4.622832E+016
4.562418E+016
3.806805E+016
3.506607E+016
2.447656E+016
1.77066E+016
1.44625E+016
9.032783E+015
7441486000000000
1.52598E+016
2.004545E+016
2.472128E+016
2.929127E+016
3.657968E+016
4.497365E+016
5.184393E+016
5.009015E+016
5.465874E+016
6.13505E+016
6.739532E+016
7.089539E+016
7.449298E+016
7.869596E+016
8.545219E+016
9.121253E+016
9.056983E+016
9.050132E+016
9.76754E+016
9.920005E+016
1.062736E+017
1.13775E+017
1.127507E+017
1.124768E+017
1.184687E+017
1.22549E+017
1.183062E+017
1.241993E+017
1.150478E+017
1.231408E+017
1.230879E+017
1.306482E+017
1.297031E+017
1.35827E+017
1.328662E+017
1.30323E+017
1.295785E+017
1.305344E+017
1.349973E+017
1.33211E+017
1.328123E+017
1.331104E+017
1.308309E+017
1.296566E+017
1.279925E+017
1.378927E+017
1.395862E+017
1.266784E+017
1.263389E+017
1.2232E+017
1.235825E+017
1.193824E+017
1.214701E+017
1.187964E+017
1.097518E+017
1.10643E+017
1.096563E+017
1.031073E+017
1.043056E+017
1.030102E+017
9.04252E+016
9.163651E+016
8.773894E+016
7.697396E+016
8.051648E+016
7.854782E+016
7.444909E+016
6.758492E+016
5.899251E+016
5.941785E+016
5.207265E+016
4.470373E+016
4.041285E+016
3.478875E+016
3.118303E+016
2.476588E+016
1.891627E+016
1.569047E+016
8666861000000000
7491893000000000
1.331823E+016
1.826634E+016
2.404437E+016
3.297048E+016
3.465681E+016
3.957945E+016
4.064022E+016
4.782544E+016
4.956909E+016
5.600112E+016
6.296626E+016
6.462982E+016
6.865413E+016
7.362825E+016
7.68445E+016
8.261656E+016
8.11374E+016
8.585949E+016
9.432001E+016
9.366794E+016
9.625511E+016
1.005812E+017
1.114199E+017
1.087216E+017
1.097818E+017
1.117482E+017
1.089208E+017
1.113614E+017
1.152792E+017
1.183578E+017
1.189389E+017
1.215539E+017
1.238628E+017
1.173059E+017
1.234575E+017
1.294138E+017
1.238189E+017
1.24957E+017
1.265118E+017
1.264322E+017
1.251253E+017
1.246308E+017
1.245609E+017
1.225184E+017
1.282899E+017
1.249039E+017
1.296232E+017
1.163925E+017
1.179813E+017
1.16581E+017
1.209926E+017
1.116577E+017
1.086019E+017
1.100205E+017
1.093376E+017
1.09242E+017
1.069203E+017
9.924108E+016
9.26623E+016
9.223522E+016
8.628768E+016
8.327509E+016
7.971431E+016
8.303606E+016
7.534962E+016
7.271709E+016
6.525249E+016
6.072927E+016
5.512692E+016
5.244548E+016
4.544442E+016
3.788031E+016
3.769321E+016
3.607988E+016
2.923355E+016
1.994803E+016
1.760159E+016
1.168941E+016
8180256999999999
6923859999999999
1.151647E+016
1.767534E+016
2.307406E+016
2.421433E+016
3.233161E+016
3.869313E+016
4.153738E+016
4.617009E+016
4.774454E+016
5.405523E+016
5.392506E+016
5.763625E+016
6.204774E+016
7.233036E+016
7.2454E+016
7.371365E+016
7.707982E+016
8.217204E+016
8.639384E+016
8.6343E+016
8.88983E+016
9.463442E+016
9.789958E+016
9.242492E+016
9.485873E+016
9.935381E+016
9.863466E+016
1.075899E+017
1.086369E+017
1.027812E+017
1.074646E+017
1.094352E+017
1.106865E+017
1.161396E+017
1.133911E+017
1.15456E+017
1.15936E+017
1.192942E+017
1.171519E+017
1.180239E+017
1.217478E+017
1.12412E+017
1.170113E+017
1.144523E+017
1.124507E+017
1.133761E+017
1.052698E+017
1.090946E+017
1.076817E+017
1.101714E+017
1.096774E+017
1.075706E+017
1.013712E+017
1.041831E+017
9.974815E+016
1.00611E+017
9.735934E+016
9.775885E+016
8.968201E+016
8.790129E+016
7.887682E+016
7.8659E+016
7.184539E+016
7.637372E+016
6.926102E+016
6.148585E+016
6.111029E+016
5.912241E+016
5.348418E+016
4.771027E+016
4.461334E+016
3.563048E+016
3.338351E+016
2.962827E+016
2.486859E+016
2.319076E+016
1.549321E+016
1.187592E+016
7539238000000000
7138216000000000
1.217697E+016
1.533882E+016
1.811004E+016
2.3696E+016
2.901388E+016
3.28827E+016
3.866221E+016
4.250039E+016
5.206459E+016
4.853791E+016
4.977986E+016
5.856718E+016
6.273983E+016
6.484332E+016
6.84413E+016
6.961685E+016
7.461834E+016
7.441114E+016
7.209727E+016
7.379292E+016
8.711709E+016
9.528119E+016
9.269203E+016
8.90018E+016
9.423452E+016
9.477528E+016
9.205999E+016
9.623637E+016
1.008243E+017
9.762925E+016
1.030058E+017
1.015727E+017
1.039291E+017
1.015846E+017
1.022035E+017
1.031273E+017
1.032549E+017
1.090598E+017
1.099721E+017
1.11781E+017
1.100813E+017
1.059928E+017
1.089797E+017
1.113551E+017
1.051172E+017
1.046921E+017
9.966114E+016
1.052569E+017
1.078844E+017
1.014135E+017
9.734892E+016
1.011814E+017
9.983952E+016
9.880989E+016
9.553906E+016
8.993476E+016
9.103159E+016
8.568334E+016
8.159796E+016
7.921009E+016
7.613256E+016
7.056418E+016
7.169101E+016
7.278654E+016
6.6454E+016
6.043536E+016
5.618662E+016
5.196224E+016
5.067076E+016
4.747955E+016
4.157174E+016
3.534634E+016
3.339888E+016
2.825147E+016
2.242113E+016
2.101841E+016
1.559402E+016
1.18628E+016
7123207000000000
6097151000000000
1.030403E+016
1.36114E+016
1.775129E+016
2.320579E+016
2.655705E+016
3.16976E+016
3.486801E+016
3.700626E+016
4.440237E+016
4.545543E+016
4.697442E+016
5.182157E+016
5.154624E+016
5.790156E+016
6.219408E+016
6.734564E+016
6.765817E+016
6.813696E+016
6.991641E+016
7.277375E+016
7.623648E+016
7.985251E+016
8.320726E+016
8.255616E+016
8.396286E+016
8.790333E+016
9.393176E+016
8.798562E+016
9.516873E+016
9.798586E+016
9.496565E+016
9.135865E+016
9.399343E+016
9.402254E+016
1.019896E+017
9.69512E+016
9.644349E+016
1.007133E+017
9.549164E+016
9.633038E+016
9.95729E+016
1.027416E+017
1.003118E+017
9.976663E+016
9.726192E+016
9.438225E+016
9.821261E+016
9.294758E+016
9.106037E+016
9.591889E+016
9.649657E+016
8.873297E+016
8.793645E+016
9.370906E+016
8.801417E+016
8.564562E+016
8.051363E+016
8.313242E+016
8.19639E+016
7.442657E+016
6.994418E+016
7.007383E+016
6.615108E+016
5.985031E+016
5.368425E+016
5.581015E+016
5.629323E+016
5.277527E+016
4.486479E+016
4.410845E+016
4.056199E+016
3.474133E+016
2.874666E+016
2.822965E+016
2.15111E+016
1.956841E+016
1.504544E+016
1.051933E+016
6872284000000000
5454838000000000
8595764000000000
1.340435E+016
1.848312E+016
2.037013E+016
2.352293E+016
2.890287E+016
3.202851E+016
3.715937E+016
3.831847E+016
4.18775E+016
4.650739E+016
4.755702E+016
4.816999E+016
5.557906E+016
5.616917E+016
5.969523E+016
6.179647E+016
6.417168E+016
6.358598E+016
6.472611E+016
7.276728E+016
6.938676E+016
7.689174E+016
7.950778E+016
7.88098E+016
7.603664E+016
8.119551E+016
8.554773E+016
8.366018E+016
8.616393E+016
8.430723E+016
9.104151E+016
7.89878E+016
8.812484E+016
8.889095E+016
8.810653E+016
8.879428E+016
8.651692E+016
8.745064E+016
8.973435E+016
8.665036E+016
9.013174E+016
9.037118E+016
8.780826E+016
9.126017E+016
8.558848E+016
8.501558E+016
8.725462E+016
8.632685E+016
8.502375E+016
8.456684E+016
8.290551E+016
8.199378E+016
8.424915E+016
7.463322E+016
7.785085E+016
7.588214E+016
7.250493E+016
6.9003E+016
7.140357E+016
6.714112E+016
5.700885E+016
5.634866E+016
5.559129E+016
5.206743E+016
5.042076E+016
4.240944E+016
4.646519E+016
4.151644E+016
3.959723E+016
3.355867E+016
3.246365E+016
2.553946E+016
2.428349E+016
2.096343E+016
1.967589E+016
1.352556E+016
9.245405E+015
6069395000000000
5248424000000000
8858416000000000
9.925313E+015
1.439974E+016
1.597053E+016
2.177624E+016
2.302022E+016
2.927272E+016
3.007652E+016
3.506853E+016
3.600529E+016
3.883796E+016
4.555754E+016
4.997794E+016
4.762403E+016
4.990643E+016
5.196473E+016
5.642586E+016
5.590951E+016
5.892382E+016
6.090679E+016
6.429148E+016
6.576511E+016
7.252677E+016
7.466886E+016
6.693652E+016
6.777768E+016
7.502488E+016
7.121519E+016
7.69619E+016
7.271493E+016
7.823108E+016
7.765332E+016
7.82143E+016
7.781299E+016
7.968303E+016
8.059953E+016
8.039594E+016
8.198058E+016
7.965345E+016
8.211402E+016
8.193066E+016
8.11483E+016
8.330814E+016
7.880056E+016
8.410678E+016
7.593772E+016
7.533086E+016
7.639724E+016
7.433278E+016
7.694841E+016
7.827765E+016
7.820673E+016
7.124164E+016
6.840202E+016
7.219929E+016
7.438939E+016
7.193941E+016
6.817952E+016
6.467745E+016
6.382429E+016
5.637578E+016
5.768212E+016
5.403133E+016
5.233645E+016
4.911427E+016
4.368837E+016
4.182678E+016
3.753498E+016
3.507272E+016
3.546141E+016
3.011374E+016
2.815914E+016
2.36016E+016
1.818616E+016
1.601089E+016
1.433012E+016
1.375632E+016
8568159000000000
6267009000000000
4350991000000000
7528944000000000
1.05253E+016
1.211298E+016
1.625181E+016
2.117729E+016
2.082451E+016
2.423267E+016
2.5117E+016
3.103327E+016
3.147021E+016
3.463002E+016
3.657829E+016
4.564691E+016
4.702044E+016
4.106526E+016
4.337786E+016
5.276838E+016
5.302115E+016
5.547869E+016
5.215828E+016
5.430025E+016
5.586606E+016
6.024635E+016
5.804067E+016
6.016753E+016
6.048191E+016
6.208195E+016
6.629293E+016
6.394155E+016
6.55768E+016
6.873616E+016
7.29291E+016
7.247847E+016
7.295191E+016
6.714806E+016
7.114654E+016
7.279268E+016
7.461114E+016
7.463113E+016
7.329537E+016
7.811865E+016
7.746443E+016
7.256068E+016
7.443504E+016
6.945802E+016
6.887324E+016
7.342597E+016
7.000195E+016
6.788943E+016
7.022079E+016
6.719283E+016
6.54018E+016
6.655989E+016
5.821835E+016
6.249111E+016
6.646534E+016
6.173494E+016
5.852159E+016
5.729674E+016
5.064006E+016
5.045435E+016
4.87066E+016
4.323469E+016
4.296453E+016
4.458234E+016
4.080893E+016
3.983692E+016
3.54669E+016
3.032914E+016
3.206339E+016
2.971661E+016
2.610978E+016
2.122671E+016
1.912417E+016
1.532734E+016
1.334323E+016
1.009157E+016
7134715000000000
3929593000000000
4357650000000000
6509479000000000
8408457000000000
9.601107E+015
1.299785E+016
1.568879E+016
1.832748E+016
2.183879E+016
2.385455E+016
2.375454E+016
2.809666E+016
3.062576E+016
3.033931E+016
3.421148E+016
3.685208E+016
3.840458E+016
3.936631E+016
4.253107E+016
4.326117E+016
4.542031E+016
4.49739E+016
5.051973E+016
5.222169E+016
5.166053E+016
5.259972E+016
5.070478E+016
5.48259E+016
5.822044E+016
5.330382E+016
5.755086E+016
5.757171E+016
5.726834E+016
6.383994E+016
6.095435E+016
6.151086E+016
6.219973E+016
6.418777E+016
6.188198E+016
6.646769E+016
6.501993E+016
6.899515E+016
6.758912E+016
6.141809E+016
5.911842E+016
6.424772E+016
6.260593E+016
5.738832E+016
6.282263E+016
6.76782E+016
6.396217E+016
6.265119E+016
5.915881E+016
5.848465E+016
5.766461E+016
5.626421E+016
5.880759E+016
5.635422E+016
5.66491E+016
4.975858E+016
4.91334E+016
5.191066E+016
4.137341E+016
4.316221E+016
4.036197E+016
3.713094E+016
3.869719E+016
3.516779E+016
3.378982E+016
2.92668E+016
2.901176E+016
2.72462E+016
2.575181E+016
2.151971E+016
1.654888E+016
1.680512E+016
1.48514E+016
1.146698E+016
9.178759E+015
5270550000000000
3967885000000000
3074020000000000
4776134000000000
7631924000000000
7097768000000000
9.958072E+015
1.338354E+016
1.362498E+016
1.841059E+016
1.953501E+016
2.165651E+016
2.301563E+016
2.807712E+016
2.588035E+016
2.927772E+016
2.941643E+016
2.889005E+016
3.500897E+016
3.713002E+016
4.032493E+016
3.911086E+016
4.113577E+016
4.367591E+016
3.875348E+016
4.503104E+016
4.206606E+016
4.431149E+016
4.814356E+016
4.638297E+016
4.876981E+016
5.295933E+016
5.356772E+016
5.218172E+016
5.53438E+016
5.517661E+016
5.339671E+016
5.259294E+016
4.932086E+016
5.236893E+016
5.430703E+016
5.790697E+016
6.438791E+016
5.57698E+016
5.411178E+016
5.34549E+016
5.233509E+016
5.090357E+016
4.982587E+016
5.754524E+016
5.353922E+016
5.47125E+016
4.971664E+016
5.234203E+016
5.412815E+016
4.482279E+016
4.672103E+016
4.57538E+016
4.211884E+016
4.303167E+016
4.563174E+016
4.334709E+016
3.792396E+016
4.096947E+016
3.945881E+016
3.552892E+016
3.455606E+016
3.441723E+016
3.224896E+016
2.903312E+016
2.78882E+016
2.442153E+016
2.133836E+016
2.073363E+016
1.804503E+016
1.540542E+016
1.680183E+016
1.261113E+016
9.394336E+015
8924910000000000
6532699000000000
3049640000000000
2275687000000000
5032482000000000
5428606000000000
8172817999999999
8734852000000000
1.116723E+016
1.286485E+016
1.402612E+016
1.703277E+016
1.704685E+016
1.923879E+016
2.35676E+016
2.455088E+016
2.510314E+016
2.422607E+016
2.849615E+016
3.418243E+016
3.288762E+016
2.907406E+016
3.226518E+016
3.642171E+016
3.533732E+016
3.550926E+016
3.659368E+016
3.763804E+016
3.662028E+016
3.773033E+016
3.883291E+016
3.866025E+016
4.167319E+016
4.170443E+016
4.282992E+016
4.273102E+016
4.698415E+016
4.375819E+016
4.659904E+016
4.456418E+016
4.124776E+016
4.395724E+016
4.609079E+016
4.907686E+016
4.435307E+016
4.576166E+016
4.391382E+016
4.980519E+016
4.687472E+016
4.237652E+016
4.646229E+016
4.61003E+016
4.421729E+016
4.224002E+016
3.902419E+016
4.291318E+016
3.922897E+016
3.979427E+016
3.997293E+016
3.856163E+016
3.60257E+016
3.923349E+016
3.283044E+016
3.108639E+016
2.910877E+016
3.042985E+016
2.906292E+016
2.922008E+016
2.410613E+016
2.695231E+016
2.529976E+016
2.475995E+016
1.943415E+016
1.799562E+016
1.75376E+016
1.454556E+016
1.400257E+016
1.452478E+016
9.588092E+015
9.370019E+015
6089865000000000
4491483000000000
3743940000000000
1673373000000000
4306609000000000
4764133000000000
7409397000000000
7826025000000000
8581595000000000
9.348952E+015
1.218614E+016
1.344206E+016
1.493691E+016
1.49857E+016
1.686089E+016
1.763929E+016
2.109403E+016
2.158568E+016
2.626194E+016
2.621975E+016
2.556654E+016
2.433443E+016
3.177841E+016
2.797956E+016
2.880341E+016
2.942458E+016
2.702893E+016
2.922407E+016
3.070039E+016
2.820536E+016
3.234929E+016
3.221741E+016
3.437876E+016
3.368273E+016
3.715853E+016
3.275414E+016
3.926921E+016
3.706034E+016
3.215391E+016
3.34194E+016
3.448519E+016
3.192111E+016
3.667814E+016
3.529748E+016
3.471313E+016
3.796993E+016
3.564668E+016
3.360771E+016
3.599063E+016
3.47731E+016
3.4806E+016
3.721932E+016
3.463642E+016
3.059606E+016
3.180788E+016
3.161267E+016
3.202466E+016
3.429095E+016
3.142398E+016
3.012858E+016
3.04381E+016
3.089599E+016
2.734417E+016
2.488219E+016
2.531312E+016
2.178349E+016
2.276486E+016
2.166559E+016
2.199429E+016
1.976523E+016
1.865887E+016
2.008651E+016
1.809229E+016
1.609956E+016
1.393388E+016
1.252851E+016
1.162819E+016
9.799138E+015
8537615000000001
6870589000000000
4999261000000000
2684948000000000
2851601000000000
1324747000000000
2889381000000000
2907968000000000
3843135000000000
5560998000000000
7399164000000000
6844540000000000
7993050999999999
9.154555E+015
8745056000000000
1.234972E+016
1.135965E+016
1.47979E+016
1.436461E+016
1.531224E+016
1.551035E+016
1.691958E+016
1.776442E+016
1.680608E+016
1.931538E+016
2.019868E+016
2.160745E+016
2.009866E+016
2.136672E+016
2.284178E+016
2.273527E+016
2.20125E+016
2.279035E+016
2.555987E+016
2.504233E+016
2.565847E+016
2.573203E+016
2.523707E+016
2.541455E+016
2.579646E+016
2.508679E+016
2.403703E+016
2.763723E+016
2.469893E+016
2.598067E+016
2.535588E+016
2.542015E+016
2.73724E+016
2.466491E+016
2.697801E+016
2.401564E+016
2.452953E+016
2.583262E+016
2.41954E+016
2.522914E+016
2.310061E+016
2.244745E+016
1.988084E+016
2.249504E+016
2.080785E+016
1.794498E+016
2.288878E+016
2.195373E+016
2.097062E+016
2.296502E+016
2.048815E+016
1.887918E+016
1.627557E+016
1.698129E+016
1.87867E+016
1.47758E+016
1.350226E+016
1.530116E+016
1.450057E+016
1.244054E+016
9.803808E+015
1.082197E+016
9.497951E+015
7611541000000000
7167576000000000
7579077000000000
5446410000000000
3723510000000000
2.967382E+015
1964747000000000
922980800000000
1573207000000000
1490701000000000
3223437000000000
3998602000000000
3530912000000000
3760802000000000
5009787000000000
5846734000000000
5026279000000000
6044654000000000
5830931000000000
8285589999999999
8686336000000000
9.240375E+015
8157337999999999
1.068345E+016
1.086325E+016
1.095914E+016
1.150443E+016
1.109827E+016
1.050563E+016
1.317922E+016
1.317758E+016
1.531579E+016
1.225967E+016
1.304548E+016
1.464977E+016
1.362561E+016
1.661923E+016
1.625239E+016
1.630062E+016
1.44798E+016
1.44902E+016
1.496544E+016
1.250328E+016
1.579631E+016
1.426447E+016
1.480894E+016
1.53661E+016
1.646935E+016
1.58699E+016
1.832293E+016
1.440475E+016
1.331338E+016
1.765904E+016
1.557485E+016
1.381571E+016
1.385624E+016
1.362896E+016
1.590644E+016
1.614743E+016
1.448247E+016
1.319378E+016
1.294759E+016
1.20889E+016
1.390172E+016
1.236741E+016
1.318048E+016
1.219016E+016
1.349183E+016
1.000467E+016
1.106762E+016
9.317028E+015
8940836000000000
9.66567E+015
8586909000000000
1.071279E+016
7453040000000000
7965306000000000
5871363000000000
7901626999999999
5406772000000000
3549976000000000
3727235000000000
4.28778E+015
2048283000000000
1889276000000000
1974396000000000
1223862000000000
); 
boundaryField
{
    movingWall
    {
        type           fixedValue; //fixedGradient;//fixedValue;
        //gradient        uniform 0; 

        value           uniform 0;
        
    }
   
  

    fixedWalls
    {
        type            fixedValue;
       value       uniform 0; 
    }

    frontAndBack
    {
        type            empty;
    }

}
