/*--------------------------------*- C++ -*----------------------------------*\
| =========                 |                                                 |
| \\      /  F ield         | OpenFOAM: The Open Source CFD Toolbox           |
|  \\    /   O peration     | Version:  v1806                                 |
|   \\  /    A nd           | Web:      www.OpenFOAM.com                      |
|    \\/     M anipulation  |                                                 |
\*---------------------------------------------------------------------------*/
FoamFile
{
    version     2.0;
    format      ascii;
    class       volScalarField;
    object      dnp7;
}
// * * * * * * * * * * * * * * * * * * * * * * * * * * * * * * * * * * * * * //

dimensions      [0 -3 0 0 0 0 0];

internalField   nonuniform List<scalar> 
6400
(
435503400000000
649980900000000
1026125000000000
1435943000000000
1486546000000000
1461288000000000
1795054000000000
2340177000000000
2609668000000000
2447276000000000
2.053832E+015
2795196000000000
3077663000000000
3004106000000000
2975321000000000
4442551000000000
4.110973E+015
3710291000000000
3452087000000000
4408781000000000
4535280000000000
5189811000000000
4855068000000000
4939691000000000
4996100999999999
5384725000000000
5337943000000000
6396363000000000
5851847000000000
5616043000000000
5618568000000000
6189205000000000
5662575000000000
5875216000000000
6347615000000000
5931742000000000
5638134000000000
5197927000000000
5918611000000000
5939630000000000
5303829000000000
5620728000000000
5562830000000000
6165571000000000
6101223000000000
5497850000000000
5925897000000000
5753018000000000
5609559000000000
6297165000000000
5728298000000000
6175009000000000
5681185000000000
5137780000000000
4597615000000000
4.2918E+015
4374767000000000
4005218000000000
4665671000000000
4308036000000000
4.261848E+015
4309424000000000
4094233000000000
3861307000000000
3.856552E+015
3260357000000000
2929444000000000
3441636000000000
2475450000000000
2357728000000000
2124184000000000
2263789000000000
1997401000000000
2078725000000000
1806706000000000
1615540000000000
1122740000000000
738894300000000
680358800000000
306356900000000
772856800000000
1251121000000000
1255118000000000
1813451000000000
2457760000000000
2480390000000000
2932517000000000
3709589000000000
4293280000000000
4.203822E+015
4471562000000000
4734234000000000
5803439000000000
5060563000000000
5631244000000000
6580956000000000
6748296000000000
6854787000000000
6993501000000000
7579197000000000
7756851000000000
8837593000000000
8257642000000001
7484517000000000
7661464000000000
7519094000000000
8658637000000000
9.201914E+015
9004570000000000
9.016257E+015
9.371674E+015
9.380951E+015
1.01501E+016
8940625000000000
1.015588E+016
9.19893E+015
8793908000000000
8821606000000000
9.070383E+015
1.000629E+016
1.123228E+016
9.67642E+015
9007113000000000
9.867953E+015
9.478146E+015
9.911049E+015
1.101596E+016
1.067042E+016
9.598158E+015
9.528244E+015
1.021673E+016
9.556424E+015
8553692999999999
8906062000000000
8482690000000000
8810595000000000
7297647000000000
7633394000000000
7026607000000000
7466690000000000
6841825000000000
7204757000000000
6477077000000000
6820654000000000
7013911000000000
5194398000000000
5783582000000000
6101160000000000
5224241000000000
4392933000000000
4148828000000000
3.624013E+015
4.21632E+015
2798494000000000
2888916000000000
2175582000000000
2.025177E+015
1732202000000000
1122701000000000
731125900000000
790482100000000
1532162000000000
2446400000000000
2526640000000000
3875791000000000
4.000029E+015
4081504000000000
4967236000000000
5400267000000000
6326200000000000
6252524000000000
7219748000000000
6475367000000000
7880656000000000
7628332000000000
6872816000000000
7302792000000000
8770062000000000
9.786919E+015
8766080000000000
1.033923E+016
1.114101E+016
1.068005E+016
1.21735E+016
1.147711E+016
1.098E+016
1.139165E+016
1.175811E+016
1.084007E+016
1.262884E+016
1.186089E+016
1.268578E+016
1.252189E+016
1.322863E+016
1.326976E+016
1.38211E+016
1.268171E+016
1.269071E+016
1.339347E+016
1.394027E+016
1.348279E+016
1.295912E+016
1.454388E+016
1.395627E+016
1.396917E+016
1.371419E+016
1.410284E+016
1.355663E+016
1.303851E+016
1.361379E+016
1.26498E+016
1.209237E+016
1.305131E+016
1.236814E+016
1.143801E+016
1.143331E+016
1.163198E+016
1.005699E+016
8997704000000000
9.5947E+015
1.008184E+016
1.003609E+016
1.088106E+016
9.642834E+015
8924193000000000
9.110235E+015
7635961000000000
6849692000000000
6911973000000000
6011519000000000
5543604000000000
5679557000000000
5136675000000000
4596211999999999
3764185000000000
2675198000000000
2225454000000000
1816419000000000
1395387000000000
842371500000000
1037544000000000
2064050000000000
2763588000000000
3833460000000000
4208348000000000
4637728000000000
5741564000000000
6796741000000000
7750070000000000
7773135000000000
7914351000000000
7837517000000000
7818211000000000
9.436537E+015
9.370671E+015
1.041689E+016
1.039222E+016
1.096782E+016
1.17118E+016
1.363469E+016
1.367802E+016
1.504107E+016
1.449331E+016
1.41827E+016
1.496467E+016
1.518121E+016
1.504893E+016
1.618778E+016
1.588741E+016
1.583064E+016
1.544005E+016
1.571328E+016
1.592721E+016
1.606203E+016
1.759484E+016
1.672629E+016
1.60891E+016
1.731082E+016
1.817614E+016
1.710247E+016
1.813497E+016
1.753901E+016
1.712654E+016
1.838592E+016
1.762234E+016
1.793007E+016
1.638303E+016
1.778406E+016
1.686675E+016
1.71111E+016
1.500001E+016
1.677857E+016
1.647059E+016
1.497362E+016
1.446371E+016
1.412632E+016
1.239665E+016
1.386824E+016
1.343476E+016
1.191237E+016
1.107131E+016
1.180158E+016
1.165769E+016
1.172988E+016
1.076612E+016
1.087802E+016
9.331854E+015
8596366000000000
7425037000000000
6563181000000000
7607500000000000
6425233000000000
5784943000000000
5281037000000000
3999135000000000
3642194000000000
3403086000000000
2588076000000000
1.953016E+015
1046888000000000
1108838000000000
1961268000000000
3758067000000000
4403202000000000
4708434000000000
4899887000000000
6991523000000000
6395285000000000
7605036000000000
8492882000000000
9.675616E+015
9.114886E+015
1.129683E+016
1.155281E+016
1.223356E+016
1.279354E+016
1.362506E+016
1.354559E+016
1.507107E+016
1.517682E+016
1.643643E+016
1.652159E+016
1.7541E+016
1.80802E+016
1.654268E+016
1.897897E+016
1.852661E+016
1.940831E+016
1.784919E+016
1.901537E+016
1.994162E+016
1.96953E+016
2.114661E+016
1.993281E+016
2.081083E+016
2.112859E+016
2.058752E+016
2.160648E+016
2.146549E+016
2.256753E+016
1.960527E+016
2.002571E+016
2.019436E+016
2.031993E+016
2.139593E+016
2.064111E+016
2.028709E+016
2.033751E+016
2.084235E+016
2.042016E+016
2.04431E+016
1.819435E+016
1.774655E+016
1.769938E+016
1.834952E+016
1.690217E+016
1.600463E+016
1.599238E+016
1.569096E+016
1.658693E+016
1.299754E+016
1.388062E+016
1.442813E+016
1.384271E+016
1.334102E+016
1.206283E+016
1.08373E+016
1.032931E+016
8853603000000000
8110795000000000
7493852000000000
8238512999999999
6781803000000000
6166424000000000
6220511000000000
4.015407E+015
4.020711E+015
2738260000000000
2182578000000000
1747935000000000
1310556000000000
2559062000000000
2696320000000000
4526910000000000
5170887000000000
5693702000000000
7485113000000000
7616921000000000
9.713291E+015
1.238511E+016
1.210772E+016
1.251491E+016
1.348696E+016
1.414167E+016
1.477458E+016
1.526706E+016
1.589097E+016
1.763655E+016
1.724674E+016
1.88361E+016
1.91638E+016
1.95988E+016
1.916034E+016
2.131523E+016
1.916597E+016
2.021203E+016
2.235772E+016
2.19138E+016
2.308499E+016
2.348157E+016
2.24684E+016
2.385229E+016
2.288636E+016
2.446818E+016
2.440832E+016
2.495397E+016
2.590185E+016
2.506458E+016
2.452218E+016
2.425475E+016
2.408894E+016
2.449914E+016
2.55866E+016
2.336836E+016
2.582975E+016
2.435552E+016
2.49092E+016
2.577523E+016
2.474439E+016
2.397245E+016
2.240645E+016
2.224112E+016
2.236904E+016
1.948764E+016
2.13941E+016
1.882076E+016
2.134955E+016
1.955693E+016
1.874742E+016
1.713707E+016
1.631502E+016
1.636703E+016
1.649946E+016
1.72677E+016
1.500475E+016
1.482225E+016
1.330455E+016
1.214138E+016
1.275422E+016
1.124752E+016
9.778689E+015
8469103000000001
7927546000000000
7223028000000000
6903271000000000
4862570000000000
4141586000000000
3416074000000000
2328072000000000
1371567000000000
1342517000000000
2.372374E+015
3804561000000000
4793298000000000
6014736000000000
6827999000000000
9.126333E+015
9.907797E+015
1.116537E+016
1.270436E+016
1.312554E+016
1.417359E+016
1.590508E+016
1.63814E+016
1.719434E+016
1.79216E+016
1.683246E+016
1.819991E+016
2.052738E+016
2.078881E+016
2.066444E+016
2.232814E+016
2.163736E+016
2.279596E+016
2.331182E+016
2.460304E+016
2.345481E+016
2.693907E+016
2.61879E+016
2.569717E+016
2.719542E+016
2.822243E+016
2.654371E+016
2.7548E+016
2.814563E+016
2.692253E+016
3.033085E+016
3.090294E+016
2.860583E+016
2.773952E+016
3.08201E+016
2.863278E+016
2.824243E+016
2.830562E+016
2.871784E+016
2.961838E+016
2.733296E+016
2.692081E+016
2.952071E+016
2.75268E+016
2.563819E+016
2.491671E+016
2.429769E+016
2.538802E+016
2.304329E+016
2.347829E+016
2.189685E+016
2.198646E+016
2.130682E+016
2.097573E+016
2.06259E+016
1.857443E+016
1.924041E+016
1.659406E+016
1.698877E+016
1.633472E+016
1.57752E+016
1.56223E+016
1.28824E+016
1.178086E+016
1.11642E+016
9.40394E+015
8413083000000000
8871868000000000
7344689000000000
5608237000000000
4121303000000000
4.136789E+015
2689861000000000
1636205000000000
1899932000000000
2671261000000000
4628350000000000
5484035000000000
6665841000000000
9.217565E+015
9.315041E+015
1.116095E+016
1.157402E+016
1.330857E+016
1.432797E+016
1.6148E+016
1.592095E+016
1.797583E+016
1.870277E+016
1.815082E+016
1.880373E+016
2.036947E+016
2.28528E+016
2.407647E+016
2.3241E+016
2.536302E+016
2.416522E+016
2.443899E+016
2.402615E+016
2.869594E+016
2.522087E+016
2.754578E+016
2.769705E+016
2.873471E+016
2.843968E+016
3.316554E+016
3.155283E+016
3.164786E+016
3.0745E+016
3.187797E+016
3.122858E+016
3.292231E+016
3.292501E+016
3.288396E+016
3.29009E+016
3.226882E+016
3.095551E+016
3.237432E+016
3.209589E+016
3.170948E+016
3.174072E+016
3.088215E+016
3.128671E+016
3.127773E+016
2.941857E+016
2.936562E+016
2.947084E+016
2.906677E+016
2.657657E+016
2.675727E+016
2.710762E+016
2.449467E+016
2.352136E+016
2.400729E+016
2.305415E+016
2.314997E+016
2.098501E+016
1.99865E+016
1.834028E+016
1.741401E+016
1.698932E+016
1.653433E+016
1.348078E+016
1.514289E+016
1.366987E+016
1.149066E+016
1.004317E+016
8969700000000000
8177991000000000
7091876000000000
5102110000000000
3538774000000000
3090770000000000
1.715937E+015
2045970000000000
3267626000000000
5366658000000000
5832077000000000
7506255000000000
8958976000000000
9.937923E+015
1.117936E+016
1.473711E+016
1.498363E+016
1.618881E+016
1.628664E+016
1.789449E+016
2.002061E+016
2.092504E+016
2.00225E+016
2.134178E+016
2.259937E+016
2.504786E+016
2.509368E+016
2.438249E+016
2.574686E+016
2.651871E+016
2.605984E+016
2.845996E+016
3.141932E+016
2.986681E+016
3.033687E+016
3.115649E+016
3.353672E+016
3.225542E+016
3.428255E+016
3.440471E+016
3.463344E+016
3.373507E+016
3.240221E+016
3.419997E+016
3.567439E+016
3.310808E+016
3.584674E+016
3.645818E+016
3.599171E+016
3.344885E+016
3.528263E+016
3.659483E+016
3.475099E+016
3.390394E+016
3.506643E+016
3.295134E+016
3.243803E+016
3.373366E+016
3.408983E+016
3.143231E+016
3.06911E+016
3.026629E+016
2.821269E+016
2.813998E+016
2.89509E+016
2.660333E+016
2.703229E+016
2.508798E+016
2.35351E+016
2.234833E+016
2.200138E+016
2.113134E+016
2.008718E+016
1.824394E+016
1.733756E+016
1.694447E+016
1.535465E+016
1.538113E+016
1.316883E+016
1.155524E+016
1.033276E+016
8526889000000001
7662167000000000
6165286000000000
4425180000000000
3200974000000000
2.087067E+015
2444900000000000
3854040000000000
4900182000000000
6024346000000000
8173491000000000
9.52963E+015
1.07894E+016
1.444075E+016
1.630676E+016
1.58872E+016
1.716375E+016
1.740135E+016
2.146644E+016
2.148076E+016
2.365121E+016
2.278866E+016
2.444356E+016
2.695047E+016
2.67331E+016
2.732215E+016
2.751335E+016
2.872392E+016
3.176181E+016
3.13287E+016
3.134239E+016
3.184406E+016
3.408885E+016
3.524715E+016
3.578185E+016
3.799634E+016
3.828696E+016
3.801124E+016
3.659671E+016
3.770874E+016
3.672565E+016
3.641378E+016
3.623538E+016
3.778162E+016
3.846485E+016
3.803995E+016
3.897449E+016
3.911411E+016
3.784853E+016
3.91942E+016
3.714013E+016
3.560183E+016
3.93356E+016
3.853615E+016
3.574784E+016
3.564444E+016
3.680116E+016
3.462503E+016
3.24572E+016
3.419169E+016
3.486946E+016
3.344541E+016
3.097003E+016
2.856176E+016
2.890565E+016
2.917899E+016
2.642388E+016
2.529203E+016
2.563187E+016
2.500463E+016
2.368036E+016
2.284919E+016
2.25554E+016
2.244299E+016
1.807122E+016
1.794975E+016
1.554728E+016
1.559665E+016
1.343438E+016
1.092324E+016
8993673000000000
8142321000000001
6316418000000000
5247073000000000
4352603000000000
2305918000000000
2578882000000000
4423294000000000
5840419000000000
7041713000000000
1.003809E+016
1.192978E+016
1.166414E+016
1.389007E+016
1.60613E+016
1.662582E+016
1.972365E+016
2.201894E+016
2.096558E+016
2.352095E+016
2.466136E+016
2.514907E+016
2.431758E+016
2.742657E+016
2.762351E+016
3.001107E+016
3.013043E+016
3.103917E+016
3.351087E+016
3.631122E+016
3.504164E+016
3.625435E+016
3.766252E+016
3.647736E+016
3.759365E+016
3.990936E+016
4.137606E+016
4.038411E+016
4.010796E+016
4.068564E+016
4.105863E+016
4.245208E+016
4.087411E+016
4.167718E+016
3.945747E+016
4.092988E+016
4.318376E+016
4.185367E+016
4.183502E+016
4.041972E+016
4.116753E+016
3.991665E+016
3.919812E+016
4.022393E+016
3.87228E+016
4.013431E+016
3.880071E+016
3.835233E+016
3.564596E+016
3.629769E+016
3.712918E+016
3.606749E+016
3.464151E+016
3.143729E+016
3.191E+016
3.344104E+016
3.067887E+016
3.009874E+016
2.682335E+016
2.822142E+016
2.590159E+016
2.414824E+016
2.324166E+016
2.244392E+016
1.896363E+016
1.888972E+016
1.751725E+016
1.62248E+016
1.352541E+016
1.159574E+016
1.154011E+016
8667186000000000
6858610000000000
5687769000000000
4365318000000000
2749459000000000
2395922000000000
5046254000000000
6102284000000000
9.149233E+015
1.059174E+016
1.234539E+016
1.467542E+016
1.448457E+016
1.619233E+016
1.80397E+016
2.019159E+016
2.212923E+016
2.378794E+016
2.478811E+016
2.75815E+016
2.721265E+016
2.690717E+016
2.830011E+016
2.881961E+016
2.872976E+016
3.282658E+016
3.518662E+016
3.501667E+016
3.630111E+016
3.754659E+016
3.699149E+016
4.018872E+016
3.900099E+016
4.133336E+016
4.1428E+016
4.267206E+016
4.227727E+016
4.252889E+016
4.357236E+016
4.379928E+016
4.374057E+016
4.588137E+016
4.560273E+016
4.451263E+016
4.428988E+016
4.670184E+016
4.405327E+016
4.493057E+016
4.447524E+016
4.348011E+016
4.359455E+016
4.392562E+016
4.413893E+016
4.203558E+016
4.517509E+016
4.496783E+016
3.986129E+016
3.812365E+016
3.813447E+016
3.887348E+016
3.800351E+016
3.692308E+016
3.679845E+016
3.420857E+016
3.43588E+016
3.242363E+016
3.111394E+016
2.926348E+016
2.682397E+016
2.824438E+016
2.537896E+016
2.350986E+016
2.266865E+016
2.178725E+016
1.767704E+016
1.802964E+016
1.57462E+016
1.393174E+016
1.245528E+016
1.068014E+016
1.007872E+016
7220499000000000
6889861000000000
4706626000000000
2248540000000000
2783727000000000
5141797000000000
7256618000000000
8819063000000000
1.114615E+016
1.361808E+016
1.438006E+016
1.4884E+016
1.859337E+016
2.114753E+016
2.189271E+016
2.257008E+016
2.469917E+016
2.988279E+016
2.737917E+016
3.038408E+016
3.265507E+016
3.040104E+016
3.087833E+016
3.230648E+016
3.447428E+016
3.710997E+016
3.915275E+016
3.748399E+016
3.898423E+016
4.080485E+016
4.055842E+016
4.453551E+016
4.503054E+016
4.596759E+016
4.532242E+016
4.79735E+016
4.644939E+016
4.668216E+016
4.923586E+016
4.720043E+016
4.69347E+016
4.744764E+016
4.845202E+016
4.948973E+016
4.871184E+016
4.906362E+016
4.825866E+016
4.883953E+016
4.749469E+016
4.488732E+016
4.604339E+016
4.415611E+016
4.591156E+016
4.403203E+016
4.614542E+016
4.198972E+016
4.151631E+016
4.211523E+016
4.167726E+016
4.129632E+016
4.086706E+016
3.783174E+016
3.474844E+016
3.573861E+016
3.397209E+016
3.277551E+016
3.259059E+016
3.013003E+016
2.817495E+016
2.692201E+016
2.511453E+016
2.29546E+016
2.175764E+016
2.123956E+016
1.862083E+016
1.622081E+016
1.529549E+016
1.341777E+016
1.224415E+016
1.07795E+016
8051678000000001
5738689000000000
4509460000000000
2923982000000000
2.962006E+015
5239772000000000
7545940000000000
8883228000000000
1.131079E+016
1.372533E+016
1.629627E+016
1.727232E+016
1.939149E+016
1.929E+016
2.352587E+016
2.350316E+016
2.749125E+016
2.903034E+016
2.946703E+016
3.311597E+016
3.411515E+016
3.539534E+016
3.506759E+016
3.628998E+016
3.891043E+016
3.778196E+016
4.100851E+016
4.145656E+016
4.366131E+016
4.394594E+016
4.656072E+016
4.815208E+016
4.665411E+016
4.979339E+016
5.004424E+016
4.908429E+016
4.749602E+016
5.236622E+016
5.106937E+016
5.333267E+016
4.988945E+016
5.045779E+016
4.999638E+016
5.213521E+016
5.081293E+016
4.937734E+016
5.158787E+016
5.326952E+016
5.098252E+016
4.945661E+016
4.996554E+016
4.924075E+016
4.791026E+016
4.997441E+016
4.888656E+016
4.351034E+016
4.824929E+016
4.42514E+016
4.53195E+016
4.405874E+016
4.317112E+016
4.024795E+016
3.993827E+016
3.820545E+016
3.861933E+016
3.525183E+016
3.453131E+016
3.334383E+016
3.080056E+016
2.707273E+016
2.596501E+016
2.54409E+016
2.551076E+016
2.239208E+016
1.903267E+016
1.733799E+016
1.453492E+016
1.430623E+016
1.237809E+016
1.130777E+016
9.133293E+015
8111264999999999
4963129000000000
3313879000000000
3.738338E+015
5435273000000000
7996205000000000
9.846596E+015
1.15307E+016
1.456162E+016
1.642179E+016
1.747012E+016
2.10759E+016
2.19618E+016
2.343277E+016
2.627862E+016
2.728882E+016
2.993565E+016
3.130013E+016
3.478961E+016
3.776877E+016
3.574684E+016
3.693628E+016
3.67423E+016
4.067608E+016
4.038275E+016
4.297479E+016
4.500376E+016
4.682336E+016
4.573128E+016
4.841847E+016
5.167558E+016
5.087304E+016
4.95443E+016
5.138342E+016
5.319741E+016
5.325802E+016
5.376263E+016
5.265598E+016
5.253539E+016
5.489809E+016
5.252671E+016
5.421511E+016
5.387538E+016
5.18839E+016
5.298989E+016
5.196277E+016
5.283335E+016
5.370654E+016
5.239287E+016
5.171494E+016
5.160737E+016
5.492688E+016
5.354791E+016
4.921692E+016
5.130774E+016
5.110376E+016
4.802044E+016
4.657287E+016
4.401272E+016
4.353968E+016
4.209671E+016
4.29842E+016
4.167359E+016
3.93259E+016
3.941316E+016
3.564826E+016
3.333011E+016
3.207015E+016
2.930751E+016
2.837995E+016
2.644906E+016
2.578011E+016
2.228997E+016
2.113534E+016
2.028041E+016
1.842618E+016
1.593863E+016
1.361002E+016
1.186707E+016
1.128577E+016
7310373000000000
5706965000000000
3487107000000000
3579031000000000
5433632000000000
8317681000000000
1.140862E+016
1.2057E+016
1.427527E+016
1.60524E+016
1.910176E+016
2.244598E+016
2.242503E+016
2.527579E+016
2.833077E+016
2.93955E+016
3.157162E+016
3.272134E+016
3.379153E+016
3.45997E+016
3.759582E+016
3.831935E+016
4.382501E+016
4.211918E+016
4.536638E+016
4.509854E+016
4.5543E+016
4.811614E+016
4.813128E+016
5.276297E+016
5.131729E+016
5.026754E+016
5.266315E+016
5.588425E+016
5.362618E+016
5.655339E+016
5.750588E+016
5.423501E+016
5.462242E+016
5.551633E+016
5.659563E+016
5.575869E+016
5.838051E+016
5.853324E+016
5.727332E+016
5.73669E+016
5.799382E+016
6.00035E+016
5.634741E+016
5.601546E+016
5.512418E+016
5.734113E+016
5.396747E+016
5.280513E+016
5.395648E+016
5.19868E+016
5.192447E+016
4.854607E+016
4.956282E+016
4.609978E+016
4.542126E+016
4.53397E+016
4.751914E+016
4.182727E+016
3.933904E+016
3.586287E+016
3.656026E+016
3.340555E+016
3.533531E+016
2.956981E+016
2.83414E+016
2.627067E+016
2.42695E+016
2.392658E+016
2.019331E+016
1.815187E+016
1.479207E+016
1.286176E+016
1.228515E+016
1.115729E+016
7493733000000000
5228271000000000
3196378000000000
4307638000000000
5593271000000000
8265281000000000
1.139641E+016
1.474809E+016
1.61998E+016
1.842287E+016
2.094965E+016
2.277475E+016
2.318919E+016
2.77945E+016
2.938711E+016
3.104487E+016
3.199349E+016
3.287895E+016
3.550997E+016
3.788663E+016
3.886211E+016
4.111906E+016
4.346463E+016
4.447669E+016
4.608902E+016
4.940928E+016
4.871437E+016
5.061413E+016
5.338245E+016
5.522375E+016
5.628118E+016
5.484588E+016
5.578147E+016
5.736656E+016
5.561025E+016
5.83565E+016
5.941741E+016
6.150475E+016
5.855359E+016
5.892817E+016
6.150627E+016
6.020843E+016
6.013349E+016
6.028365E+016
6.17407E+016
5.935439E+016
6.108667E+016
6.343843E+016
6.260544E+016
6.022254E+016
6.04067E+016
5.83569E+016
5.994314E+016
5.462771E+016
5.634586E+016
5.554127E+016
5.161879E+016
5.198763E+016
5.193957E+016
5.133485E+016
4.711845E+016
4.546661E+016
4.429156E+016
4.411266E+016
4.093857E+016
4.104861E+016
3.970294E+016
3.691425E+016
3.428001E+016
3.101986E+016
2.934521E+016
2.886358E+016
2.444277E+016
2.465677E+016
2.307947E+016
1.964278E+016
1.758684E+016
1.468362E+016
1.299033E+016
1.199483E+016
8505293000000000
6075542000000000
4.137679E+015
4178412000000000
6162675000000000
9.32484E+015
1.141157E+016
1.348595E+016
1.630158E+016
1.781348E+016
2.219531E+016
2.266447E+016
2.531628E+016
2.910038E+016
3.149238E+016
3.077204E+016
3.248674E+016
3.379803E+016
3.912501E+016
4.016473E+016
3.972762E+016
4.24966E+016
4.263951E+016
4.718568E+016
5.081848E+016
5.19351E+016
5.001631E+016
5.302764E+016
5.55708E+016
5.439029E+016
5.531239E+016
5.834581E+016
5.871362E+016
6.118512E+016
6.126505E+016
6.055434E+016
6.086261E+016
6.344137E+016
6.598307E+016
6.421922E+016
6.387463E+016
6.395681E+016
6.311471E+016
6.44744E+016
6.237748E+016
6.416016E+016
6.499544E+016
6.385176E+016
6.362263E+016
6.285157E+016
6.102878E+016
6.082156E+016
5.868083E+016
6.00048E+016
5.54852E+016
5.666206E+016
5.535454E+016
5.724288E+016
5.584535E+016
5.385433E+016
4.897405E+016
4.685855E+016
4.617872E+016
4.665025E+016
4.397835E+016
4.240018E+016
3.985466E+016
3.616394E+016
3.501787E+016
3.278421E+016
3.2541E+016
3.008615E+016
2.632973E+016
2.565628E+016
2.25752E+016
2.152645E+016
2.004461E+016
1.488071E+016
1.342195E+016
1.135668E+016
8804023000000000
6941067000000000
4840797999999999
4.141442E+015
6626302000000000
1.060938E+016
1.289394E+016
1.544657E+016
1.771556E+016
1.977799E+016
2.45864E+016
2.618636E+016
2.689265E+016
3.094638E+016
3.153843E+016
3.382706E+016
3.361627E+016
3.662156E+016
3.948303E+016
4.047688E+016
4.258653E+016
4.54972E+016
4.408087E+016
4.84236E+016
5.06192E+016
4.931305E+016
5.301566E+016
5.626785E+016
5.746261E+016
5.629387E+016
6.089143E+016
5.865488E+016
6.333516E+016
6.119419E+016
6.109187E+016
6.178534E+016
6.159791E+016
6.258183E+016
6.347281E+016
6.507702E+016
6.648182E+016
6.629014E+016
6.443405E+016
6.621874E+016
6.847461E+016
6.40247E+016
6.649007E+016
6.750874E+016
6.514951E+016
6.383884E+016
6.554369E+016
6.290612E+016
6.055179E+016
6.225577E+016
5.897272E+016
6.114655E+016
6.055623E+016
5.721711E+016
5.57258E+016
5.349869E+016
5.068073E+016
4.927547E+016
4.710449E+016
4.853528E+016
4.54215E+016
4.331037E+016
4.123809E+016
3.965014E+016
3.896369E+016
3.649229E+016
3.342531E+016
3.167616E+016
2.644355E+016
2.58799E+016
2.459636E+016
2.232257E+016
1.945573E+016
1.642418E+016
1.513245E+016
1.233205E+016
1.0118E+016
7682883000000000
4262517000000000
4.093828E+015
6975206000000000
9.848656E+015
1.293182E+016
1.671042E+016
1.677508E+016
2.117637E+016
2.354241E+016
2.666475E+016
2.84927E+016
3.199125E+016
3.229262E+016
3.71598E+016
3.598306E+016
3.949092E+016
3.98559E+016
3.994981E+016
4.283762E+016
4.517149E+016
4.820542E+016
4.931358E+016
5.435059E+016
5.465745E+016
5.595778E+016
5.584754E+016
5.77325E+016
6.001889E+016
6.297321E+016
6.664924E+016
6.494037E+016
6.241821E+016
6.336749E+016
6.528244E+016
6.602079E+016
6.469849E+016
6.631612E+016
6.689923E+016
6.802092E+016
7.096438E+016
6.963532E+016
7.051996E+016
7.257028E+016
6.740582E+016
6.708897E+016
6.78911E+016
6.613823E+016
6.79718E+016
6.471591E+016
6.476455E+016
6.405504E+016
6.465416E+016
6.236518E+016
6.191239E+016
6.132088E+016
5.637312E+016
5.685298E+016
5.709496E+016
5.204065E+016
5.198997E+016
4.904594E+016
4.988748E+016
4.881989E+016
4.607733E+016
4.447089E+016
4.289334E+016
3.719036E+016
3.775483E+016
3.559514E+016
3.095896E+016
2.842282E+016
2.783897E+016
2.433612E+016
2.304791E+016
2.002549E+016
1.602797E+016
1.372994E+016
1.153359E+016
9.746403E+015
6796389000000000
4728743000000000
5003324000000000
7907618000000000
1.048159E+016
1.410378E+016
1.641019E+016
1.902831E+016
2.381859E+016
2.387385E+016
2.82543E+016
2.956064E+016
3.104233E+016
3.38715E+016
3.450707E+016
3.764426E+016
3.8175E+016
4.371081E+016
4.507061E+016
4.517921E+016
4.686863E+016
5.099842E+016
5.132713E+016
5.450065E+016
5.650634E+016
5.640362E+016
5.836395E+016
6.090731E+016
6.170229E+016
6.259155E+016
6.670279E+016
6.797826E+016
6.57153E+016
6.537854E+016
6.813876E+016
6.859739E+016
6.865944E+016
7.044244E+016
7.078206E+016
7.08648E+016
7.218409E+016
7.08833E+016
7.231484E+016
7.143988E+016
7.363768E+016
7.233532E+016
6.902675E+016
6.90373E+016
6.97191E+016
6.840999E+016
6.852694E+016
6.824368E+016
6.845438E+016
6.347142E+016
6.232755E+016
6.271043E+016
6.206455E+016
6.093697E+016
5.614483E+016
5.330302E+016
5.378588E+016
5.316419E+016
5.049387E+016
5.004107E+016
4.689653E+016
4.613531E+016
4.368305E+016
4.150182E+016
3.743567E+016
3.710043E+016
3.415762E+016
3.116771E+016
2.805788E+016
2.648011E+016
2.19774E+016
2.020288E+016
1.781246E+016
1.392553E+016
1.23186E+016
1.142028E+016
8180223000000000
4.172851E+015
4081411000000000
6715268000000000
1.123753E+016
1.360151E+016
1.683314E+016
2.210491E+016
2.172774E+016
2.56441E+016
2.712773E+016
2.949984E+016
3.256428E+016
3.641153E+016
3.674857E+016
3.883337E+016
4.268242E+016
4.575229E+016
4.687975E+016
4.878572E+016
4.804187E+016
5.308475E+016
5.337488E+016
5.25174E+016
5.906636E+016
6.290061E+016
5.780569E+016
6.452471E+016
6.537625E+016
6.544107E+016
6.489892E+016
6.921075E+016
6.830863E+016
7.187014E+016
7.277907E+016
7.095356E+016
7.106286E+016
6.955353E+016
7.356152E+016
7.137236E+016
7.209083E+016
7.105448E+016
7.244065E+016
7.204477E+016
7.369893E+016
7.378978E+016
6.902611E+016
7.22244E+016
7.108718E+016
6.854497E+016
7.025133E+016
6.885449E+016
6.916771E+016
6.348486E+016
6.740107E+016
6.063735E+016
6.201626E+016
5.926738E+016
5.973814E+016
5.891421E+016
5.429768E+016
5.484371E+016
5.632185E+016
4.996618E+016
4.788855E+016
4.681413E+016
4.316556E+016
4.379343E+016
4.072572E+016
3.58802E+016
3.302139E+016
3.176768E+016
2.812465E+016
2.672314E+016
2.139956E+016
2.151979E+016
1.984032E+016
1.669994E+016
1.518815E+016
1.103553E+016
8053661999999999
4372227000000000
4309666000000000
7995973000000000
1.016681E+016
1.483925E+016
1.587689E+016
2.003168E+016
2.272907E+016
2.478869E+016
3.03969E+016
3.065017E+016
3.477569E+016
3.739003E+016
3.909609E+016
4.152214E+016
4.430774E+016
4.795849E+016
4.692271E+016
4.797648E+016
5.182875E+016
5.521584E+016
5.584883E+016
5.747026E+016
5.942459E+016
6.150944E+016
6.3029E+016
6.451965E+016
6.33604E+016
6.582052E+016
6.826354E+016
6.960056E+016
7.201171E+016
7.425879E+016
7.288006E+016
7.351434E+016
7.243369E+016
7.133695E+016
7.35363E+016
7.249621E+016
7.538919E+016
7.382364E+016
7.491996E+016
7.57397E+016
7.492886E+016
7.715106E+016
7.455349E+016
7.547241E+016
7.541651E+016
7.374535E+016
7.164476E+016
7.112563E+016
7.147482E+016
6.769424E+016
6.805998E+016
6.44592E+016
6.416974E+016
6.062899E+016
6.064244E+016
5.767607E+016
5.721962E+016
5.634958E+016
5.518211E+016
5.271822E+016
4.9196E+016
4.73139E+016
4.263511E+016
4.279527E+016
4.152543E+016
3.880593E+016
3.513211E+016
3.171216E+016
3.023023E+016
2.776632E+016
2.400859E+016
2.102596E+016
1.863504E+016
1.559173E+016
1.428583E+016
1.172848E+016
8167927000000001
4.126179E+015
4285863000000000
7732140000000000
1.102155E+016
1.451572E+016
1.751132E+016
1.84226E+016
2.326495E+016
2.59855E+016
3.009125E+016
3.204068E+016
3.599017E+016
3.77112E+016
4.006784E+016
4.385569E+016
4.512361E+016
4.816115E+016
5.09667E+016
5.041348E+016
5.210279E+016
5.704257E+016
5.661832E+016
5.974136E+016
5.91027E+016
6.015391E+016
6.403731E+016
6.720613E+016
6.590336E+016
7.114381E+016
7.484257E+016
7.214743E+016
7.421821E+016
7.225758E+016
7.194889E+016
7.42541E+016
7.451491E+016
7.331017E+016
7.787765E+016
7.729313E+016
7.567807E+016
7.591861E+016
7.50057E+016
7.675496E+016
7.74376E+016
7.516816E+016
7.849129E+016
7.674313E+016
7.578721E+016
7.803975E+016
7.813711E+016
7.562044E+016
6.90579E+016
6.933747E+016
7.282937E+016
7.04062E+016
6.944542E+016
6.110262E+016
6.314758E+016
6.144586E+016
5.866604E+016
5.714915E+016
5.646816E+016
5.410446E+016
5.168733E+016
4.814723E+016
4.669365E+016
4.416898E+016
4.289932E+016
3.843639E+016
3.458733E+016
3.277772E+016
3.151522E+016
2.609177E+016
2.460485E+016
2.382445E+016
1.961843E+016
1.667884E+016
1.458063E+016
1.196109E+016
7357522000000000
4727201000000000
4629597000000000
8511008000000000
1.291612E+016
1.510459E+016
1.682097E+016
2.02208E+016
2.396274E+016
2.84531E+016
2.965857E+016
3.413406E+016
3.643753E+016
3.872175E+016
4.167266E+016
4.391852E+016
4.481063E+016
4.605566E+016
4.804161E+016
5.124599E+016
5.302358E+016
5.750371E+016
5.882735E+016
6.586288E+016
6.317137E+016
6.337728E+016
6.53671E+016
6.893562E+016
7.085712E+016
7.148868E+016
7.325973E+016
7.557222E+016
7.46108E+016
7.247739E+016
7.297278E+016
7.523212E+016
7.579063E+016
7.751172E+016
7.912663E+016
7.959167E+016
7.763008E+016
7.736861E+016
7.902854E+016
7.835451E+016
8.009302E+016
7.931686E+016
7.592923E+016
8.228873E+016
7.810605E+016
7.896819E+016
7.67654E+016
7.620719E+016
7.233986E+016
7.474012E+016
7.267573E+016
7.046743E+016
6.681724E+016
7.055159E+016
6.614285E+016
6.217334E+016
6.160842E+016
5.868954E+016
5.683079E+016
5.516215E+016
5.378271E+016
5.02736E+016
4.68954E+016
4.61451E+016
4.468965E+016
3.901861E+016
3.84807E+016
3.231126E+016
3.209962E+016
2.840671E+016
2.623266E+016
2.506752E+016
2.109248E+016
1.690163E+016
1.508155E+016
1.057689E+016
7751996000000000
4693861000000000
5298048000000000
8912770000000000
1.218482E+016
1.626596E+016
1.840231E+016
2.271687E+016
2.425696E+016
2.957302E+016
3.100167E+016
3.439141E+016
3.624663E+016
3.871968E+016
4.059339E+016
4.374529E+016
4.72271E+016
4.895691E+016
5.020009E+016
5.339296E+016
5.383304E+016
5.928471E+016
6.208785E+016
6.392256E+016
6.766732E+016
6.51419E+016
6.853742E+016
7.130215E+016
7.446361E+016
7.216404E+016
7.612106E+016
7.819055E+016
7.496707E+016
7.657263E+016
7.420925E+016
7.777981E+016
8.00322E+016
8.125776E+016
8.036858E+016
7.870592E+016
8.103595E+016
8.210129E+016
8.226517E+016
8.105128E+016
8.499638E+016
8.279322E+016
8.199408E+016
8.21558E+016
8.206238E+016
8.04918E+016
7.544601E+016
7.888806E+016
7.532489E+016
7.349014E+016
7.322086E+016
7.120003E+016
7.032139E+016
6.925206E+016
6.973352E+016
6.530691E+016
6.245829E+016
5.860381E+016
5.925163E+016
5.732918E+016
5.605512E+016
5.102118E+016
4.865046E+016
4.721516E+016
4.384247E+016
4.092084E+016
3.944871E+016
3.610408E+016
3.333915E+016
3.220697E+016
2.823303E+016
2.190533E+016
2.258045E+016
1.868464E+016
1.492509E+016
1.177054E+016
8640440000000000
5390543000000000
5178853000000000
9.39491E+015
1.154122E+016
1.548906E+016
1.960001E+016
2.177619E+016
2.480392E+016
2.862873E+016
3.138786E+016
3.568736E+016
3.751746E+016
3.933224E+016
4.122922E+016
4.308537E+016
4.588088E+016
5.188309E+016
5.213315E+016
5.383112E+016
5.65648E+016
5.733764E+016
6.074184E+016
6.566082E+016
6.699243E+016
6.966361E+016
6.982925E+016
7.135634E+016
7.404567E+016
7.423022E+016
7.570172E+016
7.796238E+016
7.862788E+016
7.987392E+016
7.581826E+016
7.980018E+016
8.408502E+016
8.339491E+016
8.257829E+016
8.361202E+016
8.408026E+016
8.360025E+016
8.387099E+016
8.331676E+016
8.848064E+016
8.786319E+016
8.350999E+016
8.379418E+016
8.301646E+016
8.272231E+016
7.964275E+016
8.372486E+016
7.709672E+016
7.498198E+016
7.450699E+016
7.525379E+016
7.064722E+016
7.200042E+016
6.851323E+016
6.392633E+016
6.182704E+016
6.393707E+016
6.169789E+016
5.834988E+016
5.445719E+016
5.301596E+016
4.90348E+016
4.560373E+016
4.57702E+016
4.098473E+016
3.871393E+016
3.671648E+016
3.388492E+016
3.148144E+016
2.910599E+016
2.47177E+016
2.200721E+016
1.936497E+016
1.545306E+016
1.244825E+016
8128901000000001
5441316000000000
5020648000000000
9.08625E+015
1.219834E+016
1.675523E+016
1.879548E+016
2.152873E+016
2.515186E+016
3.058018E+016
3.222723E+016
3.408989E+016
3.686277E+016
4.067975E+016
4.405556E+016
4.513218E+016
4.72438E+016
4.952499E+016
5.423674E+016
5.93274E+016
5.979275E+016
6.277495E+016
6.270822E+016
6.664504E+016
6.916818E+016
6.943842E+016
7.241909E+016
7.179927E+016
7.657169E+016
7.723543E+016
7.779154E+016
7.964715E+016
7.91047E+016
8.339331E+016
8.492324E+016
8.098166E+016
8.601765E+016
8.26205E+016
8.400012E+016
8.615856E+016
8.69236E+016
8.574004E+016
8.598004E+016
8.813588E+016
8.806034E+016
9.040774E+016
8.724771E+016
8.591115E+016
8.68635E+016
7.976314E+016
8.116468E+016
8.139605E+016
7.86927E+016
7.774738E+016
7.612832E+016
7.494258E+016
7.173287E+016
7.280124E+016
6.917329E+016
6.568366E+016
6.550249E+016
6.291446E+016
6.040236E+016
5.85382E+016
5.683671E+016
5.404638E+016
5.182343E+016
4.824706E+016
4.670495E+016
4.397295E+016
4.062637E+016
3.738306E+016
3.377116E+016
3.057711E+016
3.060075E+016
2.598479E+016
2.243441E+016
1.773082E+016
1.657538E+016
1.16556E+016
8324695999999999
5480556000000000
5934496000000000
9.634276E+015
1.195972E+016
1.620619E+016
1.975206E+016
2.398093E+016
2.523967E+016
2.917317E+016
3.300576E+016
3.571994E+016
3.980808E+016
4.146438E+016
4.186684E+016
4.662513E+016
5.064313E+016
5.283018E+016
5.691222E+016
5.823979E+016
6.304864E+016
6.374649E+016
6.515725E+016
6.833603E+016
7.136482E+016
7.321317E+016
7.335042E+016
7.59517E+016
7.520109E+016
7.86212E+016
7.898676E+016
8.212646E+016
7.887626E+016
8.411874E+016
8.290169E+016
8.5224E+016
8.64369E+016
8.517387E+016
8.607645E+016
8.605282E+016
8.85619E+016
8.763314E+016
8.937657E+016
9.081021E+016
8.662451E+016
8.714867E+016
8.821272E+016
8.656301E+016
8.485999E+016
8.255501E+016
8.325379E+016
8.418786E+016
8.286402E+016
8.018107E+016
7.600092E+016
7.327376E+016
7.592861E+016
7.151555E+016
7.122317E+016
6.820893E+016
6.828085E+016
6.459574E+016
6.029687E+016
6.058007E+016
5.53918E+016
5.260849E+016
5.112013E+016
4.969819E+016
4.910582E+016
4.355579E+016
4.119532E+016
3.959075E+016
3.564241E+016
3.130569E+016
3.129752E+016
2.673347E+016
2.377717E+016
1.944711E+016
1.522918E+016
1.226338E+016
9.534196E+015
6183053000000000
5827127000000000
9.413292E+015
1.26823E+016
1.808501E+016
2.001241E+016
2.248201E+016
2.589435E+016
2.841421E+016
3.224419E+016
3.770745E+016
3.839627E+016
4.108007E+016
4.583664E+016
4.942928E+016
5.153575E+016
5.416317E+016
5.608635E+016
5.761391E+016
6.134404E+016
6.362037E+016
6.795066E+016
7.026025E+016
6.966388E+016
7.584807E+016
7.459818E+016
7.819804E+016
7.870676E+016
8.036779E+016
8.051903E+016
8.195874E+016
8.158791E+016
8.298017E+016
8.554962E+016
8.7504E+016
8.676466E+016
8.930791E+016
8.652812E+016
8.994293E+016
8.926646E+016
9.24427E+016
8.899542E+016
8.859014E+016
9.13808E+016
8.94566E+016
8.692609E+016
8.925832E+016
8.514101E+016
8.708828E+016
8.393925E+016
8.620328E+016
8.003334E+016
8.097949E+016
8.037405E+016
7.599815E+016
7.848889E+016
7.499575E+016
7.183395E+016
6.967141E+016
6.842131E+016
6.828195E+016
6.247231E+016
5.962752E+016
5.957586E+016
5.629586E+016
5.359552E+016
4.988922E+016
4.888018E+016
4.296053E+016
4.065359E+016
3.967403E+016
3.381187E+016
3.195578E+016
3.066229E+016
2.872015E+016
2.535647E+016
1.974355E+016
1.537398E+016
1.210944E+016
9.185389E+015
6045465000000000
5317070000000000
9.71909E+015
1.188614E+016
1.632975E+016
1.9575E+016
2.12567E+016
2.626365E+016
3.152662E+016
3.250047E+016
3.734305E+016
4.02625E+016
4.36878E+016
4.703563E+016
4.789979E+016
5.147614E+016
5.414227E+016
5.679116E+016
5.945313E+016
6.189825E+016
6.445525E+016
6.704659E+016
6.794149E+016
7.405598E+016
7.290674E+016
8.020698E+016
7.615756E+016
8.043454E+016
7.998448E+016
8.059696E+016
8.280039E+016
8.351556E+016
8.590586E+016
8.573262E+016
8.930015E+016
8.844556E+016
8.746454E+016
8.720523E+016
9.058181E+016
9.17578E+016
8.751772E+016
8.828948E+016
9.395765E+016
9.054747E+016
9.056329E+016
8.834289E+016
8.983619E+016
8.617912E+016
8.594244E+016
8.470876E+016
8.398957E+016
8.405367E+016
8.414662E+016
8.242987E+016
8.021506E+016
7.63007E+016
7.639405E+016
7.004433E+016
6.851952E+016
6.832225E+016
6.73586E+016
6.162323E+016
6.041778E+016
6.02542E+016
5.489158E+016
5.206535E+016
5.127349E+016
4.651516E+016
4.408587E+016
4.105418E+016
3.969421E+016
3.618931E+016
3.357022E+016
3.090178E+016
2.792227E+016
2.512484E+016
1.902733E+016
1.59679E+016
1.320806E+016
8590009000000000
5570238000000000
5484903000000000
9.097447E+015
1.235894E+016
1.614129E+016
2.022355E+016
2.330826E+016
2.675366E+016
3.24565E+016
3.191971E+016
3.80614E+016
4.051088E+016
4.431591E+016
4.62709E+016
5.01105E+016
5.369481E+016
5.45016E+016
5.789512E+016
6.100949E+016
6.063035E+016
6.439158E+016
6.702371E+016
6.961044E+016
7.292196E+016
7.46173E+016
7.739354E+016
7.678369E+016
8.132176E+016
7.875996E+016
8.109387E+016
8.782369E+016
8.415738E+016
8.360282E+016
8.363098E+016
8.764319E+016
8.969626E+016
9.134881E+016
8.986225E+016
9.482139E+016
9.64917E+016
9.697115E+016
9.64558E+016
9.286735E+016
9.25171E+016
8.944387E+016
8.85246E+016
8.767561E+016
8.645969E+016
8.812449E+016
8.821019E+016
8.125549E+016
8.234888E+016
8.272925E+016
8.276584E+016
7.742537E+016
7.375126E+016
7.557308E+016
7.524072E+016
6.828604E+016
6.705159E+016
6.496409E+016
6.426053E+016
6.133099E+016
5.828929E+016
5.600612E+016
5.370714E+016
5.261778E+016
4.642034E+016
4.686442E+016
4.256231E+016
3.980026E+016
3.741819E+016
3.363842E+016
3.164777E+016
2.779798E+016
2.484875E+016
1.966005E+016
1.655734E+016
1.345747E+016
9.357351E+015
4892018000000000
6272087000000000
1.048589E+016
1.312904E+016
1.743105E+016
1.86109E+016
2.34838E+016
2.726657E+016
3.132844E+016
3.505621E+016
3.70166E+016
3.956715E+016
4.356486E+016
4.815433E+016
4.912447E+016
5.259096E+016
5.70776E+016
5.828131E+016
5.973078E+016
6.417265E+016
6.419372E+016
6.55884E+016
6.806347E+016
7.155223E+016
7.637004E+016
7.886084E+016
7.838066E+016
8.01484E+016
8.244572E+016
8.476432E+016
8.738005E+016
8.834006E+016
8.722119E+016
8.718448E+016
8.983719E+016
8.719766E+016
9.104283E+016
9.260253E+016
9.031114E+016
9.356788E+016
9.397951E+016
9.558696E+016
9.478043E+016
9.226025E+016
9.118827E+016
9.241951E+016
9.284904E+016
9.004031E+016
9.039177E+016
8.92752E+016
8.406399E+016
8.686289E+016
8.434471E+016
8.241093E+016
7.830333E+016
7.685263E+016
7.897023E+016
7.600645E+016
7.19624E+016
6.929352E+016
6.797196E+016
6.688693E+016
6.441787E+016
5.986E+016
5.989273E+016
5.534251E+016
4.884914E+016
4.952629E+016
4.572416E+016
4.316181E+016
3.784586E+016
3.711168E+016
3.342912E+016
3.011777E+016
2.780258E+016
2.520137E+016
2.109171E+016
1.640999E+016
1.383583E+016
1.028441E+016
5160474000000000
5672265000000000
9.30075E+015
1.315564E+016
1.741484E+016
2.143417E+016
2.405202E+016
2.812294E+016
3.077711E+016
3.312147E+016
3.792736E+016
3.96077E+016
4.331242E+016
4.787954E+016
4.922089E+016
5.443667E+016
5.799665E+016
5.783002E+016
6.185925E+016
6.468865E+016
6.612511E+016
6.758499E+016
7.087406E+016
7.210986E+016
7.550312E+016
7.387675E+016
7.712674E+016
7.896686E+016
8.394119E+016
8.470792E+016
8.79405E+016
8.901392E+016
8.673732E+016
8.983802E+016
9.180855E+016
9.13803E+016
9.421435E+016
9.382334E+016
9.411904E+016
9.497702E+016
9.400329E+016
9.4434E+016
9.419682E+016
9.271345E+016
9.386226E+016
9.198925E+016
9.221178E+016
9.182663E+016
9.028072E+016
8.842293E+016
9.025032E+016
8.503954E+016
8.536697E+016
8.167811E+016
8.089078E+016
7.742759E+016
8.015886E+016
7.602045E+016
6.989492E+016
7.343015E+016
6.942353E+016
6.75529E+016
6.514368E+016
5.972986E+016
5.677547E+016
5.60207E+016
5.245564E+016
4.982819E+016
4.459007E+016
4.26145E+016
4.183561E+016
3.719896E+016
3.448541E+016
3.15164E+016
2.709436E+016
2.344419E+016
1.987119E+016
1.767769E+016
1.271475E+016
9.31722E+015
4722853000000000
5836616000000000
9.879399E+015
1.361443E+016
1.665846E+016
2.059281E+016
2.430679E+016
2.773909E+016
3.169644E+016
3.470555E+016
3.903193E+016
4.046504E+016
4.577238E+016
4.492427E+016
5.166531E+016
5.567263E+016
5.606635E+016
6.039757E+016
6.330694E+016
6.461754E+016
6.629108E+016
6.915596E+016
7.283378E+016
7.261003E+016
7.613858E+016
7.673323E+016
8.202917E+016
8.163409E+016
8.18608E+016
8.70558E+016
9.032994E+016
8.732043E+016
8.994272E+016
9.085072E+016
9.391634E+016
9.1949E+016
9.397113E+016
9.601511E+016
9.38566E+016
9.581817E+016
9.250603E+016
9.627705E+016
9.741775E+016
9.399013E+016
9.486553E+016
9.238914E+016
9.267107E+016
9.331472E+016
9.053378E+016
9.161434E+016
8.691125E+016
8.82686E+016
8.339763E+016
7.944803E+016
7.847417E+016
8.109302E+016
7.705642E+016
7.331034E+016
7.414486E+016
7.165872E+016
6.679088E+016
6.717278E+016
6.559214E+016
5.962267E+016
6.070636E+016
5.398488E+016
5.247905E+016
4.97199E+016
4.692956E+016
4.149854E+016
4.399061E+016
3.896913E+016
3.606342E+016
2.852379E+016
2.741663E+016
2.312283E+016
1.93815E+016
1.895133E+016
1.429197E+016
8268228000000001
4930565000000000
6034903000000000
9.837832E+015
1.325161E+016
1.729105E+016
2.022975E+016
2.52628E+016
2.859086E+016
3.311691E+016
3.519434E+016
3.959962E+016
4.172956E+016
4.539144E+016
4.781704E+016
5.043815E+016
5.734075E+016
5.976129E+016
6.051226E+016
6.407791E+016
6.456468E+016
6.905646E+016
7.046149E+016
7.302729E+016
7.682384E+016
7.553486E+016
7.726128E+016
8.04764E+016
8.123261E+016
8.553861E+016
8.838134E+016
8.812373E+016
8.912869E+016
9.256349E+016
9.654666E+016
9.500258E+016
9.50455E+016
9.186201E+016
9.166553E+016
9.502979E+016
9.441819E+016
9.544859E+016
9.624066E+016
9.649839E+016
9.652259E+016
9.498649E+016
9.275224E+016
9.027923E+016
9.652455E+016
9.50803E+016
9.319944E+016
9.015951E+016
8.82726E+016
8.362184E+016
8.330543E+016
7.879067E+016
8.032049E+016
7.640663E+016
7.818794E+016
7.269128E+016
7.473456E+016
7.107538E+016
6.941744E+016
6.623314E+016
6.018909E+016
6.262331E+016
5.738054E+016
5.130326E+016
5.206319E+016
4.873671E+016
4.293024E+016
4.207906E+016
3.741457E+016
3.652391E+016
3.274296E+016
2.747218E+016
2.344977E+016
2.066169E+016
1.874346E+016
1.33622E+016
9.041519E+015
5525434000000000
5843252000000000
1.084582E+016
1.515055E+016
1.861548E+016
2.117987E+016
2.651849E+016
2.986032E+016
3.299408E+016
3.787652E+016
4.095484E+016
4.212018E+016
4.504933E+016
4.888715E+016
5.058045E+016
5.668472E+016
5.870359E+016
6.255191E+016
6.26006E+016
6.734406E+016
7.277772E+016
7.486662E+016
7.072472E+016
7.211325E+016
7.500771E+016
7.878945E+016
8.206935E+016
8.114463E+016
8.485216E+016
8.882593E+016
9.023891E+016
8.937179E+016
9.27435E+016
9.443095E+016
9.333618E+016
9.670881E+016
9.513895E+016
9.481912E+016
9.569586E+016
9.621259E+016
9.456004E+016
9.538582E+016
9.417308E+016
9.772832E+016
9.276757E+016
9.290739E+016
9.638134E+016
9.143295E+016
9.392146E+016
9.304274E+016
9.0481E+016
8.993494E+016
8.514065E+016
8.290178E+016
8.084834E+016
7.839745E+016
7.72618E+016
7.68715E+016
7.79949E+016
6.904807E+016
6.910793E+016
6.818784E+016
6.536522E+016
6.158032E+016
6.056461E+016
5.490358E+016
5.324657E+016
5.194023E+016
4.713033E+016
4.519577E+016
4.0991E+016
3.757225E+016
3.427082E+016
3.001016E+016
2.891527E+016
2.442708E+016
2.085819E+016
1.677048E+016
1.269116E+016
9.130279E+015
6168854000000000
5668695000000000
1.094527E+016
1.43797E+016
1.867747E+016
2.138282E+016
2.68798E+016
2.936055E+016
3.177441E+016
3.569545E+016
3.797378E+016
4.355868E+016
4.594504E+016
4.804033E+016
5.214132E+016
5.444271E+016
5.950055E+016
6.130535E+016
6.562959E+016
6.846798E+016
7.22563E+016
7.414267E+016
7.592423E+016
7.637929E+016
7.998851E+016
7.996334E+016
8.28258E+016
8.227669E+016
8.49909E+016
8.892377E+016
9.334004E+016
8.635546E+016
9.293833E+016
9.2505E+016
9.380101E+016
9.669812E+016
9.439065E+016
9.717865E+016
9.493409E+016
9.748421E+016
9.517517E+016
9.586291E+016
9.664429E+016
9.686688E+016
9.568734E+016
9.653212E+016
9.611195E+016
9.396909E+016
9.517037E+016
9.250686E+016
8.946859E+016
8.909576E+016
8.789327E+016
8.410926E+016
8.250746E+016
8.282216E+016
7.95721E+016
7.859603E+016
7.393131E+016
7.522523E+016
6.729161E+016
6.637983E+016
6.183314E+016
6.167106E+016
5.983829E+016
5.549313E+016
5.335264E+016
5.109203E+016
5.142465E+016
4.477593E+016
4.251483E+016
3.757686E+016
3.477856E+016
3.026366E+016
2.883917E+016
2.499811E+016
2.108986E+016
1.58548E+016
1.299046E+016
9.883834E+015
5716263000000000
5816981000000000
1.009998E+016
1.434356E+016
1.775541E+016
2.181774E+016
2.480993E+016
2.947375E+016
3.432914E+016
3.71993E+016
4.002872E+016
4.411219E+016
4.777409E+016
4.918423E+016
5.254045E+016
5.289356E+016
5.644517E+016
6.463056E+016
6.736271E+016
6.757452E+016
7.127267E+016
7.191772E+016
7.318462E+016
7.511372E+016
7.806716E+016
7.974072E+016
8.352155E+016
8.298028E+016
8.311175E+016
8.64611E+016
9.051679E+016
8.777678E+016
9.365767E+016
9.081423E+016
9.324464E+016
9.424126E+016
9.506048E+016
9.413208E+016
9.994617E+016
9.635001E+016
9.689872E+016
9.376508E+016
9.455853E+016
9.468591E+016
9.786263E+016
9.728317E+016
9.479452E+016
9.326894E+016
9.383374E+016
9.138002E+016
9.0725E+016
8.543402E+016
8.956261E+016
8.479494E+016
8.040084E+016
8.184345E+016
7.914354E+016
7.587014E+016
7.704761E+016
7.744786E+016
6.943967E+016
6.718453E+016
6.216248E+016
6.290126E+016
6.206682E+016
5.591387E+016
5.288268E+016
4.886518E+016
4.686779E+016
4.606341E+016
4.012725E+016
3.683094E+016
3.352704E+016
2.966465E+016
2.716158E+016
2.261063E+016
2.16354E+016
1.864633E+016
1.314499E+016
9.586445E+015
5530426000000000
6692449000000000
1.070902E+016
1.308233E+016
1.636222E+016
2.011118E+016
2.629855E+016
2.888085E+016
3.231486E+016
3.466441E+016
3.874307E+016
4.163724E+016
4.382747E+016
5.009329E+016
5.336141E+016
5.568445E+016
5.692138E+016
6.433987E+016
6.726505E+016
6.825978E+016
7.320184E+016
7.298766E+016
7.622417E+016
7.843571E+016
8.16304E+016
8.276725E+016
8.192187E+016
8.369021E+016
8.691673E+016
9.106004E+016
9.184809E+016
8.844379E+016
9.228371E+016
8.772841E+016
9.587758E+016
1.00438E+017
9.293488E+016
9.685278E+016
9.569215E+016
9.993935E+016
9.791831E+016
9.46778E+016
9.305771E+016
9.813482E+016
9.451597E+016
9.555057E+016
9.415915E+016
9.72177E+016
9.057517E+016
9.356245E+016
9.084292E+016
9.325403E+016
8.857245E+016
8.77312E+016
8.54915E+016
8.064093E+016
8.214931E+016
7.436541E+016
7.392511E+016
7.435932E+016
6.992201E+016
6.502609E+016
6.468166E+016
6.375301E+016
5.92279E+016
5.976311E+016
5.476016E+016
5.277347E+016
4.860512E+016
4.398647E+016
3.939008E+016
3.741624E+016
3.422178E+016
3.262839E+016
2.789304E+016
2.412313E+016
2.031196E+016
1.80719E+016
1.320706E+016
1.036959E+016
5482879000000000
5411493000000000
9.882879E+015
1.437499E+016
1.853017E+016
1.939196E+016
2.378287E+016
2.90407E+016
3.254905E+016
3.519117E+016
4.038904E+016
4.480461E+016
4.648221E+016
4.901015E+016
5.338623E+016
5.667893E+016
5.951176E+016
6.262455E+016
6.591719E+016
6.707031E+016
6.816999E+016
7.189018E+016
7.143832E+016
7.910492E+016
8.447444E+016
8.373911E+016
8.208619E+016
8.384953E+016
9.169127E+016
9.039613E+016
8.868428E+016
9.228777E+016
8.922756E+016
9.14692E+016
9.264461E+016
9.331088E+016
9.350613E+016
9.707097E+016
9.332484E+016
9.537581E+016
9.74252E+016
9.339557E+016
9.696872E+016
9.597601E+016
9.848109E+016
9.492106E+016
9.244504E+016
9.030836E+016
9.148486E+016
9.039484E+016
9.158496E+016
8.810443E+016
8.840709E+016
8.481052E+016
8.27549E+016
8.000447E+016
7.944379E+016
7.745092E+016
7.367869E+016
7.082199E+016
6.940212E+016
6.797185E+016
6.646203E+016
6.580675E+016
5.906106E+016
5.735675E+016
5.646943E+016
5.174193E+016
4.756329E+016
4.243445E+016
3.936639E+016
3.608842E+016
3.63092E+016
3.03883E+016
2.776412E+016
2.447798E+016
1.900866E+016
1.637454E+016
1.388214E+016
1.031311E+016
5609693000000000
6051090000000000
9.387396E+015
1.301347E+016
1.769681E+016
2.210162E+016
2.43213E+016
2.819141E+016
3.319975E+016
3.531497E+016
3.944215E+016
4.298277E+016
4.645176E+016
5.068162E+016
5.384678E+016
5.700962E+016
5.831391E+016
6.06033E+016
6.537096E+016
6.560767E+016
6.764006E+016
7.141284E+016
7.691154E+016
7.483313E+016
8.03085E+016
8.337184E+016
7.992491E+016
8.570322E+016
8.582001E+016
8.854342E+016
9.055472E+016
9.253366E+016
9.151852E+016
9.089836E+016
9.437557E+016
9.571167E+016
9.250051E+016
9.436364E+016
9.576033E+016
9.872377E+016
1.003997E+017
9.55219E+016
9.382655E+016
9.396165E+016
9.771634E+016
9.361125E+016
9.457451E+016
9.347173E+016
9.236477E+016
9.300386E+016
9.212824E+016
8.848015E+016
8.479436E+016
8.719079E+016
8.317953E+016
7.927791E+016
7.896191E+016
7.594377E+016
7.428551E+016
7.206738E+016
7.147868E+016
6.789949E+016
6.500816E+016
6.208588E+016
5.882332E+016
6.131839E+016
5.733152E+016
5.079856E+016
4.662239E+016
4.461227E+016
4.272797E+016
3.795863E+016
3.666687E+016
3.089849E+016
2.872464E+016
2.410118E+016
2.016064E+016
1.641286E+016
1.38385E+016
9.455245E+015
5076983000000000
6161670000000000
1.030326E+016
1.322957E+016
1.744601E+016
2.04863E+016
2.458848E+016
2.831026E+016
3.380725E+016
3.596631E+016
3.996381E+016
4.069068E+016
4.624687E+016
4.826497E+016
5.205826E+016
5.617016E+016
5.848136E+016
6.046772E+016
6.257955E+016
6.507605E+016
6.896572E+016
6.952306E+016
7.229504E+016
7.716296E+016
8.029473E+016
8.011555E+016
8.184832E+016
8.60049E+016
9.084374E+016
8.906444E+016
9.057102E+016
9.05956E+016
9.230731E+016
9.633131E+016
9.47676E+016
8.992885E+016
9.571224E+016
9.568562E+016
9.367597E+016
9.890161E+016
9.975029E+016
9.783801E+016
9.628075E+016
9.584697E+016
9.615537E+016
9.253495E+016
9.441248E+016
9.125737E+016
8.971348E+016
8.810922E+016
9.056571E+016
8.669365E+016
8.626819E+016
8.851621E+016
8.45506E+016
8.182498E+016
8.329891E+016
7.468688E+016
7.57407E+016
7.41385E+016
7.061421E+016
6.820366E+016
6.552406E+016
6.297317E+016
5.980144E+016
5.780456E+016
5.553461E+016
5.168728E+016
4.451717E+016
4.359757E+016
4.224347E+016
3.852188E+016
3.447048E+016
3.247896E+016
2.906267E+016
2.433339E+016
2.088842E+016
1.742664E+016
1.275373E+016
9.882488E+015
5571451000000000
5833819000000000
1.003835E+016
1.433647E+016
1.801567E+016
2.211386E+016
2.565982E+016
2.698663E+016
3.083665E+016
3.50494E+016
3.985923E+016
4.258283E+016
4.720159E+016
5.081541E+016
5.477442E+016
5.632165E+016
6.053657E+016
5.997817E+016
6.399267E+016
6.485326E+016
6.87075E+016
7.126496E+016
7.646505E+016
7.565343E+016
8.155116E+016
7.846363E+016
8.333611E+016
8.350101E+016
8.610384E+016
9.003808E+016
8.957749E+016
8.780482E+016
9.218839E+016
9.426104E+016
8.864935E+016
9.296576E+016
9.708745E+016
9.616267E+016
9.413038E+016
9.782589E+016
9.666312E+016
9.631506E+016
9.560389E+016
9.666307E+016
9.283733E+016
9.273568E+016
9.564782E+016
9.087807E+016
8.76311E+016
8.910761E+016
8.827694E+016
8.51666E+016
8.299851E+016
8.625478E+016
8.248527E+016
8.080635E+016
8.144332E+016
7.503154E+016
7.32332E+016
7.092151E+016
6.590503E+016
6.506389E+016
6.612473E+016
6.235695E+016
5.953567E+016
5.808145E+016
5.494178E+016
4.986699E+016
4.90303E+016
4.753703E+016
4.108688E+016
3.789995E+016
3.61708E+016
3.180768E+016
2.831918E+016
2.438768E+016
2.026095E+016
1.689825E+016
1.269015E+016
9.596992E+015
5582440000000000
6326368000000000
9.66619E+015
1.384219E+016
1.732432E+016
2.010137E+016
2.468389E+016
2.762856E+016
3.123604E+016
3.606286E+016
3.748765E+016
4.336594E+016
4.566754E+016
4.933017E+016
5.229477E+016
5.382882E+016
5.985405E+016
6.137687E+016
6.27792E+016
6.802503E+016
6.877008E+016
7.003197E+016
7.380638E+016
7.727989E+016
7.947833E+016
7.982044E+016
8.136028E+016
8.46872E+016
8.562985E+016
9.107655E+016
9.003652E+016
9.067247E+016
9.233831E+016
9.278423E+016
9.101952E+016
9.517734E+016
9.462091E+016
9.550382E+016
9.558211E+016
9.585123E+016
9.557213E+016
9.51382E+016
9.245334E+016
9.095472E+016
9.138668E+016
9.287033E+016
9.16962E+016
9.054883E+016
8.877772E+016
8.788982E+016
9.021954E+016
8.732411E+016
8.552112E+016
8.518453E+016
8.235263E+016
8.3042E+016
8.165147E+016
7.669871E+016
7.117922E+016
6.953186E+016
6.864996E+016
6.4537E+016
6.343348E+016
6.035321E+016
5.633336E+016
5.469388E+016
5.051801E+016
4.882785E+016
4.638313E+016
4.440187E+016
4.186972E+016
3.853904E+016
3.64953E+016
3.199378E+016
2.860975E+016
2.567002E+016
2.02649E+016
1.713876E+016
1.429885E+016
9.481145E+015
6082108000000000
5678351000000000
1.042312E+016
1.336581E+016
1.819794E+016
2.162939E+016
2.545467E+016
2.710314E+016
3.218235E+016
3.445639E+016
3.749921E+016
4.064274E+016
4.463586E+016
4.894772E+016
5.098036E+016
5.484207E+016
5.979905E+016
5.933139E+016
6.287179E+016
6.775502E+016
6.850022E+016
7.089071E+016
7.000582E+016
7.493843E+016
7.69344E+016
8.175426E+016
7.894388E+016
8.34673E+016
8.519936E+016
8.776103E+016
8.938178E+016
9.043133E+016
9.101066E+016
9.135893E+016
9.320537E+016
9.337001E+016
9.606737E+016
9.50174E+016
9.541227E+016
9.38258E+016
9.719242E+016
9.574122E+016
9.51375E+016
9.280172E+016
9.37924E+016
9.260162E+016
9.286745E+016
9.102345E+016
8.798973E+016
9.000269E+016
8.519202E+016
8.474018E+016
8.472875E+016
8.351049E+016
8.356512E+016
8.216215E+016
7.765673E+016
7.350431E+016
6.960972E+016
6.972232E+016
6.476419E+016
6.441666E+016
6.295942E+016
6.234783E+016
5.988955E+016
5.56666E+016
5.257896E+016
4.847349E+016
4.428649E+016
4.378674E+016
3.976285E+016
3.856562E+016
3.571597E+016
3.171928E+016
2.84037E+016
2.402589E+016
2.055074E+016
1.593885E+016
1.189266E+016
8561966999999999
4965721000000000
6461245000000000
9.675161E+015
1.413983E+016
1.860994E+016
2.06335E+016
2.471472E+016
2.730265E+016
3.250242E+016
3.093166E+016
3.745061E+016
4.05897E+016
4.34278E+016
4.900102E+016
5.092067E+016
5.633715E+016
5.663349E+016
5.798333E+016
5.980611E+016
6.741891E+016
6.573489E+016
6.916704E+016
7.383873E+016
7.660264E+016
7.756538E+016
8.081858E+016
8.230408E+016
8.630052E+016
8.377931E+016
8.518089E+016
8.922501E+016
8.604045E+016
8.968457E+016
9.143721E+016
9.223515E+016
9.325451E+016
9.264176E+016
9.315361E+016
9.659943E+016
9.790067E+016
9.62361E+016
9.403806E+016
9.185406E+016
9.189833E+016
9.218755E+016
9.448333E+016
9.296716E+016
8.907124E+016
8.839515E+016
8.513017E+016
8.350657E+016
8.654915E+016
8.525173E+016
8.204724E+016
7.978688E+016
7.900582E+016
7.584685E+016
7.427143E+016
7.147967E+016
7.222821E+016
6.848227E+016
6.29581E+016
6.473567E+016
6.160673E+016
5.964713E+016
5.64383E+016
5.283864E+016
5.005268E+016
4.357049E+016
4.221588E+016
3.902514E+016
3.73952E+016
3.343519E+016
3.306563E+016
2.741622E+016
2.427038E+016
1.870918E+016
1.701844E+016
1.292229E+016
9.671981E+015
5502084000000000
6389346000000000
1.046514E+016
1.407339E+016
1.749965E+016
1.952088E+016
2.374791E+016
2.691294E+016
3.00276E+016
3.325829E+016
3.636127E+016
4.14487E+016
4.34995E+016
4.745411E+016
5.038788E+016
5.522027E+016
5.705662E+016
5.852458E+016
6.283317E+016
6.200416E+016
6.602247E+016
6.890454E+016
7.120127E+016
7.39624E+016
7.373241E+016
7.916956E+016
8.085881E+016
8.232975E+016
8.550763E+016
8.599595E+016
8.641135E+016
8.721625E+016
8.917221E+016
9.026237E+016
8.68558E+016
9.046983E+016
9.315924E+016
9.354953E+016
9.367224E+016
9.540197E+016
9.368442E+016
9.278638E+016
9.29966E+016
9.316965E+016
9.551289E+016
8.82905E+016
9.386559E+016
8.90091E+016
8.736312E+016
8.432202E+016
8.261096E+016
8.361783E+016
8.583866E+016
8.148446E+016
8.138806E+016
7.840296E+016
7.510113E+016
7.68948E+016
7.166865E+016
6.956727E+016
6.745091E+016
6.530766E+016
6.362958E+016
6.002438E+016
5.492907E+016
5.39191E+016
5.096001E+016
4.887908E+016
4.470983E+016
4.193472E+016
3.935159E+016
3.670527E+016
3.442951E+016
3.061893E+016
2.806905E+016
2.431033E+016
1.984201E+016
1.674174E+016
1.23343E+016
9.009682E+015
4980845000000000
5928973000000000
9.893979E+015
1.296958E+016
1.651579E+016
1.989378E+016
2.281857E+016
2.618079E+016
3.273158E+016
3.314287E+016
3.805711E+016
4.064063E+016
4.304311E+016
4.500175E+016
5.154764E+016
5.430524E+016
5.716939E+016
5.887742E+016
5.97236E+016
6.456093E+016
6.927728E+016
6.663302E+016
7.119674E+016
7.336822E+016
7.361098E+016
7.917188E+016
7.892428E+016
8.029787E+016
8.048362E+016
8.479997E+016
8.515954E+016
8.282783E+016
8.541835E+016
8.848059E+016
9.017209E+016
9.057057E+016
9.21597E+016
9.188215E+016
8.918931E+016
9.254236E+016
9.212421E+016
9.183371E+016
9.226141E+016
9.028696E+016
8.832953E+016
8.901498E+016
8.595659E+016
8.534647E+016
8.887164E+016
8.933967E+016
8.664576E+016
8.484796E+016
8.402633E+016
8.112134E+016
8.0552E+016
7.592771E+016
7.483074E+016
7.607673E+016
7.028689E+016
6.997021E+016
6.360946E+016
6.278648E+016
6.276535E+016
5.905449E+016
5.465174E+016
5.302009E+016
5.078994E+016
4.709967E+016
4.47701E+016
3.955486E+016
3.710219E+016
3.530763E+016
3.287622E+016
3.057178E+016
2.576562E+016
2.210133E+016
1.927138E+016
1.662446E+016
1.356699E+016
9.019069E+015
5198450000000000
5430633000000000
8788466000000000
1.226724E+016
1.56224E+016
1.959093E+016
2.166899E+016
2.694078E+016
3.186739E+016
3.234692E+016
3.728654E+016
4.009316E+016
4.58294E+016
4.532066E+016
5.157451E+016
5.348408E+016
5.527876E+016
5.514683E+016
6.056215E+016
6.207617E+016
6.70059E+016
6.933188E+016
6.655424E+016
7.013255E+016
7.137406E+016
7.478736E+016
7.83232E+016
7.96679E+016
7.739706E+016
8.618437E+016
8.413084E+016
8.463173E+016
8.485822E+016
8.706721E+016
8.644112E+016
8.801649E+016
9.144549E+016
9.131396E+016
8.788285E+016
9.253601E+016
9.231462E+016
9.078342E+016
8.693522E+016
9.252551E+016
9.278402E+016
8.882876E+016
8.461176E+016
8.684944E+016
8.639093E+016
8.71634E+016
8.309653E+016
8.604314E+016
8.114214E+016
8.155451E+016
7.79403E+016
7.661521E+016
7.620895E+016
7.402525E+016
7.014961E+016
7.148661E+016
6.436631E+016
6.128659E+016
6.144342E+016
5.596326E+016
5.509867E+016
4.912939E+016
4.881328E+016
4.779662E+016
4.431221E+016
4.114686E+016
3.670396E+016
3.522132E+016
3.331613E+016
2.998471E+016
2.721979E+016
2.406942E+016
1.877167E+016
1.703662E+016
1.265655E+016
1.002592E+016
5001896000000000
6123906000000000
9.06827E+015
1.246012E+016
1.647542E+016
2.057229E+016
2.435981E+016
2.663489E+016
3.022076E+016
3.390876E+016
3.778064E+016
3.832565E+016
4.365779E+016
4.842989E+016
4.91174E+016
5.212439E+016
5.428992E+016
5.66079E+016
5.84616E+016
6.162687E+016
6.347097E+016
6.538367E+016
6.580912E+016
6.783768E+016
7.067953E+016
7.385502E+016
7.814729E+016
8.183325E+016
8.035154E+016
7.729467E+016
8.192441E+016
8.58782E+016
8.44731E+016
8.555491E+016
8.525041E+016
8.492075E+016
8.977899E+016
9.116668E+016
8.943777E+016
9.058082E+016
8.934618E+016
9.021802E+016
8.877363E+016
8.518335E+016
8.818884E+016
8.71862E+016
8.787919E+016
8.63765E+016
8.786798E+016
8.389338E+016
8.644324E+016
8.193812E+016
8.218226E+016
8.053577E+016
7.860469E+016
7.483529E+016
7.423008E+016
7.357339E+016
7.09036E+016
6.479714E+016
6.206062E+016
5.98212E+016
5.988204E+016
5.791402E+016
5.437748E+016
4.765298E+016
5.046288E+016
4.432377E+016
4.30129E+016
4.183169E+016
3.608068E+016
3.374197E+016
3.175133E+016
2.713878E+016
2.42958E+016
2.165708E+016
1.984466E+016
1.548211E+016
1.350438E+016
9.027862E+015
5383255000000000
4870196000000000
8259767000000000
1.306287E+016
1.471592E+016
2.028422E+016
2.277122E+016
2.477252E+016
3.156727E+016
3.48765E+016
3.469372E+016
3.726225E+016
4.229208E+016
4.394491E+016
4.594389E+016
4.742138E+016
5.214294E+016
5.31527E+016
5.778837E+016
5.897354E+016
6.225688E+016
6.298048E+016
6.471467E+016
6.848628E+016
7.046843E+016
7.255801E+016
7.939552E+016
7.762651E+016
7.599637E+016
7.826809E+016
7.87372E+016
7.766075E+016
8.408192E+016
8.756817E+016
8.358832E+016
8.412049E+016
8.80822E+016
8.923456E+016
9.034409E+016
8.841562E+016
8.659049E+016
8.662932E+016
8.728624E+016
8.847167E+016
8.437808E+016
8.620839E+016
8.458974E+016
8.331212E+016
8.411797E+016
8.419375E+016
8.533238E+016
7.861303E+016
8.277215E+016
8.01146E+016
7.407059E+016
7.491979E+016
7.122871E+016
7.216415E+016
6.878615E+016
6.472606E+016
6.108736E+016
5.976048E+016
5.960939E+016
5.824868E+016
5.521713E+016
5.157099E+016
4.992132E+016
4.326641E+016
4.214294E+016
3.87757E+016
3.662933E+016
3.459036E+016
3.317351E+016
2.684904E+016
2.449581E+016
2.185394E+016
1.892272E+016
1.556165E+016
1.221605E+016
8523301999999999
4989088000000000
5868536000000000
8950316000000000
1.246704E+016
1.545803E+016
2.004133E+016
2.22104E+016
2.599237E+016
2.800903E+016
3.297792E+016
3.560126E+016
3.791656E+016
4.161107E+016
4.284404E+016
4.465501E+016
4.819961E+016
5.153816E+016
5.174384E+016
5.602264E+016
5.793844E+016
6.093888E+016
6.119511E+016
6.333731E+016
6.614111E+016
7.140303E+016
7.257165E+016
7.621901E+016
7.744715E+016
7.889949E+016
7.852363E+016
7.963073E+016
8.05683E+016
8.439714E+016
8.434932E+016
8.510541E+016
8.449583E+016
8.304331E+016
8.392163E+016
8.931779E+016
8.788276E+016
8.498606E+016
8.751286E+016
8.698965E+016
8.531806E+016
8.577251E+016
8.579534E+016
8.338777E+016
8.31528E+016
8.239703E+016
8.072056E+016
8.123673E+016
7.936151E+016
7.844469E+016
7.579582E+016
7.605895E+016
7.091422E+016
6.95122E+016
6.838969E+016
6.6361E+016
6.127511E+016
6.201418E+016
5.992563E+016
5.921922E+016
5.523348E+016
5.443215E+016
5.003317E+016
4.783E+016
4.45224E+016
4.189045E+016
3.866496E+016
3.678621E+016
3.365452E+016
3.100037E+016
3.05145E+016
2.458562E+016
2.264792E+016
2.018114E+016
1.610099E+016
1.083718E+016
7994909000000000
5237590000000000
5597247000000000
8904741000000000
1.309224E+016
1.434589E+016
1.890684E+016
2.13682E+016
2.678549E+016
2.852307E+016
3.323673E+016
3.586565E+016
3.67091E+016
3.822642E+016
4.300818E+016
4.515661E+016
4.690162E+016
4.965432E+016
5.262425E+016
5.677567E+016
5.75357E+016
5.923026E+016
6.297022E+016
5.995662E+016
6.268578E+016
7.034247E+016
6.968878E+016
7.453564E+016
7.644372E+016
7.450157E+016
7.854516E+016
7.482307E+016
7.738586E+016
8.311502E+016
8.094123E+016
8.113551E+016
8.106422E+016
7.993855E+016
8.335447E+016
8.012433E+016
8.150664E+016
8.37168E+016
8.381492E+016
8.528004E+016
8.178028E+016
8.436401E+016
8.581143E+016
8.525621E+016
8.097646E+016
8.063148E+016
8.069525E+016
7.943647E+016
7.597611E+016
7.743657E+016
7.393738E+016
7.376325E+016
7.069911E+016
6.859552E+016
6.600216E+016
6.550385E+016
6.30138E+016
5.93375E+016
6.054239E+016
5.883139E+016
5.590166E+016
5.479783E+016
4.751029E+016
4.575968E+016
4.413623E+016
4.143514E+016
3.740196E+016
3.719423E+016
3.301241E+016
3.160195E+016
2.964485E+016
2.5266E+016
2.052248E+016
1.898538E+016
1.538936E+016
1.286808E+016
8538347000000000
4672209000000000
5414645000000000
9.0103E+015
1.151679E+016
1.342635E+016
1.78066E+016
2.120339E+016
2.372967E+016
2.873998E+016
2.917045E+016
3.273126E+016
3.445284E+016
3.90484E+016
4.20697E+016
4.349994E+016
4.642581E+016
5.144795E+016
5.300786E+016
5.472031E+016
5.86276E+016
5.851116E+016
6.060054E+016
6.293333E+016
6.638609E+016
6.640483E+016
6.950303E+016
6.972865E+016
7.003376E+016
7.429114E+016
7.511421E+016
7.616301E+016
7.570787E+016
8.206797E+016
7.785451E+016
7.838679E+016
7.865332E+016
7.784024E+016
7.938924E+016
7.93107E+016
8.016418E+016
8.24339E+016
8.388575E+016
8.402938E+016
8.420785E+016
8.152689E+016
8.254949E+016
8.055491E+016
8.020352E+016
7.929042E+016
7.640847E+016
7.584467E+016
7.720095E+016
7.415948E+016
7.30884E+016
7.106634E+016
6.799044E+016
6.640294E+016
6.692489E+016
6.333575E+016
6.042048E+016
6.192625E+016
5.848098E+016
5.725675E+016
5.48727E+016
4.995772E+016
4.648287E+016
4.571742E+016
4.367259E+016
3.939452E+016
3.615839E+016
3.352511E+016
3.227962E+016
2.897954E+016
2.691131E+016
2.404686E+016
2.133515E+016
1.723994E+016
1.577292E+016
1.154453E+016
7390872000000000
4790919000000000
4623689000000000
8129576000000000
1.243959E+016
1.538153E+016
1.724222E+016
1.995474E+016
2.2834E+016
2.787598E+016
3.046873E+016
3.383282E+016
3.457828E+016
3.878006E+016
4.037125E+016
4.554881E+016
4.344506E+016
4.845654E+016
5.233938E+016
5.342566E+016
5.687496E+016
6.01229E+016
6.083241E+016
6.319853E+016
6.345178E+016
6.477549E+016
6.790124E+016
6.85358E+016
7.136593E+016
6.893547E+016
7.209554E+016
7.328081E+016
7.412675E+016
7.579726E+016
7.544172E+016
7.691393E+016
7.946569E+016
7.811963E+016
7.736845E+016
7.858967E+016
8.050603E+016
8.073643E+016
8.232277E+016
7.968432E+016
7.813231E+016
7.590724E+016
7.767263E+016
7.799061E+016
8.056024E+016
7.715446E+016
7.369328E+016
7.371019E+016
7.090753E+016
7.222871E+016
7.047118E+016
6.851708E+016
6.648321E+016
6.557208E+016
6.45319E+016
6.078308E+016
6.072256E+016
5.807416E+016
6.026228E+016
5.363579E+016
5.264529E+016
5.04154E+016
4.866472E+016
4.375765E+016
4.314913E+016
3.962374E+016
3.510563E+016
3.349189E+016
3.164205E+016
3.020825E+016
2.64441E+016
2.396265E+016
1.993383E+016
1.693662E+016
1.456394E+016
1.091114E+016
8372349000000000
4569393000000000
4493981000000000
8539477000000000
1.097949E+016
1.465429E+016
1.672489E+016
1.953122E+016
2.261231E+016
2.540207E+016
2.806441E+016
2.990081E+016
3.286736E+016
3.762557E+016
4.29315E+016
4.289413E+016
4.618243E+016
4.497936E+016
4.811395E+016
5.236765E+016
5.20205E+016
5.304196E+016
5.5904E+016
5.791426E+016
6.079049E+016
6.558306E+016
6.595185E+016
6.534798E+016
6.710305E+016
6.905304E+016
7.086735E+016
7.142152E+016
7.736405E+016
7.28498E+016
7.539293E+016
7.561938E+016
7.187646E+016
7.909299E+016
7.791667E+016
7.646294E+016
7.515784E+016
7.5291E+016
7.847557E+016
7.610754E+016
7.741038E+016
7.725334E+016
7.835643E+016
7.893686E+016
7.596828E+016
7.731355E+016
7.307254E+016
7.224441E+016
7.042633E+016
7.02415E+016
6.919231E+016
6.691932E+016
6.389726E+016
6.218319E+016
6.313393E+016
6.36725E+016
6.015202E+016
5.386699E+016
5.523133E+016
5.114811E+016
4.754915E+016
4.747093E+016
4.879034E+016
4.355373E+016
4.030881E+016
3.9644E+016
3.626648E+016
3.306043E+016
2.992513E+016
2.800648E+016
2.717187E+016
2.235525E+016
1.932886E+016
1.591678E+016
1.334619E+016
1.13606E+016
7700706000000000
4993179000000000
5470897000000000
8007438000000001
1.027117E+016
1.419728E+016
1.731559E+016
1.980002E+016
2.327028E+016
2.559183E+016
2.715837E+016
3.04412E+016
3.408337E+016
3.503519E+016
3.891479E+016
4.092663E+016
4.390899E+016
4.602453E+016
4.917281E+016
5.08072E+016
5.061192E+016
5.138932E+016
5.542365E+016
5.625585E+016
6.465092E+016
6.173152E+016
6.491157E+016
6.546815E+016
6.900254E+016
6.701668E+016
6.941472E+016
6.900723E+016
6.971761E+016
7.047998E+016
7.220031E+016
7.050761E+016
7.030213E+016
7.210549E+016
7.399311E+016
7.441617E+016
7.47733E+016
7.395796E+016
7.511083E+016
7.360476E+016
7.578456E+016
7.644744E+016
7.521647E+016
7.603307E+016
7.326917E+016
7.156053E+016
6.942706E+016
6.871139E+016
6.632617E+016
6.818944E+016
6.706635E+016
6.369843E+016
6.714884E+016
6.315301E+016
6.198989E+016
6.026433E+016
5.736769E+016
5.433568E+016
5.346515E+016
5.246139E+016
4.920072E+016
4.80359E+016
4.333533E+016
4.294623E+016
4.134897E+016
3.807597E+016
3.466998E+016
3.237879E+016
2.939266E+016
2.738706E+016
2.48575E+016
2.111974E+016
1.763355E+016
1.510716E+016
1.348514E+016
1.087521E+016
7665666000000000
4551085000000000
5108904000000000
7503562000000000
1.109131E+016
1.38904E+016
1.711591E+016
1.878013E+016
2.042142E+016
2.257542E+016
2.787598E+016
2.929596E+016
3.192811E+016
3.517415E+016
3.661183E+016
4.045423E+016
4.274162E+016
4.376772E+016
4.690995E+016
5.028252E+016
5.009616E+016
5.081577E+016
5.537846E+016
5.672185E+016
5.877007E+016
5.979517E+016
6.177776E+016
6.308796E+016
6.372492E+016
6.627295E+016
6.401739E+016
7.01804E+016
6.74007E+016
6.748414E+016
7.040866E+016
6.947898E+016
6.885068E+016
7.067429E+016
7.271802E+016
7.103649E+016
7.348889E+016
7.152401E+016
7.377379E+016
7.177196E+016
7.421815E+016
7.502016E+016
7.148535E+016
7.491914E+016
7.174666E+016
7.007876E+016
7.110855E+016
6.806449E+016
6.639799E+016
6.613685E+016
6.523135E+016
6.29371E+016
6.214488E+016
5.991876E+016
5.967323E+016
5.871283E+016
5.544288E+016
5.399883E+016
5.232791E+016
5.004595E+016
4.729375E+016
4.451014E+016
4.317608E+016
3.994253E+016
3.990506E+016
3.612757E+016
3.518055E+016
3.052228E+016
3.059014E+016
2.840906E+016
2.629983E+016
2.110283E+016
1.817623E+016
1.477844E+016
1.205406E+016
9.424146E+015
6641250000000000
5270684000000000
4.249901E+015
7967299000000000
1.174198E+016
1.328979E+016
1.559475E+016
1.871237E+016
1.970551E+016
2.179791E+016
2.704447E+016
2.827899E+016
3.25769E+016
3.335642E+016
3.570863E+016
4.09892E+016
4.108734E+016
4.199659E+016
4.759788E+016
4.815287E+016
5.01798E+016
5.097664E+016
5.369579E+016
5.38214E+016
5.704521E+016
5.925281E+016
5.993647E+016
6.167956E+016
6.460842E+016
6.72612E+016
6.739349E+016
6.658264E+016
6.545624E+016
6.601988E+016
6.34285E+016
6.636633E+016
6.608532E+016
6.844032E+016
6.895748E+016
7.039406E+016
7.037075E+016
6.801392E+016
7.014485E+016
7.080088E+016
7.159401E+016
7.056358E+016
7.029782E+016
7.121432E+016
6.892918E+016
7.136149E+016
6.920611E+016
6.745523E+016
6.585622E+016
6.647776E+016
6.294496E+016
6.053166E+016
5.984941E+016
5.746827E+016
5.874663E+016
5.725368E+016
5.347294E+016
5.141925E+016
4.938325E+016
4.805119E+016
4.361343E+016
4.305105E+016
4.223972E+016
3.944885E+016
3.609478E+016
3.594485E+016
3.275515E+016
2.996997E+016
3.040456E+016
2.764567E+016
2.444201E+016
2.125366E+016
1.672111E+016
1.360748E+016
1.183951E+016
1.08595E+016
6805511000000000
4372174000000000
4514299000000000
6480969000000000
1.092529E+016
1.350126E+016
1.606311E+016
1.874231E+016
1.870532E+016
2.251146E+016
2.468064E+016
2.772423E+016
3.088089E+016
3.250537E+016
3.35854E+016
3.582902E+016
3.903245E+016
4.071633E+016
4.354613E+016
4.59635E+016
4.939068E+016
4.988448E+016
5.300571E+016
4.964727E+016
5.556134E+016
5.499082E+016
5.853837E+016
5.920376E+016
6.180038E+016
6.25115E+016
6.275555E+016
6.376651E+016
6.479582E+016
5.963061E+016
6.207987E+016
6.396737E+016
6.540784E+016
6.614134E+016
6.668605E+016
6.840258E+016
6.72433E+016
6.813898E+016
6.630622E+016
7.151357E+016
6.369566E+016
7.187945E+016
6.783813E+016
6.796725E+016
6.808447E+016
6.841499E+016
6.828619E+016
6.663383E+016
6.401058E+016
6.337139E+016
6.303741E+016
5.840436E+016
5.579835E+016
5.582791E+016
5.678951E+016
5.355215E+016
5.293753E+016
5.080972E+016
4.877942E+016
4.688673E+016
4.523551E+016
4.379771E+016
3.944236E+016
3.800904E+016
3.660333E+016
3.428654E+016
3.338461E+016
2.951764E+016
2.71476E+016
2.527947E+016
2.373419E+016
2.071407E+016
1.656395E+016
1.343124E+016
1.271872E+016
9.873345E+015
6233597000000000
3631424000000000
3901790000000000
6744330000000000
9.360076E+015
1.207915E+016
1.492817E+016
1.619725E+016
1.825917E+016
2.075402E+016
2.472947E+016
2.65602E+016
3.145575E+016
3.240526E+016
3.330097E+016
3.377633E+016
3.703902E+016
3.737641E+016
4.041706E+016
4.118851E+016
4.441328E+016
4.599542E+016
4.616528E+016
5.149301E+016
5.141609E+016
5.482022E+016
5.656942E+016
5.816971E+016
5.895657E+016
5.945073E+016
5.774099E+016
6.251409E+016
6.353378E+016
6.002681E+016
6.217096E+016
6.273174E+016
6.063455E+016
6.217393E+016
6.423586E+016
6.585047E+016
6.608492E+016
6.593539E+016
7.045021E+016
6.802662E+016
6.698608E+016
6.683313E+016
6.390856E+016
6.467809E+016
6.447357E+016
6.223217E+016
6.734798E+016
6.448315E+016
6.093983E+016
5.865282E+016
5.884305E+016
5.633785E+016
5.642471E+016
5.764234E+016
5.424979E+016
5.211297E+016
4.727469E+016
4.635778E+016
4.764356E+016
4.691415E+016
4.405326E+016
4.210696E+016
3.992207E+016
3.793202E+016
3.59352E+016
3.24583E+016
3.157445E+016
2.72612E+016
2.497677E+016
2.347971E+016
2.133955E+016
1.834276E+016
1.632E+016
1.403984E+016
1.194416E+016
9.030291E+015
6904358999999999
3315079000000000
3.711555E+015
6151655000000000
8971105000000000
1.11267E+016
1.355475E+016
1.674105E+016
1.811174E+016
2.252741E+016
2.411673E+016
2.479962E+016
2.935819E+016
3.166007E+016
3.104228E+016
3.217632E+016
3.652753E+016
3.742479E+016
4.026519E+016
4.287706E+016
4.143351E+016
4.390564E+016
4.623399E+016
4.768662E+016
4.8394E+016
5.042329E+016
5.423332E+016
5.298791E+016
5.660401E+016
5.807498E+016
5.816832E+016
5.789623E+016
5.942282E+016
5.739535E+016
6.031979E+016
6.11486E+016
6.026503E+016
6.159783E+016
6.365061E+016
6.38091E+016
6.27623E+016
6.377176E+016
6.447939E+016
6.349044E+016
6.156504E+016
6.273898E+016
6.318276E+016
6.289938E+016
6.220657E+016
6.126423E+016
6.076198E+016
5.725614E+016
5.627978E+016
5.754882E+016
5.808034E+016
5.383693E+016
5.388185E+016
5.38741E+016
4.957783E+016
4.819194E+016
4.897681E+016
4.483126E+016
4.70827E+016
4.467989E+016
4.332691E+016
4.129467E+016
3.847808E+016
3.688656E+016
3.337939E+016
3.424931E+016
2.955878E+016
2.772331E+016
2.589414E+016
2.297569E+016
2.081996E+016
1.804324E+016
1.656677E+016
1.479234E+016
1.112239E+016
7732678000000000
6006502000000000
3885210000000000
3932011000000000
6109683000000000
7815285000000000
1.154914E+016
1.264256E+016
1.488895E+016
1.770339E+016
2.036295E+016
2.33172E+016
2.592213E+016
2.634987E+016
2.797964E+016
3.061937E+016
3.266147E+016
3.517255E+016
3.625773E+016
3.798022E+016
4.070312E+016
4.388694E+016
4.326674E+016
4.748414E+016
4.714329E+016
4.62712E+016
4.733875E+016
4.956003E+016
4.926097E+016
5.225851E+016
5.324647E+016
5.498554E+016
5.472296E+016
5.256625E+016
5.767714E+016
5.694427E+016
5.627031E+016
5.819327E+016
5.828374E+016
5.966626E+016
5.968709E+016
6.109214E+016
6.303765E+016
6.081366E+016
6.156778E+016
5.836468E+016
5.819894E+016
6.028071E+016
5.686929E+016
5.777791E+016
5.592297E+016
5.606201E+016
5.744413E+016
5.617081E+016
5.577075E+016
5.240364E+016
5.192321E+016
5.187874E+016
4.822452E+016
5.030162E+016
4.53992E+016
4.680147E+016
4.510171E+016
4.175998E+016
4.32083E+016
3.923766E+016
3.786671E+016
3.487966E+016
3.606274E+016
3.252053E+016
2.848492E+016
2.745405E+016
2.469678E+016
2.554755E+016
2.229655E+016
2.001706E+016
1.805784E+016
1.601797E+016
1.552663E+016
1.00364E+016
8106229000000001
6278310000000000
3.603807E+015
3745284000000000
5504354000000000
8174293000000000
1.060405E+016
1.356957E+016
1.616571E+016
1.725131E+016
1.919054E+016
2.15989E+016
2.41356E+016
2.473588E+016
2.625699E+016
2.842783E+016
3.22457E+016
3.387764E+016
3.425369E+016
3.716098E+016
3.944283E+016
4.167918E+016
4.130244E+016
4.346465E+016
4.376235E+016
4.499412E+016
4.694997E+016
4.70778E+016
4.829179E+016
5.014951E+016
5.159083E+016
5.105507E+016
5.050374E+016
5.231638E+016
5.364085E+016
5.418567E+016
5.562256E+016
5.443923E+016
5.808543E+016
5.748069E+016
5.628498E+016
5.753004E+016
5.569498E+016
5.669185E+016
5.695556E+016
5.797212E+016
5.462231E+016
5.726781E+016
5.472023E+016
5.575934E+016
5.688062E+016
5.456066E+016
5.373719E+016
5.491998E+016
5.200507E+016
5.129844E+016
5.246358E+016
5.038807E+016
4.749767E+016
4.80524E+016
4.564332E+016
4.541569E+016
4.208415E+016
4.122155E+016
4.085399E+016
3.972076E+016
3.698179E+016
3.389065E+016
3.459233E+016
3.223281E+016
2.956581E+016
2.846947E+016
2.689751E+016
2.377893E+016
2.159938E+016
1.877319E+016
1.91074E+016
1.610468E+016
1.297458E+016
9.165081E+015
7570973000000000
5713501000000000
3382585000000000
3280433000000000
6374472000000000
8711276000000000
1.032454E+016
1.298283E+016
1.590715E+016
1.824097E+016
1.851447E+016
2.112593E+016
2.21667E+016
2.601998E+016
2.634411E+016
2.938439E+016
3.160233E+016
3.091666E+016
3.188731E+016
3.695252E+016
3.854458E+016
3.86726E+016
3.862799E+016
4.016542E+016
4.083141E+016
4.540079E+016
4.551216E+016
4.530253E+016
4.515325E+016
4.740296E+016
4.779262E+016
4.735297E+016
4.861238E+016
4.984472E+016
4.993882E+016
5.204093E+016
5.357207E+016
5.461247E+016
5.164404E+016
5.322895E+016
5.398426E+016
5.669502E+016
5.47758E+016
5.411382E+016
5.182988E+016
5.381758E+016
5.246504E+016
5.319013E+016
5.168118E+016
5.522238E+016
5.333995E+016
5.10955E+016
4.879503E+016
5.080058E+016
4.873966E+016
4.785881E+016
4.959646E+016
4.671547E+016
4.481037E+016
4.523902E+016
4.320588E+016
4.479401E+016
4.086884E+016
3.996445E+016
3.75571E+016
3.591835E+016
3.478612E+016
3.089819E+016
3.171126E+016
3.063205E+016
2.995755E+016
2.629323E+016
2.508264E+016
2.229093E+016
1.972428E+016
1.763247E+016
1.740224E+016
1.452024E+016
1.337492E+016
9.335797E+015
6753667000000000
5516367000000000
3445922000000000
2839454000000000
5820360000000000
7645742000000000
9.429599E+015
1.117352E+016
1.395347E+016
1.715463E+016
1.977479E+016
1.910562E+016
2.084871E+016
2.340061E+016
2.570804E+016
2.704147E+016
2.841387E+016
3.001725E+016
3.259372E+016
3.479088E+016
3.454603E+016
3.451939E+016
3.725579E+016
3.783683E+016
4.053579E+016
4.339802E+016
4.300664E+016
4.290179E+016
4.518765E+016
4.674509E+016
4.512646E+016
4.737423E+016
4.388214E+016
4.697023E+016
4.694993E+016
4.983299E+016
4.947446E+016
5.181044E+016
5.068026E+016
4.971042E+016
4.942698E+016
4.978978E+016
5.149363E+016
5.081175E+016
5.065849E+016
5.077344E+016
4.990354E+016
4.945651E+016
4.882008E+016
5.259647E+016
5.324462E+016
4.831939E+016
4.819206E+016
4.66578E+016
4.713793E+016
4.553573E+016
4.633321E+016
4.531292E+016
4.186296E+016
4.22021E+016
4.182631E+016
3.93291E+016
3.978635E+016
3.92924E+016
3.449119E+016
3.495263E+016
3.346612E+016
2.936078E+016
3.071117E+016
2.996004E+016
2.839699E+016
2.57791E+016
2.250121E+016
2.266405E+016
1.98623E+016
1.705091E+016
1.541478E+016
1.326952E+016
1.189415E+016
9.447153E+015
7215256000000000
5984796000000000
3305696000000000
2858038000000000
5079828000000000
6967702000000000
9.171678E+015
1.257631E+016
1.321895E+016
1.509726E+016
1.550199E+016
1.8243E+016
1.890681E+016
2.136052E+016
2.40175E+016
2.465242E+016
2.618632E+016
2.808402E+016
2.931192E+016
3.151388E+016
3.094814E+016
3.27497E+016
3.597721E+016
3.572767E+016
3.671515E+016
3.83674E+016
4.249803E+016
4.147006E+016
4.187536E+016
4.262432E+016
4.154816E+016
4.24787E+016
4.397208E+016
4.514884E+016
4.536818E+016
4.636516E+016
4.724554E+016
4.474574E+016
4.709077E+016
4.936181E+016
4.722916E+016
4.76647E+016
4.825593E+016
4.822541E+016
4.77261E+016
4.753785E+016
4.751122E+016
4.673321E+016
4.893367E+016
4.764204E+016
4.944244E+016
4.439577E+016
4.50033E+016
4.446786E+016
4.615273E+016
4.259019E+016
4.142454E+016
4.196509E+016
4.170396E+016
4.166769E+016
4.07833E+016
3.785549E+016
3.534482E+016
3.518267E+016
3.291311E+016
3.176328E+016
3.040565E+016
3.167341E+016
2.874123E+016
2.773625E+016
2.48905E+016
2.316478E+016
2.102722E+016
2.000417E+016
1.73344E+016
1.44484E+016
1.437715E+016
1.376167E+016
1.115063E+016
7609710000000000
6714273000000000
4459705000000000
3120284000000000
2641314000000000
4392613000000000
6741983000000000
8800984000000000
9.235898E+015
1.233194E+016
1.475974E+016
1.584403E+016
1.761018E+016
1.821128E+016
2.061963E+016
2.056986E+016
2.198412E+016
2.366691E+016
2.758919E+016
2.763787E+016
2.811639E+016
2.940011E+016
3.134351E+016
3.295364E+016
3.293451E+016
3.390807E+016
3.609719E+016
3.734142E+016
3.525492E+016
3.618338E+016
3.789665E+016
3.762343E+016
4.103989E+016
4.143838E+016
3.920611E+016
4.099153E+016
4.174206E+016
4.221899E+016
4.429887E+016
4.325182E+016
4.403923E+016
4.422169E+016
4.550223E+016
4.468574E+016
4.501769E+016
4.644118E+016
4.287744E+016
4.463276E+016
4.36565E+016
4.289477E+016
4.324623E+016
4.015511E+016
4.161265E+016
4.107317E+016
4.202239E+016
4.183569E+016
4.103194E+016
3.86663E+016
3.973935E+016
3.804842E+016
3.837571E+016
3.713677E+016
3.728868E+016
3.420735E+016
3.353018E+016
3.008722E+016
3.000276E+016
2.740368E+016
2.913146E+016
2.641842E+016
2.345298E+016
2.330973E+016
2.255082E+016
2.040083E+016
1.819784E+016
1.701642E+016
1.359015E+016
1.27334E+016
1.130161E+016
9.486542E+015
8846203000000000
5909471000000000
4529799000000000
2875600000000000
2.722643E+015
4644534000000000
5850538999999999
6907964000000000
9.038345E+015
1.106687E+016
1.254337E+016
1.474728E+016
1.621105E+016
1.985849E+016
1.8514E+016
1.898782E+016
2.233948E+016
2.393209E+016
2.473699E+016
2.610564E+016
2.655333E+016
2.846189E+016
2.838327E+016
2.750044E+016
2.814699E+016
3.322891E+016
3.634324E+016
3.535518E+016
3.394811E+016
3.59437E+016
3.615057E+016
3.51144E+016
3.670952E+016
3.84592E+016
3.723915E+016
3.928986E+016
3.874382E+016
3.964196E+016
3.874728E+016
3.898337E+016
3.933657E+016
3.938468E+016
4.159977E+016
4.194741E+016
4.263644E+016
4.1989E+016
4.042977E+016
4.156921E+016
4.247419E+016
4.009566E+016
3.99326E+016
3.801473E+016
4.014974E+016
4.115035E+016
3.868209E+016
3.713164E+016
3.859424E+016
3.808096E+016
3.76918E+016
3.644233E+016
3.430416E+016
3.472377E+016
3.268252E+016
3.112385E+016
3.021542E+016
2.90395E+016
2.691583E+016
2.734502E+016
2.776391E+016
2.534736E+016
2.305151E+016
2.143144E+016
1.981958E+016
1.932697E+016
1.810987E+016
1.585737E+016
1.348184E+016
1.273895E+016
1.077591E+016
8552345000000001
8017732000000001
5948002000000000
4524815000000000
2717092000000000
2326166000000000
3930545000000000
5191655000000000
6771057000000000
8851348000000000
1.013099E+016
1.209107E+016
1.32997E+016
1.411518E+016
1.693659E+016
1.733835E+016
1.791727E+016
1.976619E+016
1.966158E+016
2.208651E+016
2.372264E+016
2.568706E+016
2.580659E+016
2.598963E+016
2.666824E+016
2.775821E+016
2.907987E+016
3.045872E+016
3.173745E+016
3.148954E+016
3.20261E+016
3.352932E+016
3.582922E+016
3.356019E+016
3.630112E+016
3.737721E+016
3.622308E+016
3.484677E+016
3.585174E+016
3.586397E+016
3.890215E+016
3.697975E+016
3.678672E+016
3.841577E+016
3.642471E+016
3.674383E+016
3.797967E+016
3.918851E+016
3.826203E+016
3.805467E+016
3.709881E+016
3.600192E+016
3.746264E+016
3.545341E+016
3.473253E+016
3.659015E+016
3.680678E+016
3.384522E+016
3.354136E+016
3.574407E+016
3.357262E+016
3.266815E+016
3.071082E+016
3.170967E+016
3.126303E+016
2.838805E+016
2.667927E+016
2.672813E+016
2.523325E+016
2.282887E+016
2.04775E+016
2.128839E+016
2.14719E+016
2.013023E+016
1.711325E+016
1.682467E+016
1.547131E+016
1.325157E+016
1.09645E+016
1.076907E+016
8205038999999999
7463965000000000
5738844000000000
4012570000000000
2621679000000000
2.080904E+015
3278578000000000
5113469000000000
7050144000000000
7770122000000000
8972865000000000
1.102422E+016
1.221642E+016
1.41741E+016
1.461554E+016
1.59729E+016
1.773913E+016
1.813988E+016
1.837476E+016
2.119942E+016
2.142495E+016
2.277055E+016
2.357187E+016
2.447781E+016
2.42537E+016
2.468894E+016
2.775527E+016
2.646617E+016
2.932944E+016
3.032635E+016
3.006077E+016
2.900405E+016
3.097112E+016
3.263024E+016
3.191153E+016
3.28661E+016
3.215854E+016
3.472614E+016
3.013E+016
3.361367E+016
3.390564E+016
3.360592E+016
3.386818E+016
3.300102E+016
3.335763E+016
3.422843E+016
3.305134E+016
3.4379E+016
3.447134E+016
3.349377E+016
3.481033E+016
3.264784E+016
3.242747E+016
3.328213E+016
3.292841E+016
3.243146E+016
3.22569E+016
3.162314E+016
3.127501E+016
3.21356E+016
2.846714E+016
2.969524E+016
2.894496E+016
2.765636E+016
2.632117E+016
2.723532E+016
2.561028E+016
2.174456E+016
2.149296E+016
2.12036E+016
1.985967E+016
1.923196E+016
1.61766E+016
1.772379E+016
1.583529E+016
1.510359E+016
1.280017E+016
1.238241E+016
9.741438E+015
9.262209E+015
7996194000000000
7504746000000000
5159325000000000
3526505000000000
2315288000000000
2002036000000000
3378823000000000
3785692000000000
5492401000000000
6092198000000000
8306632000000000
8780422000000000
1.116593E+016
1.147183E+016
1.337661E+016
1.37332E+016
1.481424E+016
1.737697E+016
1.906348E+016
1.816552E+016
1.903564E+016
1.982029E+016
2.152301E+016
2.132677E+016
2.247597E+016
2.323258E+016
2.452317E+016
2.50843E+016
2.76638E+016
2.848059E+016
2.553137E+016
2.58518E+016
2.861733E+016
2.716362E+016
2.935713E+016
2.77351E+016
2.983957E+016
2.961934E+016
2.98335E+016
2.968039E+016
3.039487E+016
3.074313E+016
3.066559E+016
3.126988E+016
3.038202E+016
3.132085E+016
3.125211E+016
3.095229E+016
3.177715E+016
3.00573E+016
3.208101E+016
2.896582E+016
2.873363E+016
2.914063E+016
2.83528E+016
2.935122E+016
2.985858E+016
2.983007E+016
2.717315E+016
2.609107E+016
2.753832E+016
2.837493E+016
2.743984E+016
2.600562E+016
2.466942E+016
2.434465E+016
2.150362E+016
2.200172E+016
2.060943E+016
1.996314E+016
1.873433E+016
1.666418E+016
1.595382E+016
1.431714E+016
1.337774E+016
1.352604E+016
1.148608E+016
1.07408E+016
9002093000000000
6936655000000000
6107212000000000
5465764000000000
5246906000000000
3268122000000000
2390365000000000
1659546000000000
2871674000000000
4.014777E+015
4620130000000000
6198884000000000
8077598000000000
7942965000000000
9.243614E+015
9.580644E+015
1.183769E+016
1.200358E+016
1.320854E+016
1.395168E+016
1.741138E+016
1.793604E+016
1.56633E+016
1.654523E+016
2.012737E+016
2.022422E+016
2.116124E+016
1.989479E+016
2.071278E+016
2.130846E+016
2.298029E+016
2.213779E+016
2.29497E+016
2.307E+016
2.368007E+016
2.528686E+016
2.439043E+016
2.501271E+016
2.621776E+016
2.781704E+016
2.764577E+016
2.782661E+016
2.561253E+016
2.714099E+016
2.776495E+016
2.845877E+016
2.846682E+016
2.795733E+016
2.979781E+016
2.954735E+016
2.76777E+016
2.839106E+016
2.649305E+016
2.627129E+016
2.80068E+016
2.670092E+016
2.589507E+016
2.678415E+016
2.563123E+016
2.494622E+016
2.538746E+016
2.220708E+016
2.383754E+016
2.535293E+016
2.354844E+016
2.232222E+016
2.185463E+016
1.931632E+016
1.924488E+016
1.857868E+016
1.649124E+016
1.638768E+016
1.70052E+016
1.556571E+016
1.519496E+016
1.352794E+016
1.156818E+016
1.22302E+016
1.133484E+016
9.958867E+015
8096280999999999
7294554000000000
5846120000000000
5090115000000000
3.849238E+015
2721930000000000
1.498817E+015
1662229000000000
2482928000000000
3207136000000000
3662360000000000
4957840000000000
5984800000000000
6991687000000000
8329770999999999
9.098631E+015
9.060474E+015
1.071684E+016
1.1682E+016
1.157225E+016
1.304907E+016
1.405816E+016
1.464847E+016
1.501645E+016
1.622249E+016
1.650119E+016
1.732448E+016
1.71543E+016
1.927024E+016
1.991935E+016
1.970437E+016
2.006357E+016
1.934048E+016
2.091281E+016
2.220743E+016
2.033288E+016
2.195197E+016
2.196012E+016
2.184335E+016
2.434984E+016
2.324987E+016
2.346511E+016
2.372446E+016
2.448487E+016
2.360374E+016
2.535199E+016
2.480267E+016
2.631688E+016
2.578088E+016
2.342734E+016
2.254966E+016
2.450628E+016
2.387994E+016
2.189087E+016
2.396249E+016
2.581545E+016
2.439744E+016
2.3898E+016
2.256486E+016
2.230854E+016
2.199504E+016
2.146072E+016
2.243165E+016
2.149549E+016
2.160848E+016
1.897925E+016
1.874107E+016
1.979994E+016
1.578153E+016
1.646369E+016
1.539492E+016
1.416271E+016
1.476027E+016
1.341405E+016
1.288824E+016
1.116293E+016
1.106588E+016
1.039276E+016
9.822371E+015
8208178000000000
6312144000000000
6410073000000000
5664772000000000
4373777000000000
3500992000000000
2010517000000000
1.513438E+015
1172486000000000
1.821703E+015
2911016000000000
2.707215E+015
3798248000000000
5104771000000000
5196918000000000
7022591000000000
7451340000000000
8260206999999999
8778767000000000
1.070943E+016
9.871379E+015
1.116706E+016
1.122095E+016
1.102025E+016
1.335358E+016
1.416263E+016
1.538153E+016
1.491858E+016
1.569183E+016
1.665937E+016
1.47829E+016
1.717592E+016
1.604563E+016
1.69026E+016
1.836406E+016
1.769247E+016
1.860279E+016
2.019972E+016
2.043215E+016
1.990396E+016
2.111002E+016
2.104604E+016
2.036669E+016
2.006081E+016
1.881279E+016
1.997654E+016
2.071434E+016
2.208741E+016
2.455935E+016
2.127312E+016
2.063969E+016
2.039035E+016
1.996247E+016
1.941725E+016
1.900535E+016
2.195055E+016
2.042258E+016
2.086868E+016
1.896399E+016
1.996486E+016
2.064628E+016
1.709827E+016
1.782104E+016
1.745201E+016
1.606596E+016
1.641429E+016
1.740536E+016
1.653353E+016
1.4465E+016
1.562788E+016
1.505176E+016
1.35526E+016
1.318048E+016
1.312788E+016
1.230064E+016
1.107464E+016
1.063776E+016
9.31538E+015
8139103000000000
7908424000000000
6882730000000000
5876506000000000
6408671000000000
4810339000000000
3583227000000000
3404184000000000
2491688000000000
1163293000000000
868539300000000
1.920803E+015
2070847000000000
3117303000000000
3331629000000000
4259397000000000
4907432000000000
5349815000000000
6497242000000000
6502220000000000
7338020000000000
8989637000000000
9.364844E+015
9.5754E+015
9.240775E+015
1.086919E+016
1.303875E+016
1.254428E+016
1.108999E+016
1.230654E+016
1.389266E+016
1.347888E+016
1.354397E+016
1.39588E+016
1.435602E+016
1.396769E+016
1.439189E+016
1.481171E+016
1.474571E+016
1.589521E+016
1.590744E+016
1.633673E+016
1.629881E+016
1.792189E+016
1.669069E+016
1.777429E+016
1.699927E+016
1.573326E+016
1.676624E+016
1.758014E+016
1.871894E+016
1.691709E+016
1.745531E+016
1.675069E+016
1.899809E+016
1.788069E+016
1.616451E+016
1.772237E+016
1.758488E+016
1.686556E+016
1.61122E+016
1.488597E+016
1.636922E+016
1.496394E+016
1.518088E+016
1.524825E+016
1.470846E+016
1.374106E+016
1.496479E+016
1.252244E+016
1.185841E+016
1.110401E+016
1.160802E+016
1.108535E+016
1.114586E+016
9.194942E+015
1.0281E+016
9.649919E+015
9.443918E+015
7412530000000000
6864280000000000
6689458000000000
5547987000000000
5341398000000000
5540333000000000
3657948000000000
3574464000000000
2322783000000000
1.713132E+015
1428006000000000
638267300000000
1643063000000000
1.817274E+015
2826250000000000
2985028000000000
3273174000000000
3566192000000000
4648180000000000
5127061000000000
5697591000000000
5715900000000000
6431089000000000
6728128000000000
8046094000000000
8233637000000000
1.001731E+016
1.000134E+016
9.752727E+015
9.281969E+015
1.21227E+016
1.067193E+016
1.09862E+016
1.122343E+016
1.03104E+016
1.114737E+016
1.171044E+016
1.075831E+016
1.233921E+016
1.228864E+016
1.311268E+016
1.284721E+016
1.417406E+016
1.249377E+016
1.497853E+016
1.41363E+016
1.226512E+016
1.274716E+016
1.315343E+016
1.217648E+016
1.399038E+016
1.346364E+016
1.324127E+016
1.448375E+016
1.359728E+016
1.281927E+016
1.37287E+016
1.326408E+016
1.327606E+016
1.41971E+016
1.321227E+016
1.167095E+016
1.213256E+016
1.205819E+016
1.221581E+016
1.307919E+016
1.198593E+016
1.149165E+016
1.160985E+016
1.178458E+016
1.042975E+016
9.490699E+015
9.655452E+015
8309808000000000
8682951000000000
8264079000000001
8389374000000000
7539183000000000
7116906000000000
7661356000000000
6900761000000000
6140868000000000
5314863000000000
4779077000000000
4435345000000000
3737668000000000
3256981000000000
2620566000000000
1906892000000000
1.024199E+015
1087703000000000
505282000000000
1102062000000000
1109151000000000
1466168000000000
2121083000000000
2822282000000000
2610773000000000
3048692000000000
3491896000000000
3335574000000000
4710405000000000
4332772000000000
5644256000000000
5478925999999999
5840507000000000
5916230000000000
6453624000000000
6776145000000000
6410315000000000
7367679000000000
7705208000000000
8241925999999999
7666048000000000
8150687000000000
8713433000000000
8671697000000000
8396221000000001
8692823000000000
9.749081E+015
9.552513E+015
9.787538E+015
9.814785E+015
9.626041E+015
9.694948E+015
9.839663E+015
9.569171E+015
9.168899E+015
1.054176E+016
9.420687E+015
9.910248E+015
9.671735E+015
9.696121E+015
1.044098E+016
9.408449E+015
1.029023E+016
9.160409E+015
9.357268E+015
9.853143E+015
9.228814E+015
9.623295E+015
8811249000000000
8562324000000000
7583029000000000
8581288000000001
7936487000000000
6845416000000000
8730689000000000
8374466000000000
7998715000000000
8759780000000000
7814821999999999
7201140000000000
6207857000000000
6477248000000000
7166029000000000
5635908000000000
5150048000000000
5836139000000000
5531375000000000
4745643000000000
3739465000000000
4127815000000000
3622688000000000
2903335000000000
2733841000000000
2890795000000000
2.077739E+015
1.420403E+015
1131813000000000
749505800000000
352041400000000
600049400000000
568580100000000
1229476000000000
1525628000000000
1.346977E+015
1434534000000000
1910822000000000
2230049000000000
1917113000000000
2306077000000000
2224021000000000
3160969000000000
3313220000000000
3524620000000000
3111418000000000
4.075084E+015
4144127000000000
4180421000000000
4388049000000000
4.233393E+015
4007225000000000
5027343000000000
5026714000000000
5841716000000000
4676067000000000
4976064000000000
5587916000000000
5197430000000000
6339648000000000
6199293000000000
6217359000000000
5523355000000000
5526879000000000
5708226000000000
4769049000000000
6025068000000000
5441003000000000
5648394000000000
5861492000000000
6281832000000000
6054342000000000
6989390000000000
5495259000000000
5078020000000000
6736556000000000
5940594000000000
5270302000000000
5285543000000000
5199870000000000
6067537000000000
6159786000000000
5524623000000000
5033123000000000
4939042000000000
4611103000000000
5302777000000000
4717230000000000
5027962000000000
4650031999999999
5146090000000000
3816488000000000
4.221486E+015
3553708000000000
3410251000000000
3687376000000000
3275376000000000
4.086108E+015
2842845000000000
3038110000000000
2239443000000000
3013822000000000
2062506000000000
1354024000000000
1421634000000000
1636215000000000
781251700000000
721509200000000
753872200000000
466802800000000
); 
boundaryField
{
    movingWall
    {
        type           fixedValue; //fixedGradient;//fixedValue;
        //gradient        uniform 0; 

        value           uniform 0;
        
    }
   
  

    fixedWalls
    {
        type            fixedValue;
       value       uniform 0; 
    }

    frontAndBack
    {
        type            empty;
    }

}
