/*--------------------------------*- C++ -*----------------------------------*\
  =========                 |
  \\      /  F ield         | OpenFOAM: The Open Source CFD Toolbox
   \\    /   O peration     | Website:  https://openfoam.org
    \\  /    A nd           | Version:  6
     \\/     M anipulation  |
\*---------------------------------------------------------------------------*/
FoamFile
{
    version     2.0;
    format      ascii;
    class       volScalarField;
    location    "600";
    object      dnp1_s;
}
// * * * * * * * * * * * * * * * * * * * * * * * * * * * * * * * * * * * * * //

dimensions      [0 -3 -1 0 0 0 0];

internalField   nonuniform List<scalar> 
6400
(
3.55378e+13
5.77007e+13
7.80615e+13
9.88086e+13
1.25455e+14
1.46163e+14
1.61289e+14
1.85318e+14
2.03499e+14
2.26229e+14
2.38747e+14
2.6952e+14
2.78579e+14
2.93423e+14
3.19177e+14
3.32923e+14
3.61682e+14
3.63246e+14
3.90907e+14
3.96297e+14
4.25538e+14
4.32363e+14
4.32626e+14
4.45283e+14
4.67198e+14
4.66203e+14
4.85582e+14
4.89207e+14
5.04803e+14
5.15708e+14
5.52831e+14
5.27694e+14
5.39584e+14
5.47813e+14
5.59189e+14
5.41742e+14
5.68638e+14
5.53748e+14
5.57146e+14
5.46421e+14
5.77252e+14
5.52109e+14
5.70881e+14
5.46348e+14
5.4404e+14
5.40175e+14
5.49047e+14
5.44277e+14
5.20688e+14
5.36612e+14
5.11933e+14
5.30901e+14
4.98026e+14
4.90162e+14
4.75576e+14
4.67271e+14
4.52104e+14
4.46504e+14
4.23129e+14
4.10867e+14
3.93599e+14
3.8052e+14
3.64539e+14
3.47768e+14
3.36196e+14
3.10859e+14
3.06046e+14
2.71952e+14
2.71304e+14
2.44615e+14
2.26462e+14
2.06171e+14
1.80297e+14
1.6518e+14
1.41909e+14
1.32847e+14
1.02566e+14
8.08972e+13
6.26596e+13
3.57667e+13
5.39346e+13
8.4481e+13
1.24503e+14
1.63009e+14
1.91512e+14
2.27544e+14
2.50494e+14
2.86353e+14
3.29953e+14
3.41399e+14
3.72548e+14
4.04823e+14
4.47921e+14
4.54038e+14
4.91503e+14
5.32512e+14
5.51606e+14
5.81124e+14
5.92255e+14
6.21769e+14
6.3559e+14
6.73222e+14
6.73752e+14
6.91158e+14
7.26899e+14
7.35001e+14
7.56569e+14
7.60124e+14
8.05116e+14
7.94638e+14
8.15667e+14
8.04355e+14
8.57442e+14
8.25178e+14
8.4325e+14
8.45092e+14
8.58794e+14
8.57416e+14
8.76264e+14
8.68054e+14
8.80083e+14
8.83307e+14
8.74817e+14
8.57234e+14
8.41174e+14
8.35848e+14
8.51133e+14
8.21129e+14
8.25266e+14
8.15847e+14
8.07535e+14
7.97718e+14
7.8667e+14
7.59333e+14
7.35331e+14
7.14383e+14
6.96707e+14
6.75577e+14
6.68099e+14
6.33454e+14
6.07418e+14
5.84115e+14
5.58151e+14
5.24629e+14
5.18989e+14
4.95266e+14
4.60423e+14
4.30189e+14
3.98883e+14
3.86866e+14
3.49341e+14
3.13549e+14
2.75319e+14
2.4916e+14
2.24405e+14
1.87486e+14
1.56635e+14
1.20721e+14
1.00755e+14
5.23309e+13
7.34213e+13
1.19034e+14
1.60463e+14
2.17532e+14
2.45692e+14
2.90555e+14
3.31477e+14
3.77031e+14
4.26952e+14
4.4931e+14
4.85819e+14
5.26355e+14
5.81279e+14
6.01462e+14
6.65355e+14
7.03461e+14
7.25507e+14
7.56379e+14
7.93152e+14
8.34119e+14
8.42265e+14
8.97796e+14
8.90374e+14
9.19332e+14
9.6146e+14
9.79715e+14
1.00868e+15
1.05905e+15
1.05586e+15
1.05333e+15
1.07332e+15
1.10685e+15
1.1109e+15
1.1187e+15
1.12941e+15
1.14481e+15
1.15364e+15
1.15953e+15
1.12546e+15
1.14061e+15
1.13371e+15
1.15189e+15
1.15106e+15
1.15304e+15
1.1263e+15
1.10905e+15
1.1124e+15
1.09493e+15
1.0772e+15
1.07901e+15
1.07422e+15
1.04923e+15
1.03865e+15
1.00754e+15
9.76454e+14
9.54865e+14
9.11045e+14
9.12439e+14
8.89604e+14
8.50537e+14
7.98355e+14
7.89485e+14
7.5448e+14
6.97614e+14
6.77619e+14
6.56561e+14
6.09617e+14
5.73124e+14
5.256e+14
5.10131e+14
4.71586e+14
4.33281e+14
3.68526e+14
3.53606e+14
2.95657e+14
2.50739e+14
2.17635e+14
1.63189e+14
1.25081e+14
7.407e+13
8.9099e+13
1.44137e+14
2.10381e+14
2.68197e+14
3.19801e+14
3.68673e+14
4.20743e+14
4.67696e+14
5.3969e+14
5.80201e+14
6.15324e+14
6.71888e+14
7.03237e+14
7.78559e+14
8.14997e+14
8.62828e+14
9.04702e+14
9.40057e+14
1.00166e+15
1.02261e+15
1.08479e+15
1.11132e+15
1.12226e+15
1.16985e+15
1.19776e+15
1.2449e+15
1.22504e+15
1.26769e+15
1.30332e+15
1.30669e+15
1.36046e+15
1.36703e+15
1.36367e+15
1.40252e+15
1.4001e+15
1.41557e+15
1.432e+15
1.43657e+15
1.41863e+15
1.4178e+15
1.43002e+15
1.44216e+15
1.43187e+15
1.39703e+15
1.40076e+15
1.37454e+15
1.3606e+15
1.37154e+15
1.35485e+15
1.33719e+15
1.3227e+15
1.30592e+15
1.28175e+15
1.24685e+15
1.21956e+15
1.19034e+15
1.16423e+15
1.12412e+15
1.08686e+15
1.063e+15
1.01003e+15
9.72803e+14
9.23857e+14
8.84664e+14
8.59392e+14
8.04201e+14
7.61339e+14
7.32266e+14
6.6952e+14
6.27701e+14
5.84281e+14
5.33483e+14
4.74895e+14
4.25861e+14
3.76235e+14
3.11884e+14
2.6643e+14
2.07374e+14
1.45769e+14
9.07411e+13
1.04756e+14
1.91576e+14
2.42074e+14
3.13561e+14
3.73462e+14
4.46878e+14
5.05301e+14
5.67925e+14
6.28139e+14
6.93138e+14
7.56596e+14
7.93087e+14
8.43758e+14
9.26268e+14
9.95027e+14
1.04221e+15
1.09318e+15
1.14304e+15
1.16999e+15
1.22593e+15
1.25941e+15
1.30948e+15
1.3512e+15
1.39279e+15
1.44374e+15
1.47988e+15
1.50127e+15
1.52835e+15
1.54977e+15
1.59296e+15
1.59488e+15
1.60306e+15
1.64207e+15
1.62494e+15
1.66052e+15
1.66756e+15
1.68203e+15
1.72768e+15
1.71998e+15
1.73577e+15
1.71503e+15
1.72527e+15
1.72151e+15
1.69041e+15
1.64045e+15
1.66278e+15
1.6614e+15
1.62469e+15
1.64331e+15
1.59779e+15
1.5903e+15
1.52713e+15
1.52229e+15
1.53985e+15
1.486e+15
1.44197e+15
1.40769e+15
1.3522e+15
1.30379e+15
1.27547e+15
1.22737e+15
1.14756e+15
1.10435e+15
1.05621e+15
1.01565e+15
9.68114e+14
9.22161e+14
8.89511e+14
7.99936e+14
7.55127e+14
6.8666e+14
6.20882e+14
5.77713e+14
4.94939e+14
4.27047e+14
3.73295e+14
3.12696e+14
2.51168e+14
1.71127e+14
1.04453e+14
1.26334e+14
2.1497e+14
2.9341e+14
3.75506e+14
4.31401e+14
5.10184e+14
5.83464e+14
6.65674e+14
7.323e+14
8.01805e+14
8.66692e+14
9.24816e+14
9.95025e+14
1.08367e+15
1.15268e+15
1.18148e+15
1.26654e+15
1.30576e+15
1.34669e+15
1.43539e+15
1.49406e+15
1.53055e+15
1.56075e+15
1.62003e+15
1.65974e+15
1.71344e+15
1.73737e+15
1.77432e+15
1.80815e+15
1.8452e+15
1.83369e+15
1.8695e+15
1.91277e+15
1.93035e+15
1.94888e+15
1.96296e+15
1.98037e+15
2.01106e+15
2.03927e+15
1.98151e+15
1.99912e+15
2.00101e+15
1.97133e+15
1.97511e+15
1.95982e+15
1.96131e+15
1.93116e+15
1.90949e+15
1.89715e+15
1.8662e+15
1.84467e+15
1.80648e+15
1.75823e+15
1.74698e+15
1.70952e+15
1.67348e+15
1.63653e+15
1.57127e+15
1.51841e+15
1.49035e+15
1.44222e+15
1.36138e+15
1.31557e+15
1.23147e+15
1.18481e+15
1.13605e+15
1.08778e+15
1.00477e+15
9.34542e+14
8.78346e+14
8.03229e+14
7.26516e+14
6.56001e+14
5.77231e+14
5.00419e+14
4.41217e+14
3.66872e+14
2.92925e+14
1.9924e+14
1.25032e+14
1.40518e+14
2.34798e+14
3.33265e+14
4.23357e+14
4.89313e+14
5.74956e+14
6.58885e+14
7.49738e+14
8.24456e+14
9.19463e+14
9.84366e+14
1.05916e+15
1.14195e+15
1.21733e+15
1.27642e+15
1.36328e+15
1.40541e+15
1.494e+15
1.57918e+15
1.6384e+15
1.67877e+15
1.74892e+15
1.77461e+15
1.81066e+15
1.87176e+15
1.94558e+15
2.02041e+15
2.04231e+15
2.01898e+15
2.09107e+15
2.12372e+15
2.1474e+15
2.16537e+15
2.17824e+15
2.21685e+15
2.23095e+15
2.28404e+15
2.27864e+15
2.24733e+15
2.26549e+15
2.27094e+15
2.28089e+15
2.26711e+15
2.26865e+15
2.2295e+15
2.21731e+15
2.21879e+15
2.20128e+15
2.15902e+15
2.12967e+15
2.07829e+15
2.04958e+15
2.07074e+15
1.96866e+15
1.92017e+15
1.93347e+15
1.88124e+15
1.79517e+15
1.71261e+15
1.70462e+15
1.65071e+15
1.57791e+15
1.4851e+15
1.41337e+15
1.35374e+15
1.27846e+15
1.2617e+15
1.17074e+15
1.06795e+15
1.01442e+15
9.08703e+14
8.31923e+14
7.496e+14
6.65796e+14
5.64895e+14
4.97798e+14
4.01888e+14
3.39253e+14
2.43593e+14
1.50552e+14
1.5829e+14
2.71626e+14
3.79745e+14
4.74304e+14
5.56182e+14
6.60639e+14
7.54767e+14
8.26994e+14
9.41458e+14
1.03094e+15
1.10449e+15
1.19323e+15
1.3007e+15
1.35048e+15
1.43487e+15
1.5351e+15
1.61298e+15
1.68953e+15
1.74439e+15
1.82861e+15
1.87305e+15
1.93356e+15
2.01116e+15
2.05544e+15
2.11075e+15
2.15912e+15
2.24645e+15
2.23192e+15
2.33419e+15
2.38112e+15
2.36721e+15
2.39238e+15
2.41536e+15
2.44349e+15
2.48912e+15
2.47912e+15
2.52336e+15
2.54588e+15
2.55825e+15
2.55624e+15
2.56224e+15
2.53992e+15
2.52642e+15
2.57484e+15
2.50741e+15
2.45565e+15
2.48477e+15
2.44705e+15
2.4291e+15
2.35807e+15
2.3487e+15
2.33589e+15
2.24754e+15
2.20679e+15
2.15842e+15
2.12797e+15
2.07916e+15
2.05343e+15
1.97521e+15
1.87746e+15
1.81728e+15
1.73556e+15
1.6612e+15
1.56702e+15
1.52811e+15
1.44918e+15
1.37624e+15
1.30976e+15
1.23165e+15
1.12505e+15
1.0286e+15
9.29955e+14
8.51996e+14
7.38247e+14
6.54484e+14
5.52163e+14
4.54257e+14
3.80848e+14
2.76844e+14
1.62618e+14
1.71583e+14
2.93883e+14
4.2691e+14
5.27294e+14
6.38525e+14
7.14646e+14
8.35677e+14
9.42388e+14
1.02779e+15
1.13292e+15
1.24771e+15
1.30203e+15
1.42713e+15
1.54244e+15
1.63738e+15
1.65619e+15
1.76412e+15
1.90298e+15
1.94803e+15
2.01623e+15
2.09732e+15
2.15081e+15
2.1895e+15
2.29828e+15
2.33012e+15
2.39128e+15
2.47336e+15
2.49297e+15
2.53466e+15
2.58624e+15
2.64395e+15
2.66515e+15
2.7357e+15
2.74121e+15
2.7413e+15
2.7701e+15
2.80254e+15
2.8339e+15
2.85407e+15
2.84156e+15
2.82837e+15
2.83077e+15
2.79075e+15
2.7812e+15
2.7746e+15
2.72423e+15
2.71218e+15
2.67402e+15
2.67965e+15
2.64605e+15
2.58896e+15
2.53623e+15
2.48267e+15
2.45785e+15
2.4005e+15
2.35618e+15
2.31764e+15
2.25437e+15
2.15321e+15
2.10138e+15
1.98905e+15
1.9591e+15
1.87779e+15
1.78073e+15
1.65562e+15
1.58319e+15
1.52996e+15
1.42357e+15
1.34486e+15
1.23309e+15
1.15601e+15
1.06253e+15
9.40508e+14
8.23065e+14
7.24146e+14
6.22909e+14
5.10953e+14
4.16208e+14
2.90366e+14
1.82399e+14
1.92956e+14
3.11399e+14
4.53765e+14
5.73546e+14
6.96393e+14
7.9624e+14
9.154e+14
1.01429e+15
1.13497e+15
1.25113e+15
1.37664e+15
1.46287e+15
1.53701e+15
1.67773e+15
1.77634e+15
1.87047e+15
1.96448e+15
2.05466e+15
2.14116e+15
2.2231e+15
2.32186e+15
2.36079e+15
2.4375e+15
2.52746e+15
2.59625e+15
2.67978e+15
2.72003e+15
2.77532e+15
2.83002e+15
2.86672e+15
2.91836e+15
2.95322e+15
2.99427e+15
3.00244e+15
3.05559e+15
3.03768e+15
3.08309e+15
3.07967e+15
3.07322e+15
3.09993e+15
3.12993e+15
3.09848e+15
3.09449e+15
3.06128e+15
3.05434e+15
3.0111e+15
2.98883e+15
2.9532e+15
2.93638e+15
2.89561e+15
2.86256e+15
2.81369e+15
2.76474e+15
2.71634e+15
2.6296e+15
2.62371e+15
2.52756e+15
2.42017e+15
2.37979e+15
2.29245e+15
2.1959e+15
2.08761e+15
1.99503e+15
1.91563e+15
1.84349e+15
1.77588e+15
1.67022e+15
1.57818e+15
1.43346e+15
1.36136e+15
1.2584e+15
1.14269e+15
9.94219e+14
8.97463e+14
7.82674e+14
6.82857e+14
5.60988e+14
4.42512e+14
3.28214e+14
1.89987e+14
2.18263e+14
3.42195e+14
4.91975e+14
6.17431e+14
7.27016e+14
8.66813e+14
9.95507e+14
1.10282e+15
1.24804e+15
1.36493e+15
1.52636e+15
1.59358e+15
1.66152e+15
1.79815e+15
1.91944e+15
2.0119e+15
2.12264e+15
2.21657e+15
2.32119e+15
2.44419e+15
2.5202e+15
2.61084e+15
2.65876e+15
2.67905e+15
2.79377e+15
2.88591e+15
2.97178e+15
2.99465e+15
3.09064e+15
3.10676e+15
3.14528e+15
3.16865e+15
3.21019e+15
3.26622e+15
3.31686e+15
3.32745e+15
3.33334e+15
3.38665e+15
3.35828e+15
3.43554e+15
3.40824e+15
3.37386e+15
3.39461e+15
3.34481e+15
3.32226e+15
3.24981e+15
3.26767e+15
3.24079e+15
3.19171e+15
3.16427e+15
3.13e+15
3.05298e+15
2.99077e+15
2.92796e+15
2.88515e+15
2.83316e+15
2.68765e+15
2.66058e+15
2.57387e+15
2.49242e+15
2.41597e+15
2.27359e+15
2.20705e+15
2.09757e+15
2.00791e+15
1.94862e+15
1.81461e+15
1.68473e+15
1.59967e+15
1.4661e+15
1.36551e+15
1.23588e+15
1.1028e+15
9.87445e+14
8.68396e+14
7.45169e+14
5.97092e+14
4.87153e+14
3.49706e+14
2.04967e+14
2.49915e+14
3.7831e+14
5.19869e+14
6.69926e+14
8.04606e+14
9.30516e+14
1.07526e+15
1.19446e+15
1.31329e+15
1.45951e+15
1.60009e+15
1.72281e+15
1.79495e+15
1.93081e+15
2.05708e+15
2.19518e+15
2.32531e+15
2.4149e+15
2.51738e+15
2.61414e+15
2.69529e+15
2.82578e+15
2.84191e+15
2.94932e+15
3.05129e+15
3.11759e+15
3.20244e+15
3.24866e+15
3.26963e+15
3.36906e+15
3.43042e+15
3.47881e+15
3.54791e+15
3.55272e+15
3.55706e+15
3.58447e+15
3.66424e+15
3.65942e+15
3.60925e+15
3.64659e+15
3.64961e+15
3.68187e+15
3.64035e+15
3.60561e+15
3.55366e+15
3.5556e+15
3.52039e+15
3.46349e+15
3.45476e+15
3.40331e+15
3.37247e+15
3.30807e+15
3.23128e+15
3.20343e+15
3.13662e+15
3.03659e+15
2.97708e+15
2.86471e+15
2.76675e+15
2.70983e+15
2.6325e+15
2.50547e+15
2.4072e+15
2.29355e+15
2.18609e+15
2.06695e+15
1.96625e+15
1.8239e+15
1.69782e+15
1.58961e+15
1.46025e+15
1.35523e+15
1.19534e+15
1.0637e+15
9.29812e+14
7.94458e+14
6.70337e+14
5.2429e+14
3.74235e+14
2.25096e+14
2.59012e+14
4.1137e+14
5.68666e+14
7.09572e+14
8.60478e+14
1.01005e+15
1.14929e+15
1.32744e+15
1.41799e+15
1.56945e+15
1.71608e+15
1.85017e+15
1.97957e+15
2.10484e+15
2.20335e+15
2.36029e+15
2.45626e+15
2.56014e+15
2.67145e+15
2.77739e+15
2.88771e+15
3.05268e+15
3.09746e+15
3.19034e+15
3.32355e+15
3.37605e+15
3.45155e+15
3.50131e+15
3.56813e+15
3.63521e+15
3.694e+15
3.70755e+15
3.7534e+15
3.8675e+15
3.83658e+15
3.89804e+15
3.89956e+15
3.89038e+15
3.91569e+15
3.908e+15
3.95194e+15
3.90071e+15
3.93228e+15
3.90083e+15
3.90321e+15
3.85316e+15
3.81039e+15
3.78827e+15
3.73969e+15
3.69687e+15
3.64883e+15
3.57459e+15
3.52539e+15
3.42442e+15
3.36115e+15
3.28768e+15
3.20165e+15
3.09738e+15
2.99398e+15
2.8971e+15
2.80356e+15
2.74875e+15
2.58688e+15
2.50024e+15
2.35696e+15
2.23699e+15
2.1027e+15
1.93854e+15
1.85596e+15
1.70253e+15
1.56314e+15
1.43896e+15
1.28808e+15
1.1195e+15
1.00304e+15
8.36625e+14
7.10614e+14
5.6121e+14
4.10361e+14
2.34674e+14
2.74063e+14
4.53177e+14
6.09772e+14
7.57616e+14
9.34044e+14
1.09104e+15
1.22493e+15
1.38171e+15
1.49555e+15
1.68958e+15
1.84636e+15
1.97844e+15
2.13842e+15
2.27212e+15
2.36552e+15
2.48893e+15
2.67987e+15
2.75282e+15
2.92152e+15
3.00203e+15
3.15797e+15
3.20234e+15
3.30992e+15
3.40001e+15
3.52946e+15
3.66384e+15
3.69013e+15
3.78095e+15
3.78612e+15
3.89676e+15
3.918e+15
3.99555e+15
4.06897e+15
4.11646e+15
4.08709e+15
4.16882e+15
4.19369e+15
4.19331e+15
4.22921e+15
4.21322e+15
4.24515e+15
4.22683e+15
4.2024e+15
4.1684e+15
4.11672e+15
4.07324e+15
4.06118e+15
4.02728e+15
4.00875e+15
3.94739e+15
3.89192e+15
3.85592e+15
3.73498e+15
3.67808e+15
3.60064e+15
3.51362e+15
3.41463e+15
3.35309e+15
3.21037e+15
3.10139e+15
3.01901e+15
2.9107e+15
2.77982e+15
2.66171e+15
2.50526e+15
2.36478e+15
2.24244e+15
2.12173e+15
1.9933e+15
1.8437e+15
1.6543e+15
1.53892e+15
1.38779e+15
1.21364e+15
1.04377e+15
9.18679e+14
7.3596e+14
5.90096e+14
4.26929e+14
2.56261e+14
2.69896e+14
4.7019e+14
6.39036e+14
8.28614e+14
9.91931e+14
1.1632e+15
1.33257e+15
1.47962e+15
1.6132e+15
1.79852e+15
1.91794e+15
2.10371e+15
2.28015e+15
2.41723e+15
2.53775e+15
2.67233e+15
2.82661e+15
2.93227e+15
3.05e+15
3.19586e+15
3.34386e+15
3.41288e+15
3.516e+15
3.61977e+15
3.77024e+15
3.81406e+15
3.92464e+15
4.04383e+15
4.08061e+15
4.14722e+15
4.25304e+15
4.26975e+15
4.34006e+15
4.38564e+15
4.43456e+15
4.41432e+15
4.47609e+15
4.45576e+15
4.52942e+15
4.50304e+15
4.49199e+15
4.48493e+15
4.50442e+15
4.41584e+15
4.42087e+15
4.36462e+15
4.32352e+15
4.28258e+15
4.26029e+15
4.21536e+15
4.16298e+15
4.0782e+15
4.00125e+15
3.93585e+15
3.85735e+15
3.72642e+15
3.59714e+15
3.52459e+15
3.41051e+15
3.30893e+15
3.20142e+15
3.06819e+15
2.9392e+15
2.79687e+15
2.65668e+15
2.51833e+15
2.3943e+15
2.26033e+15
2.12631e+15
1.92243e+15
1.80833e+15
1.64194e+15
1.45413e+15
1.3111e+15
1.14623e+15
9.91319e+14
7.98584e+14
6.39753e+14
4.62668e+14
2.75558e+14
2.87699e+14
4.99164e+14
6.768e+14
8.57509e+14
1.02854e+15
1.23118e+15
1.41413e+15
1.58767e+15
1.71621e+15
1.87869e+15
2.06066e+15
2.23189e+15
2.38047e+15
2.54599e+15
2.6924e+15
2.87048e+15
2.98818e+15
3.10529e+15
3.25639e+15
3.36562e+15
3.53815e+15
3.62199e+15
3.75471e+15
3.89508e+15
4.007e+15
4.07634e+15
4.23232e+15
4.178e+15
4.30746e+15
4.38997e+15
4.43273e+15
4.54264e+15
4.55997e+15
4.67564e+15
4.65825e+15
4.71261e+15
4.76811e+15
4.70633e+15
4.77418e+15
4.75228e+15
4.72569e+15
4.77501e+15
4.75414e+15
4.72068e+15
4.7274e+15
4.68114e+15
4.61833e+15
4.52858e+15
4.53182e+15
4.48384e+15
4.37595e+15
4.35889e+15
4.24614e+15
4.12521e+15
4.04052e+15
3.95687e+15
3.79475e+15
3.77054e+15
3.62826e+15
3.49009e+15
3.3868e+15
3.28758e+15
3.17557e+15
2.95115e+15
2.85541e+15
2.68094e+15
2.5348e+15
2.37981e+15
2.21676e+15
2.07544e+15
1.88357e+15
1.72471e+15
1.58099e+15
1.38969e+15
1.20683e+15
1.0652e+15
8.47626e+14
6.7989e+14
4.86262e+14
2.83893e+14
2.88799e+14
5.24532e+14
7.24458e+14
9.17866e+14
1.08198e+15
1.26683e+15
1.48836e+15
1.67357e+15
1.84158e+15
2.0139e+15
2.20294e+15
2.3879e+15
2.51166e+15
2.69227e+15
2.86791e+15
3.02256e+15
3.17177e+15
3.28985e+15
3.47774e+15
3.58048e+15
3.71122e+15
3.84039e+15
3.96906e+15
4.10184e+15
4.21599e+15
4.29484e+15
4.43947e+15
4.4708e+15
4.57585e+15
4.67687e+15
4.71254e+15
4.79762e+15
4.81366e+15
4.87353e+15
4.93e+15
4.97057e+15
5.00853e+15
4.97682e+15
5.03896e+15
5.04762e+15
5.03868e+15
5.00237e+15
5.01561e+15
5.00442e+15
4.94225e+15
4.93346e+15
4.89319e+15
4.77782e+15
4.76068e+15
4.70834e+15
4.65991e+15
4.58752e+15
4.50516e+15
4.39311e+15
4.24781e+15
4.16179e+15
4.01207e+15
3.94162e+15
3.83102e+15
3.71948e+15
3.58444e+15
3.4315e+15
3.33126e+15
3.11496e+15
2.95138e+15
2.83764e+15
2.67351e+15
2.52289e+15
2.35419e+15
2.15049e+15
2.00737e+15
1.84207e+15
1.65351e+15
1.48606e+15
1.28852e+15
1.09642e+15
9.11664e+14
7.04956e+14
5.16361e+14
3.04333e+14
3.24776e+14
5.62064e+14
7.53064e+14
9.7186e+14
1.16659e+15
1.36274e+15
1.55603e+15
1.77443e+15
1.93476e+15
2.11661e+15
2.29699e+15
2.48115e+15
2.64819e+15
2.8609e+15
3.03689e+15
3.17456e+15
3.36528e+15
3.45372e+15
3.66684e+15
3.81737e+15
3.90514e+15
4.04023e+15
4.14316e+15
4.31097e+15
4.42375e+15
4.49116e+15
4.65626e+15
4.72278e+15
4.76289e+15
4.92906e+15
4.95319e+15
4.99341e+15
5.12305e+15
5.12187e+15
5.14922e+15
5.21585e+15
5.25626e+15
5.28769e+15
5.2722e+15
5.2879e+15
5.27107e+15
5.31621e+15
5.30162e+15
5.21742e+15
5.22333e+15
5.20201e+15
5.14693e+15
5.07727e+15
5.07092e+15
4.9621e+15
4.87187e+15
4.79582e+15
4.6954e+15
4.58309e+15
4.49263e+15
4.39509e+15
4.28966e+15
4.14123e+15
4.04786e+15
3.86901e+15
3.73088e+15
3.62672e+15
3.42935e+15
3.29923e+15
3.13349e+15
3.00634e+15
2.80751e+15
2.64367e+15
2.46876e+15
2.26711e+15
2.15021e+15
1.94286e+15
1.72338e+15
1.54981e+15
1.36653e+15
1.16687e+15
9.57886e+14
7.39331e+14
5.37081e+14
3.21012e+14
3.48342e+14
5.69895e+14
7.95845e+14
1.01377e+15
1.23957e+15
1.45086e+15
1.63852e+15
1.83157e+15
2.00705e+15
2.2172e+15
2.44947e+15
2.58197e+15
2.80356e+15
2.98887e+15
3.15197e+15
3.3111e+15
3.51395e+15
3.64647e+15
3.80994e+15
3.98193e+15
4.11113e+15
4.26449e+15
4.41517e+15
4.49268e+15
4.60092e+15
4.75311e+15
4.85697e+15
5.00816e+15
5.03088e+15
5.16142e+15
5.23634e+15
5.30407e+15
5.36395e+15
5.37426e+15
5.42261e+15
5.44197e+15
5.55328e+15
5.5675e+15
5.5783e+15
5.57874e+15
5.61956e+15
5.56051e+15
5.56973e+15
5.47497e+15
5.48006e+15
5.44532e+15
5.39513e+15
5.32253e+15
5.32818e+15
5.19673e+15
5.13701e+15
5.0007e+15
4.97045e+15
4.873e+15
4.75488e+15
4.65381e+15
4.4987e+15
4.32499e+15
4.18996e+15
4.06201e+15
3.99871e+15
3.76348e+15
3.61513e+15
3.47152e+15
3.29646e+15
3.12777e+15
2.97348e+15
2.7398e+15
2.61215e+15
2.44532e+15
2.25463e+15
2.02327e+15
1.81386e+15
1.61352e+15
1.42189e+15
1.20399e+15
9.94212e+14
7.82856e+14
5.63324e+14
3.42121e+14
3.63807e+14
6.02169e+14
8.33328e+14
1.07094e+15
1.271e+15
1.49889e+15
1.68628e+15
1.88454e+15
2.10339e+15
2.36732e+15
2.55264e+15
2.69501e+15
2.93282e+15
3.14657e+15
3.33675e+15
3.49888e+15
3.67667e+15
3.85156e+15
4.00211e+15
4.14976e+15
4.35345e+15
4.4463e+15
4.59199e+15
4.71446e+15
4.87967e+15
4.98339e+15
5.10486e+15
5.21505e+15
5.28448e+15
5.47021e+15
5.45369e+15
5.54722e+15
5.59683e+15
5.59055e+15
5.66988e+15
5.70225e+15
5.78006e+15
5.78096e+15
5.82592e+15
5.83484e+15
5.81265e+15
5.83944e+15
5.806e+15
5.76454e+15
5.73377e+15
5.64148e+15
5.68038e+15
5.60599e+15
5.54246e+15
5.43927e+15
5.32954e+15
5.28164e+15
5.18343e+15
5.0633e+15
4.98128e+15
4.83071e+15
4.71201e+15
4.54255e+15
4.42099e+15
4.28902e+15
4.13264e+15
3.93823e+15
3.79187e+15
3.65641e+15
3.48384e+15
3.25193e+15
3.07241e+15
2.92666e+15
2.71377e+15
2.53603e+15
2.35754e+15
2.10823e+15
1.92006e+15
1.72998e+15
1.47803e+15
1.26105e+15
1.01877e+15
8.22873e+14
5.9876e+14
3.63336e+14
3.92877e+14
6.49362e+14
8.60866e+14
1.10931e+15
1.30101e+15
1.57031e+15
1.80035e+15
1.97624e+15
2.25855e+15
2.45503e+15
2.61414e+15
2.85208e+15
3.02736e+15
3.28827e+15
3.4968e+15
3.65281e+15
3.86398e+15
4.02885e+15
4.17074e+15
4.35294e+15
4.47097e+15
4.63051e+15
4.74837e+15
4.99464e+15
5.12178e+15
5.1884e+15
5.28538e+15
5.40803e+15
5.4941e+15
5.63063e+15
5.67839e+15
5.77746e+15
5.81934e+15
5.91051e+15
5.93029e+15
5.97471e+15
6.01675e+15
6.08399e+15
6.02558e+15
6.07102e+15
6.05392e+15
6.02205e+15
6.10035e+15
5.98806e+15
6.00936e+15
5.93899e+15
5.95177e+15
5.88074e+15
5.78736e+15
5.65707e+15
5.56955e+15
5.50362e+15
5.44234e+15
5.3149e+15
5.1622e+15
5.07936e+15
4.89626e+15
4.77397e+15
4.59986e+15
4.49245e+15
4.28964e+15
4.11095e+15
3.91984e+15
3.83642e+15
3.64548e+15
3.43321e+15
3.2502e+15
3.07727e+15
2.82488e+15
2.64206e+15
2.43907e+15
2.20624e+15
1.98787e+15
1.78585e+15
1.55594e+15
1.31049e+15
1.09286e+15
8.56419e+14
6.12808e+14
3.78829e+14
3.89404e+14
6.71606e+14
9.38692e+14
1.13846e+15
1.37357e+15
1.64196e+15
1.85342e+15
2.09857e+15
2.31245e+15
2.54673e+15
2.73682e+15
2.96026e+15
3.19831e+15
3.40157e+15
3.61746e+15
3.81298e+15
4.03272e+15
4.20332e+15
4.39069e+15
4.5602e+15
4.68903e+15
4.84225e+15
4.93304e+15
5.15683e+15
5.30733e+15
5.39955e+15
5.52017e+15
5.62973e+15
5.71748e+15
5.86448e+15
5.94593e+15
6.04271e+15
6.0715e+15
6.08473e+15
6.17747e+15
6.24981e+15
6.30916e+15
6.27708e+15
6.31945e+15
6.31209e+15
6.28582e+15
6.31956e+15
6.32695e+15
6.3047e+15
6.27154e+15
6.18459e+15
6.13461e+15
6.04506e+15
5.9852e+15
5.89528e+15
5.86127e+15
5.74928e+15
5.67036e+15
5.54013e+15
5.37734e+15
5.29403e+15
5.12206e+15
5.00924e+15
4.821e+15
4.67772e+15
4.52981e+15
4.3438e+15
4.14199e+15
3.97455e+15
3.81923e+15
3.60175e+15
3.41581e+15
3.19667e+15
2.96465e+15
2.75528e+15
2.57763e+15
2.28446e+15
2.07927e+15
1.82393e+15
1.61218e+15
1.36965e+15
1.14172e+15
8.91671e+14
6.42344e+14
3.9985e+14
4.17217e+14
7.11201e+14
9.50594e+14
1.18062e+15
1.46563e+15
1.70794e+15
1.93229e+15
2.17109e+15
2.36317e+15
2.62556e+15
2.83386e+15
3.06329e+15
3.32072e+15
3.51759e+15
3.75614e+15
3.99153e+15
4.16788e+15
4.3894e+15
4.54792e+15
4.69306e+15
4.8698e+15
5.03285e+15
5.19146e+15
5.33262e+15
5.506e+15
5.68984e+15
5.74681e+15
5.85125e+15
5.97383e+15
6.1093e+15
6.18623e+15
6.22491e+15
6.3577e+15
6.4432e+15
6.44167e+15
6.52735e+15
6.52664e+15
6.59446e+15
6.57699e+15
6.57472e+15
6.55239e+15
6.57117e+15
6.56245e+15
6.59766e+15
6.47931e+15
6.47716e+15
6.35297e+15
6.27754e+15
6.21828e+15
6.18026e+15
6.11008e+15
5.95181e+15
5.81389e+15
5.71089e+15
5.58755e+15
5.44118e+15
5.27641e+15
5.15452e+15
4.98815e+15
4.84291e+15
4.68458e+15
4.51329e+15
4.27402e+15
4.15781e+15
3.9294e+15
3.71897e+15
3.50687e+15
3.32279e+15
3.06401e+15
2.8827e+15
2.64995e+15
2.38052e+15
2.16763e+15
1.91041e+15
1.68927e+15
1.42463e+15
1.16015e+15
9.18314e+14
6.79535e+14
4.20064e+14
4.35809e+14
7.30962e+14
1.00152e+15
1.266e+15
1.49962e+15
1.77319e+15
2.00038e+15
2.23513e+15
2.48009e+15
2.77238e+15
2.97295e+15
3.24173e+15
3.47281e+15
3.65101e+15
3.89384e+15
4.06761e+15
4.31186e+15
4.52014e+15
4.70128e+15
4.86004e+15
5.05572e+15
5.23471e+15
5.41952e+15
5.58254e+15
5.69875e+15
5.84204e+15
6.02053e+15
6.08782e+15
6.16614e+15
6.23922e+15
6.42416e+15
6.46486e+15
6.53022e+15
6.64529e+15
6.71214e+15
6.75751e+15
6.7515e+15
6.82255e+15
6.81646e+15
6.8736e+15
6.83245e+15
6.80479e+15
6.74927e+15
6.78575e+15
6.7311e+15
6.6947e+15
6.58673e+15
6.48812e+15
6.49858e+15
6.37573e+15
6.29572e+15
6.18077e+15
6.09177e+15
5.90508e+15
5.81292e+15
5.6972e+15
5.45888e+15
5.314e+15
5.21826e+15
5.03119e+15
4.86246e+15
4.69574e+15
4.4517e+15
4.32608e+15
4.12235e+15
3.8843e+15
3.64218e+15
3.4274e+15
3.21383e+15
2.95897e+15
2.71303e+15
2.49414e+15
2.28194e+15
1.98467e+15
1.77859e+15
1.48319e+15
1.22434e+15
9.67997e+14
7.04227e+14
4.07783e+14
4.51253e+14
7.37949e+14
1.0341e+15
1.27953e+15
1.55222e+15
1.83059e+15
2.09781e+15
2.34277e+15
2.59461e+15
2.842e+15
3.06421e+15
3.3174e+15
3.55339e+15
3.79858e+15
4.03499e+15
4.27494e+15
4.49058e+15
4.62282e+15
4.84799e+15
5.049e+15
5.2608e+15
5.41481e+15
5.5906e+15
5.76258e+15
5.87583e+15
6.01435e+15
6.17144e+15
6.29891e+15
6.36626e+15
6.51724e+15
6.59732e+15
6.682e+15
6.7768e+15
6.86194e+15
6.93437e+15
7.03445e+15
7.02859e+15
7.04071e+15
7.06083e+15
7.03009e+15
7.04188e+15
7.07139e+15
7.09239e+15
7.0386e+15
7.02222e+15
6.99668e+15
6.84496e+15
6.74843e+15
6.68341e+15
6.57743e+15
6.51302e+15
6.42635e+15
6.2979e+15
6.1813e+15
5.99519e+15
5.93419e+15
5.71381e+15
5.55647e+15
5.38266e+15
5.20508e+15
4.99904e+15
4.88611e+15
4.62552e+15
4.44034e+15
4.22272e+15
4.03517e+15
3.78405e+15
3.54243e+15
3.30874e+15
3.07931e+15
2.82647e+15
2.578e+15
2.29244e+15
2.04208e+15
1.80741e+15
1.51929e+15
1.27524e+15
1.00201e+15
7.27759e+14
4.22776e+14
4.62873e+14
7.62015e+14
1.05076e+15
1.33804e+15
1.61046e+15
1.88867e+15
2.15556e+15
2.42993e+15
2.65475e+15
2.92556e+15
3.2182e+15
3.45278e+15
3.69137e+15
3.92088e+15
4.15737e+15
4.37585e+15
4.59664e+15
4.75382e+15
5.04185e+15
5.20469e+15
5.32371e+15
5.56221e+15
5.73341e+15
5.89505e+15
6.07178e+15
6.21628e+15
6.39349e+15
6.51093e+15
6.61659e+15
6.70815e+15
6.85931e+15
6.99631e+15
7.04158e+15
7.07255e+15
7.19531e+15
7.18763e+15
7.28048e+15
7.31756e+15
7.32686e+15
7.36166e+15
7.32317e+15
7.33411e+15
7.26615e+15
7.31415e+15
7.25194e+15
7.15601e+15
7.10377e+15
7.02017e+15
6.97822e+15
6.87352e+15
6.73584e+15
6.63456e+15
6.50426e+15
6.34764e+15
6.24362e+15
6.08939e+15
5.92943e+15
5.70355e+15
5.55398e+15
5.34711e+15
5.11022e+15
4.98254e+15
4.77835e+15
4.58358e+15
4.38019e+15
4.16112e+15
3.95704e+15
3.69573e+15
3.47073e+15
3.18236e+15
2.92013e+15
2.67145e+15
2.35867e+15
2.13895e+15
1.85584e+15
1.57651e+15
1.30268e+15
1.03257e+15
7.53352e+14
4.47512e+14
4.78761e+14
7.736e+14
1.08524e+15
1.39046e+15
1.66755e+15
1.92495e+15
2.20594e+15
2.48113e+15
2.77892e+15
2.99476e+15
3.25862e+15
3.53456e+15
3.77597e+15
4.04585e+15
4.29853e+15
4.48986e+15
4.73456e+15
4.92553e+15
5.12513e+15
5.36443e+15
5.58264e+15
5.73463e+15
5.94305e+15
6.09534e+15
6.32805e+15
6.40633e+15
6.58093e+15
6.70764e+15
6.78887e+15
6.91857e+15
7.02963e+15
7.12574e+15
7.25976e+15
7.3503e+15
7.31874e+15
7.44293e+15
7.44524e+15
7.56024e+15
7.55468e+15
7.56098e+15
7.57289e+15
7.5692e+15
7.5244e+15
7.49372e+15
7.50835e+15
7.48393e+15
7.27572e+15
7.28865e+15
7.15329e+15
7.09196e+15
6.95916e+15
6.88751e+15
6.69643e+15
6.53864e+15
6.40708e+15
6.27279e+15
6.09982e+15
5.93192e+15
5.74942e+15
5.54463e+15
5.35004e+15
5.1613e+15
4.95296e+15
4.68781e+15
4.4837e+15
4.26147e+15
4.02282e+15
3.78736e+15
3.51526e+15
3.24559e+15
2.94755e+15
2.76346e+15
2.46083e+15
2.19516e+15
1.91574e+15
1.64393e+15
1.36413e+15
1.06835e+15
7.6236e+14
4.63902e+14
4.87801e+14
7.98849e+14
1.10944e+15
1.42555e+15
1.7087e+15
1.97583e+15
2.27842e+15
2.56099e+15
2.84837e+15
3.11874e+15
3.41689e+15
3.63537e+15
3.93322e+15
4.14701e+15
4.35907e+15
4.64142e+15
4.84061e+15
5.09527e+15
5.2912e+15
5.55065e+15
5.73814e+15
5.88007e+15
6.08376e+15
6.30562e+15
6.43314e+15
6.6425e+15
6.81776e+15
6.90263e+15
7.05395e+15
7.12865e+15
7.27665e+15
7.43437e+15
7.48538e+15
7.54547e+15
7.54946e+15
7.66475e+15
7.71946e+15
7.71482e+15
7.72227e+15
7.82505e+15
7.84571e+15
7.77089e+15
7.7345e+15
7.8014e+15
7.7226e+15
7.66828e+15
7.44766e+15
7.46963e+15
7.42002e+15
7.30044e+15
7.17364e+15
7.0798e+15
6.91921e+15
6.75815e+15
6.57055e+15
6.47299e+15
6.28202e+15
6.08512e+15
5.90986e+15
5.74033e+15
5.52456e+15
5.27352e+15
5.07676e+15
4.85321e+15
4.58966e+15
4.42758e+15
4.20094e+15
3.87014e+15
3.62549e+15
3.36461e+15
3.08634e+15
2.82049e+15
2.54436e+15
2.2408e+15
1.98781e+15
1.67957e+15
1.40192e+15
1.08474e+15
7.84577e+14
4.66503e+14
4.9966e+14
8.254e+14
1.1506e+15
1.46042e+15
1.75069e+15
2.04337e+15
2.35975e+15
2.66082e+15
2.91159e+15
3.24446e+15
3.50657e+15
3.7405e+15
4.01925e+15
4.26677e+15
4.49949e+15
4.76455e+15
4.98767e+15
5.18953e+15
5.4595e+15
5.67187e+15
5.87393e+15
6.06654e+15
6.27576e+15
6.5265e+15
6.64021e+15
6.76454e+15
6.98796e+15
7.08926e+15
7.1978e+15
7.33166e+15
7.44035e+15
7.52598e+15
7.67008e+15
7.7282e+15
7.85023e+15
7.90282e+15
7.98655e+15
7.98838e+15
7.99475e+15
8.07341e+15
8.06499e+15
8.00054e+15
8.00889e+15
7.97266e+15
7.87625e+15
7.8083e+15
7.76684e+15
7.66713e+15
7.62783e+15
7.48661e+15
7.41565e+15
7.23615e+15
7.08907e+15
6.97564e+15
6.82491e+15
6.58965e+15
6.46973e+15
6.28947e+15
6.09963e+15
5.91782e+15
5.64946e+15
5.43816e+15
5.25243e+15
5.0038e+15
4.79307e+15
4.52718e+15
4.21719e+15
4.00254e+15
3.71004e+15
3.43012e+15
3.16217e+15
2.92036e+15
2.6184e+15
2.34716e+15
2.06936e+15
1.71971e+15
1.44772e+15
1.147e+15
8.26071e+14
4.83553e+14
5.08661e+14
8.52157e+14
1.20521e+15
1.49472e+15
1.81301e+15
2.13855e+15
2.42547e+15
2.76664e+15
3.02741e+15
3.29737e+15
3.59838e+15
3.86254e+15
4.1712e+15
4.35792e+15
4.63863e+15
4.91096e+15
5.12739e+15
5.37168e+15
5.60478e+15
5.82026e+15
6.04291e+15
6.23931e+15
6.50788e+15
6.64928e+15
6.80866e+15
6.9946e+15
7.21427e+15
7.28683e+15
7.38026e+15
7.60371e+15
7.68395e+15
7.79108e+15
7.88244e+15
7.97329e+15
8.06898e+15
8.18758e+15
8.2245e+15
8.21472e+15
8.21216e+15
8.18364e+15
8.24375e+15
8.26399e+15
8.21745e+15
8.13894e+15
8.0846e+15
8.02678e+15
7.96546e+15
7.9261e+15
7.78536e+15
7.6783e+15
7.52498e+15
7.43217e+15
7.28184e+15
7.13372e+15
7.01306e+15
6.83981e+15
6.62418e+15
6.42453e+15
6.23947e+15
6.01742e+15
5.82601e+15
5.60908e+15
5.39771e+15
5.18613e+15
4.90046e+15
4.65617e+15
4.36198e+15
4.10799e+15
3.77668e+15
3.50484e+15
3.21863e+15
2.98373e+15
2.7153e+15
2.4066e+15
2.09928e+15
1.78278e+15
1.49738e+15
1.16977e+15
8.38218e+14
4.99083e+14
5.16123e+14
8.87684e+14
1.21952e+15
1.55395e+15
1.87326e+15
2.16195e+15
2.47328e+15
2.81023e+15
3.09068e+15
3.3755e+15
3.66782e+15
4.00845e+15
4.24891e+15
4.51158e+15
4.79587e+15
5.0301e+15
5.26611e+15
5.50409e+15
5.74368e+15
5.99141e+15
6.15278e+15
6.41431e+15
6.57712e+15
6.82931e+15
6.98505e+15
7.12451e+15
7.33699e+15
7.4693e+15
7.64737e+15
7.78813e+15
7.93831e+15
7.99308e+15
8.06355e+15
8.25517e+15
8.25916e+15
8.34775e+15
8.37203e+15
8.40848e+15
8.42941e+15
8.36273e+15
8.44374e+15
8.3781e+15
8.38118e+15
8.3616e+15
8.31978e+15
8.26445e+15
8.12992e+15
8.0372e+15
8.00269e+15
7.88055e+15
7.79581e+15
7.62411e+15
7.49109e+15
7.32174e+15
7.1829e+15
6.98563e+15
6.75095e+15
6.55705e+15
6.40266e+15
6.18399e+15
5.97973e+15
5.69466e+15
5.5001e+15
5.32473e+15
5.00437e+15
4.74554e+15
4.5619e+15
4.20092e+15
3.86404e+15
3.63634e+15
3.3122e+15
3.06701e+15
2.76851e+15
2.49175e+15
2.18369e+15
1.81917e+15
1.53827e+15
1.18943e+15
8.64383e+14
5.18256e+14
5.28358e+14
8.92763e+14
1.22244e+15
1.56937e+15
1.87756e+15
2.20563e+15
2.54791e+15
2.86448e+15
3.17253e+15
3.44533e+15
3.72675e+15
4.04736e+15
4.33261e+15
4.62042e+15
4.92956e+15
5.14397e+15
5.41742e+15
5.66141e+15
5.89486e+15
6.15266e+15
6.36103e+15
6.52789e+15
6.70965e+15
6.95678e+15
7.10663e+15
7.24111e+15
7.45534e+15
7.60942e+15
7.87471e+15
7.91544e+15
8.02396e+15
8.13338e+15
8.27389e+15
8.35574e+15
8.41603e+15
8.49236e+15
8.52e+15
8.6055e+15
8.64233e+15
8.684e+15
8.68282e+15
8.58833e+15
8.58757e+15
8.53614e+15
8.46996e+15
8.43633e+15
8.32209e+15
8.19024e+15
8.09238e+15
8.05802e+15
7.92838e+15
7.76783e+15
7.68489e+15
7.5011e+15
7.34347e+15
7.08776e+15
6.88686e+15
6.77315e+15
6.49186e+15
6.32139e+15
6.12748e+15
5.85344e+15
5.66248e+15
5.39116e+15
5.11843e+15
4.88888e+15
4.55173e+15
4.30229e+15
3.9724e+15
3.72811e+15
3.41572e+15
3.1124e+15
2.84608e+15
2.54067e+15
2.20937e+15
1.85815e+15
1.53458e+15
1.21081e+15
9.05147e+14
5.17437e+14
5.30091e+14
8.95518e+14
1.24303e+15
1.59361e+15
1.91394e+15
2.23805e+15
2.58672e+15
2.9215e+15
3.21609e+15
3.51312e+15
3.86321e+15
4.09904e+15
4.40885e+15
4.76199e+15
4.9674e+15
5.305e+15
5.53865e+15
5.76405e+15
6.03031e+15
6.26841e+15
6.42811e+15
6.69476e+15
6.95127e+15
7.07377e+15
7.33598e+15
7.48569e+15
7.69676e+15
7.83926e+15
8.00933e+15
8.1568e+15
8.26286e+15
8.36933e+15
8.48117e+15
8.5734e+15
8.61988e+15
8.70565e+15
8.72397e+15
8.77748e+15
8.77273e+15
8.85586e+15
8.8476e+15
8.74972e+15
8.75996e+15
8.67938e+15
8.62156e+15
8.54587e+15
8.51216e+15
8.40779e+15
8.25314e+15
8.25633e+15
8.08771e+15
7.97513e+15
7.82282e+15
7.68734e+15
7.46824e+15
7.23453e+15
7.08635e+15
6.87674e+15
6.66693e+15
6.44977e+15
6.1845e+15
5.93224e+15
5.70728e+15
5.40172e+15
5.18108e+15
4.9866e+15
4.66385e+15
4.37765e+15
4.15519e+15
3.81925e+15
3.48308e+15
3.19215e+15
2.87144e+15
2.61549e+15
2.23932e+15
1.90735e+15
1.57966e+15
1.25156e+15
9.10762e+14
5.33495e+14
5.45034e+14
9.0427e+14
1.258e+15
1.62862e+15
1.93259e+15
2.27878e+15
2.65426e+15
2.9904e+15
3.31169e+15
3.63733e+15
3.89644e+15
4.25987e+15
4.56198e+15
4.85593e+15
5.09605e+15
5.42771e+15
5.65209e+15
5.92177e+15
6.17248e+15
6.36331e+15
6.62492e+15
6.831e+15
7.07479e+15
7.25443e+15
7.46857e+15
7.6674e+15
7.82284e+15
7.97248e+15
8.1743e+15
8.34337e+15
8.43393e+15
8.47399e+15
8.65714e+15
8.71014e+15
8.74039e+15
8.87801e+15
8.8714e+15
8.91341e+15
8.91014e+15
8.97625e+15
8.95883e+15
8.97472e+15
8.88339e+15
8.90303e+15
8.83378e+15
8.69667e+15
8.68471e+15
8.62407e+15
8.52358e+15
8.38001e+15
8.35746e+15
8.14769e+15
7.99812e+15
7.80657e+15
7.64596e+15
7.46722e+15
7.2683e+15
7.02294e+15
6.79412e+15
6.60728e+15
6.39176e+15
6.10932e+15
5.84915e+15
5.56544e+15
5.31663e+15
5.04861e+15
4.73892e+15
4.49912e+15
4.17556e+15
3.87422e+15
3.53142e+15
3.27662e+15
2.93733e+15
2.60975e+15
2.26875e+15
1.92761e+15
1.59369e+15
1.27914e+15
9.1522e+14
5.67025e+14
5.5294e+14
9.3757e+14
1.29804e+15
1.67395e+15
1.98019e+15
2.34457e+15
2.6706e+15
2.99956e+15
3.37285e+15
3.67538e+15
3.99477e+15
4.34624e+15
4.58932e+15
4.97195e+15
5.16576e+15
5.50976e+15
5.71651e+15
5.99e+15
6.22511e+15
6.54293e+15
6.75091e+15
6.99642e+15
7.19295e+15
7.38016e+15
7.61331e+15
7.78269e+15
7.972e+15
8.11633e+15
8.26939e+15
8.40996e+15
8.60116e+15
8.67036e+15
8.81239e+15
8.90328e+15
8.92562e+15
9.03523e+15
9.07286e+15
9.06825e+15
9.05992e+15
9.08225e+15
9.11082e+15
9.14222e+15
9.10245e+15
9.08124e+15
8.96404e+15
8.9165e+15
8.81601e+15
8.77752e+15
8.60123e+15
8.55833e+15
8.43947e+15
8.30919e+15
8.11003e+15
7.91207e+15
7.82194e+15
7.59598e+15
7.41069e+15
7.2125e+15
6.90899e+15
6.72194e+15
6.46106e+15
6.20391e+15
6.02328e+15
5.74592e+15
5.41864e+15
5.13964e+15
4.84901e+15
4.54437e+15
4.22097e+15
3.90787e+15
3.59338e+15
3.33955e+15
2.99368e+15
2.65152e+15
2.30481e+15
1.9885e+15
1.6089e+15
1.28251e+15
9.47488e+14
5.5963e+14
5.64598e+14
9.65643e+14
1.28281e+15
1.6743e+15
2.03064e+15
2.35419e+15
2.70579e+15
3.09003e+15
3.4289e+15
3.73498e+15
4.05449e+15
4.40945e+15
4.666e+15
4.99759e+15
5.29992e+15
5.59897e+15
5.83949e+15
6.08576e+15
6.37621e+15
6.63932e+15
6.92049e+15
7.15675e+15
7.32031e+15
7.53063e+15
7.69583e+15
7.94952e+15
8.11494e+15
8.26546e+15
8.45237e+15
8.59747e+15
8.7467e+15
8.8474e+15
8.89797e+15
9.03428e+15
9.07561e+15
9.10175e+15
9.2132e+15
9.2261e+15
9.2643e+15
9.24228e+15
9.26268e+15
9.23829e+15
9.2681e+15
9.15789e+15
9.18672e+15
9.08504e+15
8.99614e+15
8.9315e+15
8.84816e+15
8.69909e+15
8.55699e+15
8.42635e+15
8.2851e+15
8.06981e+15
7.91135e+15
7.69329e+15
7.53777e+15
7.27879e+15
7.07578e+15
6.79413e+15
6.55135e+15
6.37077e+15
6.05861e+15
5.81475e+15
5.4728e+15
5.23863e+15
4.9447e+15
4.59174e+15
4.30404e+15
4.00503e+15
3.70909e+15
3.3965e+15
3.06221e+15
2.70613e+15
2.35696e+15
2.03259e+15
1.66226e+15
1.29772e+15
9.54438e+14
5.75787e+14
5.84917e+14
9.74033e+14
1.34031e+15
1.6838e+15
2.03705e+15
2.42494e+15
2.75582e+15
3.1361e+15
3.42837e+15
3.79099e+15
4.14724e+15
4.42609e+15
4.73368e+15
5.10217e+15
5.37411e+15
5.63142e+15
5.97025e+15
6.20043e+15
6.44055e+15
6.77754e+15
6.99278e+15
7.23421e+15
7.46298e+15
7.64601e+15
7.871e+15
8.05458e+15
8.24705e+15
8.44353e+15
8.59816e+15
8.70299e+15
8.82374e+15
8.99034e+15
9.03982e+15
9.13768e+15
9.29914e+15
9.32989e+15
9.29125e+15
9.37545e+15
9.42538e+15
9.44613e+15
9.44825e+15
9.41839e+15
9.40951e+15
9.38325e+15
9.24456e+15
9.21853e+15
9.14269e+15
9.07374e+15
8.96243e+15
8.87566e+15
8.73184e+15
8.5482e+15
8.39298e+15
8.23025e+15
8.01078e+15
7.8296e+15
7.65046e+15
7.42364e+15
7.16197e+15
6.91748e+15
6.69289e+15
6.44987e+15
6.17248e+15
5.90268e+15
5.57283e+15
5.35735e+15
5.02929e+15
4.7217e+15
4.41704e+15
4.08324e+15
3.76828e+15
3.4531e+15
3.10511e+15
2.77896e+15
2.40844e+15
2.08855e+15
1.71241e+15
1.32465e+15
9.81704e+14
5.87126e+14
6.04792e+14
9.93721e+14
1.37373e+15
1.71826e+15
2.08426e+15
2.43071e+15
2.80289e+15
3.15151e+15
3.46602e+15
3.84141e+15
4.18758e+15
4.53955e+15
4.86253e+15
5.17817e+15
5.45598e+15
5.70353e+15
6.04194e+15
6.31734e+15
6.61705e+15
6.85179e+15
7.08563e+15
7.30574e+15
7.50466e+15
7.79727e+15
7.96946e+15
8.17522e+15
8.37325e+15
8.54484e+15
8.68303e+15
8.79571e+15
9.01435e+15
9.07699e+15
9.20367e+15
9.28527e+15
9.37303e+15
9.49934e+15
9.4546e+15
9.47726e+15
9.5771e+15
9.54142e+15
9.59923e+15
9.64102e+15
9.52147e+15
9.49786e+15
9.48311e+15
9.39734e+15
9.30193e+15
9.20716e+15
9.08198e+15
8.93912e+15
8.82584e+15
8.67463e+15
8.49674e+15
8.36268e+15
8.15641e+15
7.98667e+15
7.74658e+15
7.48719e+15
7.26816e+15
7.03958e+15
6.7555e+15
6.57134e+15
6.26164e+15
6.0116e+15
5.69226e+15
5.39656e+15
5.0835e+15
4.76289e+15
4.44718e+15
4.1657e+15
3.83186e+15
3.4981e+15
3.15786e+15
2.85096e+15
2.44628e+15
2.11195e+15
1.72319e+15
1.3663e+15
9.79015e+14
5.90403e+14
5.87938e+14
9.92544e+14
1.38642e+15
1.75059e+15
2.1198e+15
2.48109e+15
2.84126e+15
3.17043e+15
3.51824e+15
3.91218e+15
4.20258e+15
4.55575e+15
4.89622e+15
5.18637e+15
5.5381e+15
5.78258e+15
6.08076e+15
6.39146e+15
6.78655e+15
6.96521e+15
7.20496e+15
7.42481e+15
7.61412e+15
7.91061e+15
8.09835e+15
8.2992e+15
8.45844e+15
8.63672e+15
8.8476e+15
8.86856e+15
9.05719e+15
9.18635e+15
9.35623e+15
9.43456e+15
9.51454e+15
9.58665e+15
9.62558e+15
9.6625e+15
9.75383e+15
9.73187e+15
9.78274e+15
9.68188e+15
9.65948e+15
9.60357e+15
9.58366e+15
9.51433e+15
9.45342e+15
9.29462e+15
9.14642e+15
9.08634e+15
8.9583e+15
8.71661e+15
8.60118e+15
8.43532e+15
8.28821e+15
7.98923e+15
7.82087e+15
7.63768e+15
7.44507e+15
7.15843e+15
6.8679e+15
6.60775e+15
6.30793e+15
6.05208e+15
5.77813e+15
5.44831e+15
5.11133e+15
4.8458e+15
4.5296e+15
4.17498e+15
3.91086e+15
3.53361e+15
3.19113e+15
2.87564e+15
2.49453e+15
2.12635e+15
1.76341e+15
1.36394e+15
9.90071e+14
6.08036e+14
6.08498e+14
1.00694e+15
1.3856e+15
1.78479e+15
2.11897e+15
2.50289e+15
2.87354e+15
3.22637e+15
3.59063e+15
3.90501e+15
4.25842e+15
4.64645e+15
4.94283e+15
5.27334e+15
5.58849e+15
5.88478e+15
6.18549e+15
6.52075e+15
6.75871e+15
7.08829e+15
7.27895e+15
7.59343e+15
7.74274e+15
7.98273e+15
8.2218e+15
8.40841e+15
8.54467e+15
8.73048e+15
8.79862e+15
9.05124e+15
9.13129e+15
9.36677e+15
9.4399e+15
9.49031e+15
9.68888e+15
9.69933e+15
9.73007e+15
9.80628e+15
9.91432e+15
9.80967e+15
9.90355e+15
9.77735e+15
9.78976e+15
9.7416e+15
9.68489e+15
9.59826e+15
9.50423e+15
9.40653e+15
9.29071e+15
9.1218e+15
9.00433e+15
8.81807e+15
8.72016e+15
8.5282e+15
8.36115e+15
8.11273e+15
7.96449e+15
7.69205e+15
7.4886e+15
7.19448e+15
6.92787e+15
6.64485e+15
6.41078e+15
6.14167e+15
5.80829e+15
5.5479e+15
5.22571e+15
4.90979e+15
4.54022e+15
4.25808e+15
3.92845e+15
3.55586e+15
3.20866e+15
2.83178e+15
2.52878e+15
2.1476e+15
1.79257e+15
1.39363e+15
1.0066e+15
6.09158e+14
6.05743e+14
1.0163e+15
1.42981e+15
1.79086e+15
2.15314e+15
2.54398e+15
2.89177e+15
3.25675e+15
3.62457e+15
3.95814e+15
4.28927e+15
4.64458e+15
5.00245e+15
5.34187e+15
5.62959e+15
5.94251e+15
6.21143e+15
6.48986e+15
6.8028e+15
7.16164e+15
7.35808e+15
7.64041e+15
7.85168e+15
8.0772e+15
8.22495e+15
8.3888e+15
8.65857e+15
8.81144e+15
8.97632e+15
9.10595e+15
9.31997e+15
9.39947e+15
9.52954e+15
9.64633e+15
9.66343e+15
9.74124e+15
9.83303e+15
9.90168e+15
9.94044e+15
9.944e+15
9.90151e+15
9.92449e+15
9.90744e+15
9.92869e+15
9.78697e+15
9.68675e+15
9.64533e+15
9.56595e+15
9.40222e+15
9.24916e+15
9.1681e+15
8.96815e+15
8.76188e+15
8.59184e+15
8.46262e+15
8.18743e+15
7.96855e+15
7.71205e+15
7.48156e+15
7.24976e+15
7.035e+15
6.7681e+15
6.43602e+15
6.20319e+15
5.8981e+15
5.57781e+15
5.27761e+15
4.9708e+15
4.63971e+15
4.25552e+15
3.96283e+15
3.60006e+15
3.2412e+15
2.90982e+15
2.51791e+15
2.18397e+15
1.77491e+15
1.39277e+15
1.01936e+15
6.0611e+14
6.192e+14
1.04965e+15
1.42267e+15
1.81811e+15
2.18441e+15
2.54112e+15
2.93084e+15
3.2433e+15
3.6026e+15
3.95969e+15
4.34267e+15
4.66552e+15
5.05744e+15
5.41652e+15
5.67071e+15
5.96564e+15
6.3164e+15
6.58606e+15
6.91098e+15
7.09842e+15
7.41039e+15
7.67425e+15
7.86417e+15
8.10857e+15
8.28169e+15
8.51678e+15
8.719e+15
8.94367e+15
9.07325e+15
9.09781e+15
9.38848e+15
9.49228e+15
9.62419e+15
9.75305e+15
9.76429e+15
9.81339e+15
9.91691e+15
1.00099e+16
9.98961e+15
9.99074e+15
9.9975e+15
9.96963e+15
1.00288e+16
9.95706e+15
9.87565e+15
9.80393e+15
9.72688e+15
9.64805e+15
9.44889e+15
9.41675e+15
9.21643e+15
9.07109e+15
8.85407e+15
8.69051e+15
8.51278e+15
8.29191e+15
8.05514e+15
7.85378e+15
7.53082e+15
7.37093e+15
7.05921e+15
6.82454e+15
6.53735e+15
6.2426e+15
5.96737e+15
5.67621e+15
5.30963e+15
5.04342e+15
4.65612e+15
4.3675e+15
4.00226e+15
3.64102e+15
3.28804e+15
2.90001e+15
2.56275e+15
2.17188e+15
1.79577e+15
1.43279e+15
1.03387e+15
6.04914e+14
6.35297e+14
1.05531e+15
1.4391e+15
1.81112e+15
2.21214e+15
2.57737e+15
2.9445e+15
3.30853e+15
3.70827e+15
4.04135e+15
4.35698e+15
4.70949e+15
5.04612e+15
5.39624e+15
5.74188e+15
6.0143e+15
6.33398e+15
6.65013e+15
6.96823e+15
7.16072e+15
7.48742e+15
7.6923e+15
7.92441e+15
8.20646e+15
8.43458e+15
8.61556e+15
8.74001e+15
8.95735e+15
9.14597e+15
9.23383e+15
9.39513e+15
9.61372e+15
9.65177e+15
9.81999e+15
9.87031e+15
9.95595e+15
1.00413e+16
1.00882e+16
1.00934e+16
1.01165e+16
1.01019e+16
1.00535e+16
1.00057e+16
9.97637e+15
9.9637e+15
9.86905e+15
9.83238e+15
9.65671e+15
9.51078e+15
9.42852e+15
9.32217e+15
9.1489e+15
8.97038e+15
8.72475e+15
8.61595e+15
8.40399e+15
8.13071e+15
7.90515e+15
7.62647e+15
7.37652e+15
7.16174e+15
6.82844e+15
6.60279e+15
6.23668e+15
5.98582e+15
5.68912e+15
5.3807e+15
5.05205e+15
4.7077e+15
4.39311e+15
4.02091e+15
3.68147e+15
3.30547e+15
2.92366e+15
2.56688e+15
2.21298e+15
1.82635e+15
1.44995e+15
1.03158e+15
6.31278e+14
6.32152e+14
1.05359e+15
1.47441e+15
1.85459e+15
2.20845e+15
2.60213e+15
2.96672e+15
3.33565e+15
3.71952e+15
4.04689e+15
4.38903e+15
4.77814e+15
5.0843e+15
5.42113e+15
5.77264e+15
6.10766e+15
6.41729e+15
6.70189e+15
6.89282e+15
7.22132e+15
7.47911e+15
7.71521e+15
7.94811e+15
8.23254e+15
8.44923e+15
8.63393e+15
8.86369e+15
9.02422e+15
9.23755e+15
9.26533e+15
9.47375e+15
9.69204e+15
9.78042e+15
9.92069e+15
9.95662e+15
1.00184e+16
1.00685e+16
1.01633e+16
1.01983e+16
1.02037e+16
1.0138e+16
1.01461e+16
1.00593e+16
9.99405e+15
1.00187e+16
9.91751e+15
9.83086e+15
9.71881e+15
9.60237e+15
9.48286e+15
9.33004e+15
9.18111e+15
8.97634e+15
8.8134e+15
8.65719e+15
8.38093e+15
8.17965e+15
7.90228e+15
7.69556e+15
7.46603e+15
7.1537e+15
6.94402e+15
6.59815e+15
6.33652e+15
5.98786e+15
5.70526e+15
5.4607e+15
5.09859e+15
4.7211e+15
4.3758e+15
4.04858e+15
3.72186e+15
3.34827e+15
2.93319e+15
2.55799e+15
2.22927e+15
1.84245e+15
1.44851e+15
1.05319e+15
6.26072e+14
6.39017e+14
1.04395e+15
1.46398e+15
1.84132e+15
2.25954e+15
2.6089e+15
2.99113e+15
3.3962e+15
3.70478e+15
4.10084e+15
4.46201e+15
4.83558e+15
5.13652e+15
5.46776e+15
5.74407e+15
6.11883e+15
6.41784e+15
6.76163e+15
6.96068e+15
7.26774e+15
7.49136e+15
7.75034e+15
8.04796e+15
8.28201e+15
8.49709e+15
8.63151e+15
8.83286e+15
9.0577e+15
9.24482e+15
9.39481e+15
9.57309e+15
9.68378e+15
9.79632e+15
9.8903e+15
9.98617e+15
1.00228e+16
1.01124e+16
1.01952e+16
1.024e+16
1.01966e+16
1.02052e+16
1.01277e+16
1.01171e+16
1.00155e+16
1.0013e+16
9.95076e+15
9.8645e+15
9.75584e+15
9.56667e+15
9.50197e+15
9.33409e+15
9.17809e+15
9.01384e+15
8.8269e+15
8.61397e+15
8.43813e+15
8.17208e+15
7.95001e+15
7.75128e+15
7.51351e+15
7.21344e+15
6.92365e+15
6.64185e+15
6.3287e+15
6.04859e+15
5.74949e+15
5.41635e+15
5.06674e+15
4.77517e+15
4.36381e+15
4.05802e+15
3.69557e+15
3.36301e+15
3.00325e+15
2.58562e+15
2.22876e+15
1.84066e+15
1.43745e+15
1.05699e+15
6.21291e+14
6.36167e+14
1.0483e+15
1.45731e+15
1.8677e+15
2.23515e+15
2.6347e+15
2.99453e+15
3.38362e+15
3.72266e+15
4.13019e+15
4.45814e+15
4.76213e+15
5.10597e+15
5.44132e+15
5.72925e+15
6.12762e+15
6.42487e+15
6.70376e+15
6.99252e+15
7.29377e+15
7.59936e+15
7.77366e+15
8.0468e+15
8.28701e+15
8.5111e+15
8.68202e+15
8.89006e+15
9.09481e+15
9.23993e+15
9.4266e+15
9.54482e+15
9.70274e+15
9.85695e+15
9.97831e+15
9.99802e+15
1.01036e+16
1.01226e+16
1.01646e+16
1.02294e+16
1.02099e+16
1.02525e+16
1.02026e+16
1.01779e+16
1.01313e+16
1.0032e+16
9.96407e+15
9.96414e+15
9.83289e+15
9.62066e+15
9.55264e+15
9.43081e+15
9.25942e+15
9.06901e+15
8.87347e+15
8.62678e+15
8.46029e+15
8.23992e+15
7.96138e+15
7.74152e+15
7.52081e+15
7.27695e+15
6.91728e+15
6.69799e+15
6.32326e+15
6.07778e+15
5.78964e+15
5.43406e+15
5.12457e+15
4.78553e+15
4.40146e+15
4.07078e+15
3.72361e+15
3.3443e+15
3.00967e+15
2.62108e+15
2.23155e+15
1.86583e+15
1.4564e+15
1.05752e+15
6.32457e+14
6.37271e+14
1.08028e+15
1.44953e+15
1.86468e+15
2.26946e+15
2.65443e+15
3.00373e+15
3.38184e+15
3.76191e+15
4.11962e+15
4.45175e+15
4.81139e+15
5.17176e+15
5.4395e+15
5.76814e+15
6.12753e+15
6.4147e+15
6.71435e+15
7.01286e+15
7.27676e+15
7.54524e+15
7.80588e+15
8.01535e+15
8.27331e+15
8.48022e+15
8.69784e+15
8.90668e+15
9.08398e+15
9.30426e+15
9.41984e+15
9.50861e+15
9.74008e+15
9.87786e+15
9.88997e+15
9.97914e+15
1.00929e+16
1.01668e+16
1.01813e+16
1.02632e+16
1.02079e+16
1.02332e+16
1.02356e+16
1.01724e+16
1.01525e+16
1.00385e+16
1.00301e+16
9.93453e+15
9.7543e+15
9.66965e+15
9.49445e+15
9.40635e+15
9.23104e+15
9.02835e+15
8.88942e+15
8.67791e+15
8.45239e+15
8.19871e+15
8.007e+15
7.74974e+15
7.5095e+15
7.19611e+15
6.94758e+15
6.64843e+15
6.37693e+15
6.05711e+15
5.74637e+15
5.39956e+15
5.12944e+15
4.79896e+15
4.39316e+15
4.05476e+15
3.72294e+15
3.35958e+15
2.97141e+15
2.60474e+15
2.21719e+15
1.85453e+15
1.44056e+15
1.05588e+15
6.14415e+14
6.42326e+14
1.04194e+15
1.44994e+15
1.84582e+15
2.23835e+15
2.62254e+15
2.98952e+15
3.39336e+15
3.76584e+15
4.11598e+15
4.45449e+15
4.7927e+15
5.15732e+15
5.46634e+15
5.77506e+15
6.08657e+15
6.3509e+15
6.64086e+15
6.94481e+15
7.2218e+15
7.49164e+15
7.78617e+15
8.01747e+15
8.26577e+15
8.49626e+15
8.72981e+15
8.91187e+15
9.15651e+15
9.31871e+15
9.48049e+15
9.60115e+15
9.77026e+15
9.83563e+15
9.98253e+15
9.95179e+15
1.00172e+16
1.0115e+16
1.01897e+16
1.02213e+16
1.02473e+16
1.02183e+16
1.0198e+16
1.01332e+16
1.01329e+16
1.0043e+16
9.94896e+15
9.92149e+15
9.80289e+15
9.67132e+15
9.56453e+15
9.36546e+15
9.24164e+15
9.05616e+15
8.87315e+15
8.6568e+15
8.5018e+15
8.25797e+15
8.0318e+15
7.73056e+15
7.48675e+15
7.23288e+15
6.96779e+15
6.65987e+15
6.40122e+15
6.07393e+15
5.78699e+15
5.47291e+15
5.10793e+15
4.76298e+15
4.46125e+15
4.08854e+15
3.69781e+15
3.38512e+15
3.00388e+15
2.62641e+15
2.23527e+15
1.83463e+15
1.42867e+15
1.06181e+15
6.07335e+14
6.37697e+14
1.05152e+15
1.457e+15
1.83141e+15
2.2298e+15
2.62657e+15
2.96497e+15
3.36269e+15
3.73851e+15
4.13622e+15
4.45244e+15
4.7862e+15
5.08393e+15
5.44266e+15
5.80626e+15
6.08083e+15
6.35136e+15
6.68382e+15
6.91321e+15
7.20625e+15
7.56943e+15
7.73598e+15
8.04546e+15
8.25683e+15
8.46936e+15
8.7139e+15
8.90476e+15
9.09959e+15
9.28811e+15
9.40669e+15
9.56078e+15
9.63274e+15
9.80056e+15
9.96308e+15
1.00363e+16
1.00953e+16
1.01244e+16
1.01381e+16
1.01475e+16
1.02088e+16
1.02092e+16
1.0167e+16
1.015e+16
1.00568e+16
9.97785e+15
9.96617e+15
9.89664e+15
9.75635e+15
9.5987e+15
9.51932e+15
9.42139e+15
9.26603e+15
9.04204e+15
8.87688e+15
8.66406e+15
8.47519e+15
8.22407e+15
7.97386e+15
7.69293e+15
7.48405e+15
7.24065e+15
6.92261e+15
6.66977e+15
6.36537e+15
6.0797e+15
5.75459e+15
5.44358e+15
5.09937e+15
4.73903e+15
4.45655e+15
4.08817e+15
3.69313e+15
3.33814e+15
2.98407e+15
2.62833e+15
2.26002e+15
1.87721e+15
1.44175e+15
1.03752e+15
6.26587e+14
6.17131e+14
1.06678e+15
1.445e+15
1.83842e+15
2.24553e+15
2.61736e+15
3.00916e+15
3.3883e+15
3.72271e+15
4.1188e+15
4.43564e+15
4.80404e+15
5.17589e+15
5.42745e+15
5.77656e+15
6.07118e+15
6.38436e+15
6.6676e+15
6.8915e+15
7.2619e+15
7.54367e+15
7.82365e+15
8.05799e+15
8.24949e+15
8.4781e+15
8.67881e+15
8.8893e+15
8.98728e+15
9.2018e+15
9.36882e+15
9.60486e+15
9.66892e+15
9.76443e+15
9.92763e+15
9.95966e+15
1.01123e+16
1.01595e+16
1.01609e+16
1.01827e+16
1.02008e+16
1.01665e+16
1.01881e+16
1.00903e+16
1.00901e+16
1.0049e+16
9.9709e+15
9.86471e+15
9.77195e+15
9.54719e+15
9.51823e+15
9.37199e+15
9.19426e+15
9.00528e+15
8.80905e+15
8.61537e+15
8.42466e+15
8.14339e+15
7.9591e+15
7.73739e+15
7.49575e+15
7.23903e+15
6.92048e+15
6.63883e+15
6.29383e+15
6.0188e+15
5.7458e+15
5.41735e+15
5.08022e+15
4.80406e+15
4.39141e+15
4.08118e+15
3.71607e+15
3.36823e+15
2.98431e+15
2.63177e+15
2.22779e+15
1.85955e+15
1.44861e+15
1.0452e+15
6.48854e+14
6.42799e+14
1.06302e+15
1.45566e+15
1.83436e+15
2.21274e+15
2.59939e+15
2.97988e+15
3.31984e+15
3.69828e+15
4.04879e+15
4.4355e+15
4.77671e+15
5.10468e+15
5.46737e+15
5.74217e+15
6.06407e+15
6.32268e+15
6.61749e+15
6.93221e+15
7.21262e+15
7.44357e+15
7.76797e+15
7.98547e+15
8.17778e+15
8.38767e+15
8.63014e+15
8.80471e+15
9.00488e+15
9.17621e+15
9.382e+15
9.5075e+15
9.60753e+15
9.71483e+15
9.8439e+15
9.95959e+15
1.00442e+16
1.00891e+16
1.01005e+16
1.01052e+16
1.0074e+16
1.01869e+16
1.01005e+16
1.0062e+16
1.0066e+16
9.94355e+15
9.89911e+15
9.84223e+15
9.6865e+15
9.61557e+15
9.38604e+15
9.30295e+15
9.10708e+15
9.04037e+15
8.81004e+15
8.63767e+15
8.29744e+15
8.15577e+15
7.88759e+15
7.70575e+15
7.46282e+15
7.21211e+15
6.8921e+15
6.57145e+15
6.28889e+15
6.03895e+15
5.69764e+15
5.32398e+15
5.05101e+15
4.74907e+15
4.41173e+15
4.03085e+15
3.6326e+15
3.31186e+15
2.98984e+15
2.59803e+15
2.21487e+15
1.82106e+15
1.4477e+15
1.04751e+15
6.39876e+14
6.40976e+14
1.05288e+15
1.44807e+15
1.82351e+15
2.2073e+15
2.57572e+15
2.93763e+15
3.32132e+15
3.6485e+15
4.00136e+15
4.36507e+15
4.68423e+15
5.0805e+15
5.41606e+15
5.69746e+15
6.03961e+15
6.32651e+15
6.64788e+15
6.85827e+15
7.13647e+15
7.43451e+15
7.64671e+15
7.91257e+15
8.15943e+15
8.36471e+15
8.55928e+15
8.78894e+15
8.96436e+15
9.11878e+15
9.27842e+15
9.47352e+15
9.58797e+15
9.66836e+15
9.71228e+15
9.85942e+15
9.93592e+15
9.99767e+15
1.00969e+16
1.00982e+16
1.00384e+16
1.00701e+16
9.99769e+15
9.99444e+15
9.98504e+15
9.9577e+15
9.87415e+15
9.76299e+15
9.62835e+15
9.47608e+15
9.36915e+15
9.23721e+15
9.01933e+15
8.88533e+15
8.73119e+15
8.58291e+15
8.25347e+15
8.10355e+15
7.83633e+15
7.58195e+15
7.41079e+15
7.15671e+15
6.87614e+15
6.50583e+15
6.27221e+15
5.93584e+15
5.70765e+15
5.38513e+15
5.04544e+15
4.7181e+15
4.35841e+15
3.9886e+15
3.68643e+15
3.33565e+15
2.95712e+15
2.58958e+15
2.20667e+15
1.82481e+15
1.43878e+15
1.05437e+15
6.17883e+14
6.4042e+14
1.03749e+15
1.42405e+15
1.81476e+15
2.2022e+15
2.54373e+15
2.93665e+15
3.27544e+15
3.59935e+15
4.01089e+15
4.32193e+15
4.67948e+15
5.03762e+15
5.33506e+15
5.72078e+15
5.95634e+15
6.27484e+15
6.62792e+15
6.83056e+15
7.10728e+15
7.33214e+15
7.55572e+15
7.79861e+15
8.09789e+15
8.29691e+15
8.51862e+15
8.70029e+15
8.84696e+15
9.08106e+15
9.31127e+15
9.41047e+15
9.53427e+15
9.65203e+15
9.68412e+15
9.77633e+15
9.8139e+15
9.91098e+15
9.93829e+15
9.92997e+15
9.91958e+15
9.93834e+15
9.93453e+15
9.93289e+15
9.89443e+15
9.88573e+15
9.7698e+15
9.73085e+15
9.60811e+15
9.40072e+15
9.28156e+15
9.13846e+15
8.94987e+15
8.84057e+15
8.61085e+15
8.46225e+15
8.24737e+15
8.05324e+15
7.77415e+15
7.60062e+15
7.32224e+15
7.0431e+15
6.80361e+15
6.51646e+15
6.23566e+15
5.92013e+15
5.628e+15
5.29825e+15
4.99191e+15
4.69198e+15
4.37084e+15
3.98007e+15
3.64419e+15
3.26871e+15
2.92939e+15
2.59185e+15
2.192e+15
1.81329e+15
1.45417e+15
1.03884e+15
6.14437e+14
6.17234e+14
1.02798e+15
1.40879e+15
1.79799e+15
2.18335e+15
2.53515e+15
2.92127e+15
3.28523e+15
3.60814e+15
3.94802e+15
4.27448e+15
4.63833e+15
5.01376e+15
5.26794e+15
5.63695e+15
5.95089e+15
6.23116e+15
6.48508e+15
6.81064e+15
7.02907e+15
7.26765e+15
7.55387e+15
7.7226e+15
7.98293e+15
8.23988e+15
8.42e+15
8.60427e+15
8.80702e+15
8.94662e+15
9.13433e+15
9.31658e+15
9.41918e+15
9.54267e+15
9.62651e+15
9.70512e+15
9.80721e+15
9.84433e+15
9.90052e+15
9.84577e+15
9.84653e+15
9.8478e+15
9.8981e+15
9.84473e+15
9.8061e+15
9.72056e+15
9.6299e+15
9.56921e+15
9.46412e+15
9.2798e+15
9.21032e+15
9.03818e+15
8.87938e+15
8.75189e+15
8.60102e+15
8.36462e+15
8.11921e+15
7.93395e+15
7.74973e+15
7.4475e+15
7.24254e+15
6.98316e+15
6.72164e+15
6.44384e+15
6.16478e+15
5.84461e+15
5.56775e+15
5.25928e+15
4.96309e+15
4.64332e+15
4.26267e+15
3.99045e+15
3.60812e+15
3.25316e+15
2.88762e+15
2.52373e+15
2.17181e+15
1.79225e+15
1.39775e+15
1.03211e+15
6.12356e+14
6.09096e+14
1.00418e+15
1.37645e+15
1.78915e+15
2.12743e+15
2.50926e+15
2.88439e+15
3.21019e+15
3.55804e+15
3.93978e+15
4.23119e+15
4.58614e+15
4.94129e+15
5.21627e+15
5.54264e+15
5.88137e+15
6.10953e+15
6.42822e+15
6.67804e+15
6.91049e+15
7.2035e+15
7.41113e+15
7.65559e+15
7.90627e+15
8.10403e+15
8.315e+15
8.54553e+15
8.72117e+15
8.92061e+15
9.04088e+15
9.21009e+15
9.28269e+15
9.49625e+15
9.55696e+15
9.57112e+15
9.70798e+15
9.71075e+15
9.75014e+15
9.72245e+15
9.78275e+15
9.73344e+15
9.73143e+15
9.70237e+15
9.69315e+15
9.63919e+15
9.47624e+15
9.41899e+15
9.30631e+15
9.21224e+15
9.11468e+15
8.97968e+15
8.8033e+15
8.57215e+15
8.45761e+15
8.2321e+15
8.05019e+15
7.81045e+15
7.68895e+15
7.40529e+15
7.1774e+15
6.92235e+15
6.60699e+15
6.34651e+15
6.08239e+15
5.78044e+15
5.49848e+15
5.1521e+15
4.85928e+15
4.55154e+15
4.1862e+15
3.92205e+15
3.55175e+15
3.19369e+15
2.84131e+15
2.47737e+15
2.12097e+15
1.76552e+15
1.39146e+15
1.01174e+15
6.10448e+14
6.02923e+14
9.63458e+14
1.37006e+15
1.69571e+15
2.1246e+15
2.47628e+15
2.82057e+15
3.14602e+15
3.5271e+15
3.86614e+15
4.18059e+15
4.52669e+15
4.83482e+15
5.16213e+15
5.4832e+15
5.76906e+15
6.06064e+15
6.34397e+15
6.61966e+15
6.82512e+15
7.12444e+15
7.25611e+15
7.54751e+15
7.82148e+15
7.99511e+15
8.19137e+15
8.38467e+15
8.57335e+15
8.74005e+15
8.91014e+15
9.06949e+15
9.1997e+15
9.28561e+15
9.37653e+15
9.43833e+15
9.56833e+15
9.57267e+15
9.58197e+15
9.55536e+15
9.59897e+15
9.64445e+15
9.63426e+15
9.55928e+15
9.53358e+15
9.45722e+15
9.34824e+15
9.26273e+15
9.18164e+15
9.12008e+15
8.92839e+15
8.78219e+15
8.68056e+15
8.50704e+15
8.32663e+15
8.12731e+15
7.98907e+15
7.77405e+15
7.58678e+15
7.33523e+15
7.07631e+15
6.75171e+15
6.53855e+15
6.32247e+15
6.02994e+15
5.75002e+15
5.44467e+15
5.10327e+15
4.72613e+15
4.51509e+15
4.18121e+15
3.87025e+15
3.49819e+15
3.1414e+15
2.81387e+15
2.44601e+15
2.10118e+15
1.74268e+15
1.35165e+15
9.84036e+14
6.06638e+14
5.74522e+14
9.69578e+14
1.35282e+15
1.71808e+15
2.11017e+15
2.42642e+15
2.74379e+15
3.11777e+15
3.45257e+15
3.7833e+15
4.12255e+15
4.40077e+15
4.81818e+15
5.12432e+15
5.35064e+15
5.67401e+15
5.92987e+15
6.31566e+15
6.507e+15
6.73773e+15
6.96227e+15
7.21822e+15
7.45218e+15
7.68021e+15
7.91828e+15
8.0622e+15
8.2447e+15
8.40246e+15
8.5654e+15
8.74894e+15
8.94062e+15
8.96522e+15
9.05576e+15
9.22126e+15
9.28425e+15
9.32491e+15
9.37069e+15
9.48079e+15
9.45148e+15
9.43489e+15
9.45104e+15
9.44435e+15
9.3664e+15
9.39691e+15
9.32632e+15
9.27694e+15
9.12766e+15
9.01737e+15
8.89306e+15
8.79261e+15
8.64394e+15
8.5615e+15
8.37719e+15
8.1797e+15
8.01173e+15
7.82064e+15
7.64041e+15
7.36486e+15
7.19178e+15
6.90389e+15
6.67843e+15
6.45031e+15
6.14209e+15
5.89378e+15
5.63494e+15
5.33176e+15
5.01762e+15
4.71748e+15
4.40248e+15
4.10304e+15
3.78637e+15
3.44124e+15
3.07753e+15
2.73581e+15
2.40335e+15
2.07942e+15
1.71422e+15
1.33803e+15
9.8261e+14
5.95011e+14
5.74601e+14
9.53995e+14
1.29614e+15
1.70059e+15
2.02325e+15
2.37554e+15
2.7351e+15
3.04102e+15
3.37402e+15
3.73517e+15
4.03702e+15
4.35645e+15
4.69759e+15
4.95356e+15
5.32738e+15
5.57354e+15
5.84089e+15
6.13182e+15
6.40166e+15
6.62364e+15
6.86129e+15
7.08693e+15
7.28479e+15
7.54132e+15
7.72239e+15
7.93004e+15
8.09468e+15
8.26955e+15
8.40452e+15
8.59648e+15
8.70719e+15
8.78458e+15
9.04365e+15
9.05293e+15
9.16293e+15
9.18948e+15
9.26868e+15
9.24205e+15
9.2816e+15
9.29344e+15
9.24161e+15
9.26831e+15
9.23231e+15
9.19228e+15
9.2274e+15
8.98116e+15
8.94314e+15
8.86537e+15
8.71702e+15
8.61883e+15
8.46087e+15
8.29311e+15
8.21137e+15
8.03038e+15
7.86119e+15
7.69489e+15
7.45137e+15
7.20616e+15
7.06616e+15
6.78194e+15
6.59408e+15
6.40134e+15
6.08733e+15
5.77833e+15
5.56983e+15
5.24864e+15
4.97167e+15
4.63875e+15
4.32663e+15
4.04629e+15
3.68803e+15
3.37864e+15
3.02909e+15
2.69737e+15
2.34939e+15
2.02408e+15
1.68699e+15
1.34471e+15
9.71186e+14
5.696e+14
5.58084e+14
9.30558e+14
1.29685e+15
1.62587e+15
1.98979e+15
2.29823e+15
2.64047e+15
2.99933e+15
3.28765e+15
3.62272e+15
3.91896e+15
4.23412e+15
4.55501e+15
4.86463e+15
5.11792e+15
5.50475e+15
5.7602e+15
6.06108e+15
6.25131e+15
6.44977e+15
6.63959e+15
6.88206e+15
7.1351e+15
7.32324e+15
7.51709e+15
7.74341e+15
7.95739e+15
8.04966e+15
8.23835e+15
8.39969e+15
8.54633e+15
8.74146e+15
8.81004e+15
8.82617e+15
8.97135e+15
8.96829e+15
9.03897e+15
9.07932e+15
9.09698e+15
9.15697e+15
9.1282e+15
9.05858e+15
9.00922e+15
8.9076e+15
8.91616e+15
8.86129e+15
8.71067e+15
8.67867e+15
8.55956e+15
8.47882e+15
8.36741e+15
8.17295e+15
8.03323e+15
7.91401e+15
7.68896e+15
7.5359e+15
7.35891e+15
7.14194e+15
6.90249e+15
6.62824e+15
6.40475e+15
6.168e+15
5.93312e+15
5.654e+15
5.4126e+15
5.13391e+15
4.83611e+15
4.56145e+15
4.27413e+15
3.94511e+15
3.62169e+15
3.28334e+15
2.9831e+15
2.65076e+15
2.31187e+15
1.99208e+15
1.65308e+15
1.29112e+15
9.32268e+14
5.6079e+14
5.49846e+14
9.00484e+14
1.25463e+15
1.59147e+15
1.91934e+15
2.24922e+15
2.58792e+15
2.90693e+15
3.20027e+15
3.52567e+15
3.86294e+15
4.13719e+15
4.43868e+15
4.73914e+15
5.02825e+15
5.32475e+15
5.54396e+15
5.86992e+15
6.11004e+15
6.31185e+15
6.53285e+15
6.75481e+15
6.95584e+15
7.14807e+15
7.3375e+15
7.58828e+15
7.68542e+15
7.86585e+15
8.06277e+15
8.19783e+15
8.36162e+15
8.43643e+15
8.55647e+15
8.6466e+15
8.76409e+15
8.8006e+15
8.8728e+15
8.87186e+15
8.94323e+15
8.86828e+15
8.86025e+15
8.88768e+15
8.74997e+15
8.73537e+15
8.69531e+15
8.63245e+15
8.60291e+15
8.47757e+15
8.39752e+15
8.31185e+15
8.10507e+15
7.9296e+15
7.879e+15
7.6887e+15
7.51148e+15
7.34888e+15
7.18013e+15
6.98872e+15
6.74675e+15
6.48895e+15
6.27149e+15
6.05027e+15
5.78966e+15
5.54984e+15
5.25035e+15
5.02311e+15
4.70393e+15
4.38425e+15
4.1262e+15
3.83209e+15
3.51194e+15
3.21372e+15
2.88284e+15
2.59095e+15
2.25688e+15
1.92315e+15
1.60562e+15
1.23099e+15
8.85563e+14
5.3606e+14
5.31222e+14
8.99282e+14
1.22852e+15
1.55489e+15
1.86939e+15
2.24996e+15
2.5408e+15
2.82843e+15
3.14597e+15
3.45075e+15
3.75935e+15
4.02748e+15
4.34011e+15
4.63517e+15
4.91274e+15
5.13121e+15
5.42921e+15
5.71257e+15
5.95394e+15
6.15203e+15
6.39063e+15
6.58788e+15
6.80958e+15
7.01255e+15
7.20237e+15
7.39798e+15
7.48335e+15
7.72823e+15
7.83701e+15
8.02057e+15
8.1293e+15
8.19402e+15
8.28628e+15
8.4392e+15
8.4901e+15
8.55609e+15
8.54333e+15
8.61794e+15
8.6669e+15
8.62505e+15
8.65841e+15
8.62678e+15
8.57038e+15
8.54968e+15
8.4566e+15
8.47003e+15
8.36974e+15
8.24703e+15
8.14257e+15
8.06617e+15
7.91036e+15
7.80043e+15
7.65189e+15
7.50555e+15
7.34294e+15
7.18594e+15
6.99912e+15
6.79671e+15
6.5634e+15
6.36536e+15
6.07268e+15
5.88268e+15
5.6454e+15
5.36577e+15
5.11444e+15
4.85102e+15
4.56428e+15
4.27019e+15
4.0678e+15
3.71699e+15
3.46644e+15
3.14495e+15
2.84135e+15
2.50538e+15
2.19332e+15
1.88094e+15
1.56313e+15
1.23099e+15
8.83648e+14
5.24248e+14
5.20062e+14
8.54093e+14
1.19032e+15
1.5017e+15
1.80893e+15
2.14532e+15
2.43066e+15
2.72547e+15
3.05709e+15
3.33089e+15
3.63099e+15
3.93308e+15
4.2066e+15
4.51592e+15
4.78529e+15
5.01745e+15
5.32066e+15
5.55063e+15
5.81555e+15
5.98453e+15
6.21729e+15
6.40254e+15
6.58015e+15
6.7597e+15
6.97887e+15
7.18485e+15
7.32884e+15
7.46268e+15
7.60434e+15
7.75691e+15
7.86297e+15
8.00979e+15
8.0801e+15
8.1169e+15
8.2164e+15
8.30269e+15
8.26124e+15
8.37198e+15
8.4229e+15
8.3681e+15
8.38864e+15
8.39326e+15
8.31277e+15
8.23388e+15
8.28692e+15
8.18313e+15
8.08178e+15
8.05469e+15
7.9423e+15
7.79988e+15
7.71789e+15
7.57085e+15
7.40079e+15
7.23994e+15
7.09865e+15
6.9476e+15
6.7573e+15
6.56607e+15
6.3422e+15
6.15218e+15
5.92144e+15
5.71903e+15
5.49449e+15
5.23499e+15
4.97843e+15
4.69067e+15
4.44002e+15
4.17605e+15
3.8793e+15
3.62667e+15
3.35572e+15
3.07569e+15
2.75459e+15
2.47149e+15
2.15132e+15
1.83473e+15
1.50832e+15
1.17848e+15
8.4745e+14
4.97648e+14
4.95326e+14
8.36669e+14
1.18013e+15
1.46918e+15
1.79224e+15
2.10062e+15
2.38214e+15
2.66137e+15
2.96036e+15
3.2337e+15
3.52037e+15
3.78864e+15
4.06942e+15
4.38035e+15
4.54861e+15
4.84898e+15
5.13752e+15
5.41133e+15
5.64166e+15
5.81075e+15
6.01506e+15
6.14869e+15
6.36444e+15
6.56794e+15
6.75097e+15
6.88065e+15
7.02665e+15
7.24499e+15
7.40335e+15
7.50332e+15
7.60004e+15
7.69313e+15
7.74637e+15
7.85256e+15
7.96546e+15
8.01118e+15
8.02147e+15
8.08647e+15
8.09134e+15
8.12491e+15
8.10435e+15
8.1385e+15
8.05354e+15
8.01824e+15
7.95607e+15
7.93387e+15
7.86882e+15
7.78945e+15
7.70972e+15
7.54518e+15
7.45357e+15
7.29296e+15
7.17607e+15
7.05337e+15
6.85936e+15
6.73641e+15
6.55608e+15
6.35335e+15
6.16726e+15
5.90656e+15
5.76846e+15
5.51876e+15
5.30717e+15
5.06833e+15
4.83955e+15
4.52755e+15
4.30891e+15
4.05637e+15
3.74371e+15
3.49958e+15
3.21234e+15
2.92092e+15
2.67439e+15
2.36977e+15
2.09404e+15
1.7557e+15
1.4414e+15
1.12936e+15
8.32578e+14
4.96385e+14
4.74372e+14
8.17829e+14
1.12304e+15
1.41498e+15
1.70966e+15
1.99995e+15
2.2938e+15
2.56533e+15
2.84809e+15
3.13141e+15
3.43279e+15
3.66749e+15
3.96472e+15
4.19979e+15
4.45844e+15
4.73598e+15
4.9381e+15
5.15664e+15
5.39453e+15
5.62015e+15
5.76689e+15
5.92818e+15
6.19502e+15
6.31483e+15
6.48963e+15
6.66384e+15
6.79456e+15
6.93066e+15
7.08621e+15
7.19053e+15
7.39498e+15
7.33392e+15
7.55553e+15
7.65487e+15
7.62361e+15
7.71529e+15
7.80797e+15
7.85011e+15
7.84778e+15
7.82132e+15
7.79722e+15
7.8017e+15
7.74644e+15
7.74383e+15
7.63973e+15
7.59174e+15
7.626e+15
7.48869e+15
7.36644e+15
7.26844e+15
7.17267e+15
7.06283e+15
6.93347e+15
6.81145e+15
6.64169e+15
6.48958e+15
6.32335e+15
6.17326e+15
5.91258e+15
5.76862e+15
5.56224e+15
5.31995e+15
5.07632e+15
4.87986e+15
4.62144e+15
4.40289e+15
4.18301e+15
3.88821e+15
3.62605e+15
3.37268e+15
3.12767e+15
2.83579e+15
2.5648e+15
2.28188e+15
2.00754e+15
1.72477e+15
1.39936e+15
1.10121e+15
7.95538e+14
4.86107e+14
4.63702e+14
7.72387e+14
1.07348e+15
1.35421e+15
1.65335e+15
1.90585e+15
2.20137e+15
2.47947e+15
2.74495e+15
3.00648e+15
3.25211e+15
3.52975e+15
3.79884e+15
3.99793e+15
4.26493e+15
4.48146e+15
4.72638e+15
4.95557e+15
5.13975e+15
5.30125e+15
5.54908e+15
5.69392e+15
5.93052e+15
6.03742e+15
6.25061e+15
6.39042e+15
6.54778e+15
6.65291e+15
6.81425e+15
6.86838e+15
7.0051e+15
7.12454e+15
7.21817e+15
7.2464e+15
7.31678e+15
7.37739e+15
7.40084e+15
7.43667e+15
7.52011e+15
7.5502e+15
7.4819e+15
7.46884e+15
7.43631e+15
7.41485e+15
7.32938e+15
7.34438e+15
7.24349e+15
7.21751e+15
7.09369e+15
7.03701e+15
6.92685e+15
6.71927e+15
6.60899e+15
6.50389e+15
6.38574e+15
6.21208e+15
6.03987e+15
5.90707e+15
5.70966e+15
5.53309e+15
5.29202e+15
5.11652e+15
4.88916e+15
4.65582e+15
4.42442e+15
4.18033e+15
3.96209e+15
3.70342e+15
3.49339e+15
3.22052e+15
2.97709e+15
2.73551e+15
2.45026e+15
2.19133e+15
1.92292e+15
1.63264e+15
1.33622e+15
1.04699e+15
7.63918e+14
4.54631e+14
4.43266e+14
7.39752e+14
1.0256e+15
1.29465e+15
1.56332e+15
1.83027e+15
2.09652e+15
2.35293e+15
2.6517e+15
2.87587e+15
3.10796e+15
3.3557e+15
3.60314e+15
3.85087e+15
4.08361e+15
4.29453e+15
4.5063e+15
4.74909e+15
4.91671e+15
5.12513e+15
5.31808e+15
5.50976e+15
5.63444e+15
5.77164e+15
5.99891e+15
6.13462e+15
6.24837e+15
6.38134e+15
6.50269e+15
6.65523e+15
6.71765e+15
6.83483e+15
6.86603e+15
6.92958e+15
7.02728e+15
7.04292e+15
7.08429e+15
7.1166e+15
7.16203e+15
7.17092e+15
7.18237e+15
7.12525e+15
7.11231e+15
7.05077e+15
7.01161e+15
6.95934e+15
6.90129e+15
6.85172e+15
6.78206e+15
6.7255e+15
6.59226e+15
6.47834e+15
6.37542e+15
6.21787e+15
6.08907e+15
5.9423e+15
5.79606e+15
5.56881e+15
5.46689e+15
5.22349e+15
5.07228e+15
4.92197e+15
4.65626e+15
4.44642e+15
4.23865e+15
4.02601e+15
3.79036e+15
3.58447e+15
3.28952e+15
3.10199e+15
2.85149e+15
2.62572e+15
2.35006e+15
2.06975e+15
1.81495e+15
1.54997e+15
1.2871e+15
1.01353e+15
7.29449e+14
4.4684e+14
4.15147e+14
7.16171e+14
9.75307e+14
1.22245e+15
1.47109e+15
1.70549e+15
1.98621e+15
2.24166e+15
2.50058e+15
2.72176e+15
2.97399e+15
3.22722e+15
3.4415e+15
3.65254e+15
3.87995e+15
4.08291e+15
4.30123e+15
4.5231e+15
4.65677e+15
4.84379e+15
5.05377e+15
5.26198e+15
5.36457e+15
5.53748e+15
5.71901e+15
5.85517e+15
5.95168e+15
6.07388e+15
6.1654e+15
6.32842e+15
6.3788e+15
6.51473e+15
6.55006e+15
6.5792e+15
6.66405e+15
6.7477e+15
6.77269e+15
6.77213e+15
6.77627e+15
6.72573e+15
6.78441e+15
6.81729e+15
6.7827e+15
6.73214e+15
6.70531e+15
6.60507e+15
6.58052e+15
6.48842e+15
6.44368e+15
6.2976e+15
6.29803e+15
6.18113e+15
6.05928e+15
5.93707e+15
5.84685e+15
5.68807e+15
5.52202e+15
5.32346e+15
5.17158e+15
4.96697e+15
4.85402e+15
4.65862e+15
4.47835e+15
4.23803e+15
4.05582e+15
3.83755e+15
3.62829e+15
3.36821e+15
3.15156e+15
2.96432e+15
2.72056e+15
2.44695e+15
2.21743e+15
1.98299e+15
1.71576e+15
1.45656e+15
1.21409e+15
9.4507e+14
7.08893e+14
4.26317e+14
3.96197e+14
6.73778e+14
9.45759e+14
1.18917e+15
1.3867e+15
1.63285e+15
1.90139e+15
2.11731e+15
2.35959e+15
2.57737e+15
2.7886e+15
3.03726e+15
3.24263e+15
3.4567e+15
3.69236e+15
3.86231e+15
4.06385e+15
4.24628e+15
4.46261e+15
4.61355e+15
4.77154e+15
4.90656e+15
5.10105e+15
5.25534e+15
5.41089e+15
5.52896e+15
5.6053e+15
5.73075e+15
5.83944e+15
5.94722e+15
6.05207e+15
6.13519e+15
6.24021e+15
6.22294e+15
6.34817e+15
6.40183e+15
6.42328e+15
6.40708e+15
6.39147e+15
6.39686e+15
6.43205e+15
6.41694e+15
6.38498e+15
6.38959e+15
6.3358e+15
6.27662e+15
6.22322e+15
6.12817e+15
6.06934e+15
5.9733e+15
5.92355e+15
5.82741e+15
5.71645e+15
5.56002e+15
5.45251e+15
5.31083e+15
5.20907e+15
5.06114e+15
4.86948e+15
4.70806e+15
4.59274e+15
4.43084e+15
4.24033e+15
4.0063e+15
3.80852e+15
3.62482e+15
3.41916e+15
3.22814e+15
2.96674e+15
2.77797e+15
2.55234e+15
2.31647e+15
2.12686e+15
1.87922e+15
1.63685e+15
1.37882e+15
1.13622e+15
9.18766e+14
6.71685e+14
3.83647e+14
3.73932e+14
6.32972e+14
8.63753e+14
1.11905e+15
1.33557e+15
1.53022e+15
1.77605e+15
1.98714e+15
2.20813e+15
2.41003e+15
2.6458e+15
2.83233e+15
3.05605e+15
3.31573e+15
3.45857e+15
3.61883e+15
3.80188e+15
3.98849e+15
4.15846e+15
4.32086e+15
4.48597e+15
4.59041e+15
4.80597e+15
4.94265e+15
5.13313e+15
5.18013e+15
5.28986e+15
5.42268e+15
5.4839e+15
5.61586e+15
5.67876e+15
5.73827e+15
5.8138e+15
5.86844e+15
5.94577e+15
5.94863e+15
5.99205e+15
6.02891e+15
6.00382e+15
6.07388e+15
6.05717e+15
6.0433e+15
6.00359e+15
5.93236e+15
5.93857e+15
5.90024e+15
5.84745e+15
5.81823e+15
5.68846e+15
5.67687e+15
5.58139e+15
5.49216e+15
5.33548e+15
5.25795e+15
5.14416e+15
4.99039e+15
4.89636e+15
4.75318e+15
4.56982e+15
4.43838e+15
4.31482e+15
4.15802e+15
4.01274e+15
3.73524e+15
3.55436e+15
3.40672e+15
3.23365e+15
3.02406e+15
2.83535e+15
2.6335e+15
2.42328e+15
2.20356e+15
1.95331e+15
1.75291e+15
1.52893e+15
1.29466e+15
1.06904e+15
8.66065e+14
6.28785e+14
3.74345e+14
3.37875e+14
5.8729e+14
8.21421e+14
1.03713e+15
1.22413e+15
1.44002e+15
1.66144e+15
1.85076e+15
2.08624e+15
2.27175e+15
2.48621e+15
2.66942e+15
2.85467e+15
3.04223e+15
3.20837e+15
3.38766e+15
3.54296e+15
3.72322e+15
3.87351e+15
4.0151e+15
4.2051e+15
4.32389e+15
4.4427e+15
4.6318e+15
4.72999e+15
4.82875e+15
4.9456e+15
5.03257e+15
5.1353e+15
5.21812e+15
5.23773e+15
5.3295e+15
5.42983e+15
5.47924e+15
5.49481e+15
5.53644e+15
5.60133e+15
5.65322e+15
5.61836e+15
5.62514e+15
5.64775e+15
5.66778e+15
5.61122e+15
5.57451e+15
5.55448e+15
5.56228e+15
5.4719e+15
5.39953e+15
5.37964e+15
5.2744e+15
5.2225e+15
5.11229e+15
5.0197e+15
4.87907e+15
4.74773e+15
4.68074e+15
4.59689e+15
4.44969e+15
4.28463e+15
4.14718e+15
3.97915e+15
3.88151e+15
3.70893e+15
3.57328e+15
3.34792e+15
3.19429e+15
3.02835e+15
2.82684e+15
2.66963e+15
2.46514e+15
2.22103e+15
2.03012e+15
1.83563e+15
1.63206e+15
1.43226e+15
1.21819e+15
9.94884e+14
7.93546e+14
5.84991e+14
3.58726e+14
3.22775e+14
5.38477e+14
7.71884e+14
9.6187e+14
1.14435e+15
1.3492e+15
1.52923e+15
1.72599e+15
1.92636e+15
2.06751e+15
2.30025e+15
2.48886e+15
2.65631e+15
2.80432e+15
2.97214e+15
3.10954e+15
3.27044e+15
3.40399e+15
3.58258e+15
3.7256e+15
3.87212e+15
4.0196e+15
4.10181e+15
4.25845e+15
4.32329e+15
4.45894e+15
4.52902e+15
4.62389e+15
4.71342e+15
4.77309e+15
4.86661e+15
4.91277e+15
4.98289e+15
5.05657e+15
5.11022e+15
5.14414e+15
5.19393e+15
5.18295e+15
5.20415e+15
5.20921e+15
5.25187e+15
5.25832e+15
5.20635e+15
5.1743e+15
5.10904e+15
5.07325e+15
5.02182e+15
5.02075e+15
4.93332e+15
4.83149e+15
4.797e+15
4.71439e+15
4.59308e+15
4.50431e+15
4.41257e+15
4.32174e+15
4.23782e+15
4.11298e+15
3.95344e+15
3.82099e+15
3.72905e+15
3.55775e+15
3.40681e+15
3.2739e+15
3.12537e+15
2.97547e+15
2.81454e+15
2.63236e+15
2.44296e+15
2.26427e+15
2.08398e+15
1.8914e+15
1.70474e+15
1.52379e+15
1.31637e+15
1.12109e+15
9.21801e+14
7.30411e+14
5.30463e+14
3.18901e+14
2.96462e+14
4.98815e+14
6.97037e+14
8.8512e+14
1.038e+15
1.23695e+15
1.41225e+15
1.58362e+15
1.74893e+15
1.94297e+15
2.11073e+15
2.26655e+15
2.41472e+15
2.5429e+15
2.69811e+15
2.85906e+15
3.01664e+15
3.12859e+15
3.29107e+15
3.39453e+15
3.56626e+15
3.69146e+15
3.77258e+15
3.89254e+15
3.98597e+15
4.06519e+15
4.19381e+15
4.22543e+15
4.32725e+15
4.40642e+15
4.47685e+15
4.52372e+15
4.59154e+15
4.68227e+15
4.65785e+15
4.73144e+15
4.78719e+15
4.82621e+15
4.8269e+15
4.81852e+15
4.76294e+15
4.7924e+15
4.7649e+15
4.71829e+15
4.7304e+15
4.67537e+15
4.60199e+15
4.58357e+15
4.50517e+15
4.45638e+15
4.39246e+15
4.34655e+15
4.23708e+15
4.15816e+15
4.0785e+15
3.96632e+15
3.87161e+15
3.7698e+15
3.6608e+15
3.53213e+15
3.42737e+15
3.24761e+15
3.12304e+15
3.00918e+15
2.86383e+15
2.69206e+15
2.54754e+15
2.37672e+15
2.22866e+15
2.07217e+15
1.90667e+15
1.73085e+15
1.55302e+15
1.37227e+15
1.20716e+15
1.03541e+15
8.52446e+14
6.68855e+14
4.92832e+14
2.84908e+14
2.64817e+14
4.53477e+14
6.2163e+14
7.87512e+14
9.53199e+14
1.09297e+15
1.26416e+15
1.41997e+15
1.59383e+15
1.72791e+15
1.89689e+15
2.02306e+15
2.17912e+15
2.30633e+15
2.44857e+15
2.6028e+15
2.73904e+15
2.84143e+15
2.95645e+15
3.10589e+15
3.20649e+15
3.30565e+15
3.40545e+15
3.5076e+15
3.60761e+15
3.65296e+15
3.79618e+15
3.86287e+15
3.91391e+15
4.00083e+15
4.0193e+15
4.07747e+15
4.13861e+15
4.19571e+15
4.22434e+15
4.27915e+15
4.35389e+15
4.33208e+15
4.28048e+15
4.31039e+15
4.33134e+15
4.31812e+15
4.32361e+15
4.29077e+15
4.25037e+15
4.23996e+15
4.19534e+15
4.16291e+15
4.09694e+15
4.05832e+15
3.98704e+15
3.90309e+15
3.82683e+15
3.78247e+15
3.69491e+15
3.60667e+15
3.50804e+15
3.42004e+15
3.338e+15
3.17378e+15
3.094e+15
2.96186e+15
2.85642e+15
2.71626e+15
2.58645e+15
2.45939e+15
2.31706e+15
2.16364e+15
2.02034e+15
1.88088e+15
1.72911e+15
1.59164e+15
1.42556e+15
1.24081e+15
1.11068e+15
9.15272e+14
7.66205e+14
6.16761e+14
4.40947e+14
2.53602e+14
2.27121e+14
3.98681e+14
5.46915e+14
7.03171e+14
8.52713e+14
9.93848e+14
1.14551e+15
1.27771e+15
1.41394e+15
1.54385e+15
1.69732e+15
1.79721e+15
1.94394e+15
2.08327e+15
2.2012e+15
2.32597e+15
2.4255e+15
2.54909e+15
2.65899e+15
2.7305e+15
2.85762e+15
2.95045e+15
3.0743e+15
3.15469e+15
3.21617e+15
3.28008e+15
3.37153e+15
3.43593e+15
3.4894e+15
3.5319e+15
3.5954e+15
3.63805e+15
3.7172e+15
3.70887e+15
3.75949e+15
3.79025e+15
3.80527e+15
3.84046e+15
3.86924e+15
3.84743e+15
3.85595e+15
3.84842e+15
3.84243e+15
3.8335e+15
3.82532e+15
3.7735e+15
3.75179e+15
3.68861e+15
3.67176e+15
3.62362e+15
3.55046e+15
3.48273e+15
3.42063e+15
3.34403e+15
3.26321e+15
3.23259e+15
3.1588e+15
3.08332e+15
2.96234e+15
2.86221e+15
2.75919e+15
2.65998e+15
2.50457e+15
2.387e+15
2.27586e+15
2.17829e+15
2.0472e+15
1.92716e+15
1.77162e+15
1.67341e+15
1.53302e+15
1.38938e+15
1.26973e+15
1.12608e+15
9.69035e+14
8.52266e+14
6.7366e+14
5.52979e+14
3.86829e+14
2.37272e+14
2.15702e+14
3.48651e+14
4.73892e+14
6.22767e+14
7.31941e+14
8.59376e+14
1.01042e+15
1.11261e+15
1.24087e+15
1.34592e+15
1.44111e+15
1.60914e+15
1.71023e+15
1.79354e+15
1.91932e+15
2.00663e+15
2.14349e+15
2.23702e+15
2.2929e+15
2.38258e+15
2.51143e+15
2.59745e+15
2.67838e+15
2.74737e+15
2.79123e+15
2.88677e+15
2.94649e+15
3.00388e+15
3.05994e+15
3.10044e+15
3.12696e+15
3.16997e+15
3.22856e+15
3.26958e+15
3.27092e+15
3.34345e+15
3.30953e+15
3.36834e+15
3.39264e+15
3.41839e+15
3.44036e+15
3.4223e+15
3.36339e+15
3.38577e+15
3.34693e+15
3.38588e+15
3.29049e+15
3.25551e+15
3.23017e+15
3.18395e+15
3.11832e+15
3.041e+15
3.00309e+15
2.93659e+15
2.9034e+15
2.8027e+15
2.74515e+15
2.68827e+15
2.5962e+15
2.50017e+15
2.4119e+15
2.34032e+15
2.19685e+15
2.12822e+15
1.99187e+15
1.91669e+15
1.82268e+15
1.69613e+15
1.56256e+15
1.47241e+15
1.3553e+15
1.22234e+15
1.09508e+15
9.75164e+14
8.48076e+14
7.38803e+14
6.00198e+14
4.64578e+14
3.45248e+14
2.0401e+14
1.81288e+14
2.93153e+14
4.2392e+14
5.25562e+14
6.3632e+14
7.46561e+14
8.43504e+14
9.46258e+14
1.03397e+15
1.14428e+15
1.24361e+15
1.34601e+15
1.438e+15
1.53435e+15
1.62042e+15
1.69555e+15
1.7775e+15
1.88683e+15
1.98398e+15
2.06331e+15
2.1228e+15
2.20342e+15
2.26409e+15
2.3283e+15
2.40614e+15
2.45464e+15
2.4992e+15
2.5852e+15
2.61831e+15
2.66396e+15
2.68685e+15
2.71666e+15
2.75693e+15
2.77525e+15
2.80737e+15
2.82555e+15
2.84908e+15
2.846e+15
2.90671e+15
2.90689e+15
2.88007e+15
2.91028e+15
2.87239e+15
2.85767e+15
2.8582e+15
2.86129e+15
2.80946e+15
2.78694e+15
2.7447e+15
2.69681e+15
2.66674e+15
2.58474e+15
2.55132e+15
2.51032e+15
2.4495e+15
2.38682e+15
2.3443e+15
2.28178e+15
2.1952e+15
2.12813e+15
2.04279e+15
1.99191e+15
1.89814e+15
1.81659e+15
1.70867e+15
1.64233e+15
1.57776e+15
1.46113e+15
1.33941e+15
1.24607e+15
1.14296e+15
1.03524e+15
9.19971e+14
8.39478e+14
7.15348e+14
6.27929e+14
5.09388e+14
4.04011e+14
2.90287e+14
1.74966e+14
1.45142e+14
2.49087e+14
3.43167e+14
4.22773e+14
5.05648e+14
5.92749e+14
6.89362e+14
7.76624e+14
8.58363e+14
9.34132e+14
1.01857e+15
1.09029e+15
1.16197e+15
1.26858e+15
1.35228e+15
1.39577e+15
1.46359e+15
1.54699e+15
1.62818e+15
1.67383e+15
1.75598e+15
1.81465e+15
1.83652e+15
1.92479e+15
1.98262e+15
2.0475e+15
2.07799e+15
2.10877e+15
2.1389e+15
2.17396e+15
2.19276e+15
2.22017e+15
2.25649e+15
2.29028e+15
2.32346e+15
2.32025e+15
2.36825e+15
2.35874e+15
2.37046e+15
2.38366e+15
2.37413e+15
2.37332e+15
2.33543e+15
2.37094e+15
2.35272e+15
2.32754e+15
2.29325e+15
2.25345e+15
2.22292e+15
2.24173e+15
2.14689e+15
2.12123e+15
2.07731e+15
2.04035e+15
1.99526e+15
1.96291e+15
1.9108e+15
1.86343e+15
1.81043e+15
1.78278e+15
1.70225e+15
1.65072e+15
1.55384e+15
1.49202e+15
1.41218e+15
1.34805e+15
1.26601e+15
1.19577e+15
1.11658e+15
1.03129e+15
9.35754e+14
8.55593e+14
7.77796e+14
6.85573e+14
5.97254e+14
5.16959e+14
4.27107e+14
3.29961e+14
2.33186e+14
1.45769e+14
1.13682e+14
1.84959e+14
2.54833e+14
3.26365e+14
4.04862e+14
4.83918e+14
5.45009e+14
6.18289e+14
6.73524e+14
7.40665e+14
8.03806e+14
8.56639e+14
9.20398e+14
9.79692e+14
1.02133e+15
1.09061e+15
1.14885e+15
1.19937e+15
1.25541e+15
1.2972e+15
1.35219e+15
1.39332e+15
1.43068e+15
1.47986e+15
1.55378e+15
1.58934e+15
1.61496e+15
1.62637e+15
1.6753e+15
1.69785e+15
1.70008e+15
1.73684e+15
1.77005e+15
1.779e+15
1.8053e+15
1.82549e+15
1.83913e+15
1.85413e+15
1.85628e+15
1.86216e+15
1.84417e+15
1.83283e+15
1.84262e+15
1.81975e+15
1.83217e+15
1.81528e+15
1.77517e+15
1.77589e+15
1.7368e+15
1.69845e+15
1.70613e+15
1.68403e+15
1.61165e+15
1.59525e+15
1.54076e+15
1.4942e+15
1.47732e+15
1.46586e+15
1.41222e+15
1.37835e+15
1.31309e+15
1.25214e+15
1.21463e+15
1.16274e+15
1.09435e+15
1.0559e+15
9.9292e+14
9.22811e+14
8.81775e+14
7.9746e+14
7.37183e+14
6.80965e+14
6.02182e+14
5.20655e+14
4.5344e+14
3.95102e+14
3.25611e+14
2.60684e+14
1.90711e+14
1.09273e+14
7.96344e+13
1.33836e+14
1.84139e+14
2.34312e+14
2.82975e+14
3.37206e+14
3.86697e+14
4.4592e+14
4.75606e+14
5.23482e+14
5.67041e+14
6.05994e+14
6.36661e+14
6.79018e+14
7.26781e+14
7.78266e+14
8.10728e+14
8.42194e+14
8.78165e+14
9.38624e+14
9.57403e+14
1.00621e+15
1.02124e+15
1.05987e+15
1.07982e+15
1.13e+15
1.1495e+15
1.16797e+15
1.20492e+15
1.19535e+15
1.21317e+15
1.24004e+15
1.22934e+15
1.24193e+15
1.27183e+15
1.27142e+15
1.29971e+15
1.30587e+15
1.31237e+15
1.31015e+15
1.30886e+15
1.30923e+15
1.29063e+15
1.30779e+15
1.27243e+15
1.26093e+15
1.25633e+15
1.25053e+15
1.22555e+15
1.21936e+15
1.19288e+15
1.18237e+15
1.13823e+15
1.103e+15
1.10303e+15
1.05671e+15
1.0478e+15
1.01562e+15
9.88626e+14
9.63758e+14
9.20471e+14
8.75456e+14
8.48705e+14
8.21334e+14
7.70181e+14
7.28269e+14
6.76357e+14
6.61938e+14
6.10312e+14
5.64448e+14
4.93037e+14
4.56661e+14
4.18454e+14
3.76046e+14
3.37656e+14
2.89764e+14
2.25103e+14
1.81463e+14
1.32646e+14
7.98829e+13
4.27577e+13
7.6627e+13
1.07317e+14
1.34168e+14
1.55413e+14
1.84815e+14
2.03128e+14
2.33666e+14
2.59664e+14
2.85333e+14
3.18421e+14
3.42027e+14
3.63009e+14
3.78838e+14
3.95159e+14
4.34343e+14
4.60007e+14
4.69452e+14
5.04064e+14
5.21295e+14
5.48186e+14
5.42118e+14
5.69665e+14
5.85068e+14
5.96236e+14
6.22625e+14
6.36686e+14
6.39845e+14
6.62104e+14
6.65362e+14
6.88236e+14
6.87925e+14
6.8589e+14
7.02564e+14
7.14692e+14
7.1556e+14
7.19385e+14
7.37112e+14
7.1666e+14
7.33304e+14
7.27527e+14
7.25572e+14
7.0654e+14
7.13755e+14
7.03941e+14
7.01294e+14
6.89003e+14
6.90745e+14
6.81766e+14
6.63514e+14
6.61271e+14
6.42347e+14
6.41452e+14
6.25998e+14
6.06209e+14
5.85409e+14
5.73054e+14
5.73364e+14
5.46453e+14
5.34349e+14
5.21477e+14
4.94186e+14
4.75255e+14
4.4514e+14
4.26034e+14
4.09076e+14
3.83873e+14
3.6105e+14
3.48125e+14
3.11325e+14
2.85359e+14
2.66719e+14
2.37286e+14
2.13463e+14
1.87425e+14
1.59887e+14
1.32558e+14
1.01541e+14
7.31754e+13
4.72519e+13
)
;

boundaryField
{
    movingWall
    {
        type            fixedValue;
        value           uniform 0;
    }
    fixedWalls
    {
        type            fixedValue;
        value           uniform 0;
    }
    frontAndBack
    {
        type            empty;
    }
}


// ************************************************************************* //
