/*--------------------------------*- C++ -*----------------------------------*\
  =========                 |
  \\      /  F ield         | OpenFOAM: The Open Source CFD Toolbox
   \\    /   O peration     | Website:  https://openfoam.org
    \\  /    A nd           | Version:  6
     \\/     M anipulation  |
\*---------------------------------------------------------------------------*/
FoamFile
{
    version     2.0;
    format      ascii;
    class       volScalarField;
    location    "600";
    object      dnp1;
}
// * * * * * * * * * * * * * * * * * * * * * * * * * * * * * * * * * * * * * //

dimensions      [0 -3 0 0 0 0 0];

internalField   nonuniform List<scalar> 
6400
(
3.18149e+14
9.00227e+14
1.44624e+15
1.95985e+15
2.44222e+15
2.89452e+15
3.31827e+15
3.72784e+15
4.11669e+15
4.48332e+15
4.83582e+15
5.18906e+15
5.52469e+15
5.84852e+15
6.17392e+15
6.48234e+15
6.77937e+15
7.05315e+15
7.32538e+15
7.57909e+15
7.82892e+15
8.05774e+15
8.26462e+15
8.47343e+15
8.67874e+15
8.85706e+15
9.03335e+15
9.19155e+15
9.34501e+15
9.48035e+15
9.61836e+15
9.71479e+15
9.82095e+15
9.90631e+15
9.98632e+15
1.00428e+16
1.01066e+16
1.01375e+16
1.01657e+16
1.01801e+16
1.02035e+16
1.01887e+16
1.01741e+16
1.01269e+16
1.00809e+16
1.00316e+16
9.98018e+15
9.90351e+15
9.81138e+15
9.72368e+15
9.60577e+15
9.48973e+15
9.33433e+15
9.17107e+15
8.99316e+15
8.80705e+15
8.60717e+15
8.40005e+15
8.17084e+15
7.92678e+15
7.66841e+15
7.40272e+15
7.12307e+15
6.83204e+15
6.53774e+15
6.22067e+15
5.89317e+15
5.53888e+15
5.1863e+15
4.81329e+15
4.42422e+15
4.01863e+15
3.59761e+15
3.17522e+15
2.73751e+15
2.29177e+15
1.82295e+15
1.3392e+15
8.37122e+14
2.95501e+14
9.19956e+14
2.6324e+15
4.24634e+15
5.76295e+15
7.17332e+15
8.50459e+15
9.75448e+15
1.09537e+16
1.20996e+16
1.31642e+16
1.42031e+16
1.52238e+16
1.6223e+16
1.71707e+16
1.81169e+16
1.90239e+16
1.9875e+16
2.06931e+16
2.14731e+16
2.22257e+16
2.29343e+16
2.36169e+16
2.42325e+16
2.48425e+16
2.54339e+16
2.59642e+16
2.64679e+16
2.6933e+16
2.73736e+16
2.77495e+16
2.81166e+16
2.84319e+16
2.87437e+16
2.89761e+16
2.92042e+16
2.93915e+16
2.95499e+16
2.96561e+16
2.97377e+16
2.97865e+16
2.98181e+16
2.98011e+16
2.97339e+16
2.962e+16
2.94833e+16
2.93364e+16
2.9172e+16
2.89426e+16
2.86962e+16
2.8414e+16
2.80867e+16
2.77165e+16
2.72942e+16
2.68166e+16
2.63016e+16
2.57556e+16
2.51755e+16
2.45657e+16
2.39141e+16
2.31987e+16
2.24468e+16
2.16713e+16
2.08552e+16
2.00034e+16
1.91453e+16
1.82303e+16
1.7257e+16
1.62391e+16
1.51839e+16
1.41063e+16
1.29651e+16
1.17772e+16
1.05472e+16
9.30483e+15
8.02176e+15
6.6962e+15
5.33162e+15
3.90956e+15
2.43316e+15
8.48474e+14
1.50305e+15
4.32268e+15
6.97368e+15
9.46881e+15
1.17833e+16
1.39673e+16
1.60256e+16
1.79851e+16
1.98537e+16
2.16037e+16
2.32982e+16
2.49569e+16
2.65826e+16
2.81486e+16
2.96896e+16
3.11526e+16
3.25364e+16
3.38694e+16
3.51543e+16
3.63795e+16
3.75306e+16
3.8638e+16
3.96476e+16
4.06431e+16
4.15907e+16
4.24545e+16
4.3263e+16
4.40296e+16
4.47051e+16
4.5319e+16
4.59067e+16
4.64369e+16
4.69021e+16
4.73082e+16
4.76685e+16
4.79758e+16
4.82183e+16
4.83858e+16
4.84839e+16
4.85654e+16
4.85929e+16
4.85668e+16
4.84602e+16
4.82934e+16
4.80748e+16
4.78245e+16
4.75369e+16
4.7176e+16
4.6761e+16
4.62958e+16
4.57609e+16
4.51482e+16
4.44711e+16
4.3709e+16
4.2882e+16
4.19998e+16
4.10515e+16
4.00669e+16
3.90025e+16
3.7852e+16
3.66283e+16
3.53758e+16
3.4051e+16
3.2665e+16
3.12565e+16
2.97697e+16
2.81893e+16
2.6539e+16
2.48092e+16
2.30438e+16
2.11887e+16
1.92578e+16
1.72494e+16
1.52206e+16
1.31085e+16
1.09396e+16
8.71211e+15
6.38119e+15
3.95229e+15
1.37572e+15
2.07107e+15
5.97651e+15
9.65167e+15
1.30969e+16
1.63073e+16
1.93226e+16
2.21624e+16
2.48519e+16
2.74208e+16
2.98409e+16
3.21642e+16
3.44311e+16
3.66389e+16
3.88143e+16
4.08962e+16
4.28885e+16
4.47911e+16
4.66142e+16
4.83734e+16
5.00363e+16
5.16279e+16
5.31179e+16
5.45161e+16
5.5874e+16
5.71423e+16
5.83137e+16
5.93713e+16
6.039e+16
6.13166e+16
6.21568e+16
6.29475e+16
6.36401e+16
6.42572e+16
6.48148e+16
6.52872e+16
6.56903e+16
6.60103e+16
6.62335e+16
6.63658e+16
6.64523e+16
6.6474e+16
6.64135e+16
6.62492e+16
6.60048e+16
6.57192e+16
6.53686e+16
6.49536e+16
6.44658e+16
6.38875e+16
6.32225e+16
6.24769e+16
6.16403e+16
6.07218e+16
5.97038e+16
5.85909e+16
5.73942e+16
5.61119e+16
5.47418e+16
5.32897e+16
5.17504e+16
5.00982e+16
4.83751e+16
4.65758e+16
4.47114e+16
4.27869e+16
4.07485e+16
3.86102e+16
3.63708e+16
3.40012e+16
3.15669e+16
2.90285e+16
2.639e+16
2.36604e+16
2.08586e+16
1.79723e+16
1.49994e+16
1.19415e+16
8.74789e+15
5.40054e+15
1.87593e+15
2.63058e+15
7.61309e+15
1.22798e+16
1.66614e+16
2.07429e+16
2.45796e+16
2.81785e+16
3.15806e+16
3.48075e+16
3.78776e+16
4.08191e+16
4.36569e+16
4.64383e+16
4.91722e+16
5.17882e+16
5.42787e+16
5.66714e+16
5.89563e+16
6.1136e+16
6.32277e+16
6.51984e+16
6.70642e+16
6.88273e+16
7.05079e+16
7.20802e+16
7.3523e+16
7.48402e+16
7.60713e+16
7.72025e+16
7.8241e+16
7.91675e+16
8.00114e+16
8.07724e+16
8.14203e+16
8.19968e+16
8.24662e+16
8.28423e+16
8.31185e+16
8.32683e+16
8.33395e+16
8.33159e+16
8.32047e+16
8.29809e+16
8.26609e+16
8.22703e+16
8.18319e+16
8.12822e+16
8.06257e+16
7.98878e+16
7.90202e+16
7.80682e+16
7.69984e+16
7.58653e+16
7.46271e+16
7.3239e+16
7.17476e+16
7.01461e+16
6.84276e+16
6.66229e+16
6.47245e+16
6.26862e+16
6.05273e+16
5.83011e+16
5.59848e+16
5.35853e+16
5.10621e+16
4.84112e+16
4.56171e+16
4.26552e+16
3.96093e+16
3.64238e+16
3.31232e+16
2.97246e+16
2.61957e+16
2.25728e+16
1.8858e+16
1.5013e+16
1.10046e+16
6.78599e+15
2.35284e+15
3.1835e+15
9.21489e+15
1.48833e+16
2.0189e+16
2.51173e+16
2.97471e+16
3.4089e+16
3.81861e+16
4.20558e+16
4.57417e+16
4.92673e+16
5.26755e+16
5.60092e+16
5.92575e+16
6.2363e+16
6.53212e+16
6.81829e+16
7.08994e+16
7.34944e+16
7.59849e+16
7.83165e+16
8.05079e+16
8.25765e+16
8.45461e+16
8.63798e+16
8.80736e+16
8.96117e+16
9.10292e+16
9.23303e+16
9.35157e+16
9.45641e+16
9.55339e+16
9.63942e+16
9.71267e+16
9.77524e+16
9.82574e+16
9.86476e+16
9.89117e+16
9.90426e+16
9.9047e+16
9.89804e+16
9.87936e+16
9.84868e+16
9.80946e+16
9.7601e+16
9.70201e+16
9.63101e+16
9.54873e+16
9.45557e+16
9.35023e+16
9.23464e+16
9.10738e+16
8.96956e+16
8.82058e+16
8.65854e+16
8.48435e+16
8.29555e+16
8.09293e+16
7.88104e+16
7.65939e+16
7.42185e+16
7.16977e+16
6.90853e+16
6.63538e+16
6.35349e+16
6.0579e+16
5.7471e+16
5.416e+16
5.06895e+16
4.70954e+16
4.33314e+16
3.94292e+16
3.53976e+16
3.12201e+16
2.69192e+16
2.25061e+16
1.79221e+16
1.31464e+16
8.11048e+15
2.81284e+15
3.72606e+15
1.07938e+16
1.7454e+16
2.36735e+16
2.94464e+16
3.4854e+16
3.99177e+16
4.46808e+16
4.91799e+16
5.34677e+16
5.7554e+16
6.15106e+16
6.53645e+16
6.90827e+16
7.26502e+16
7.60827e+16
7.93585e+16
8.2504e+16
8.54886e+16
8.83043e+16
9.09439e+16
9.34423e+16
9.57766e+16
9.798e+16
1.00047e+17
1.01957e+17
1.03691e+17
1.05239e+17
1.06653e+17
1.07963e+17
1.09111e+17
1.10136e+17
1.11028e+17
1.1179e+17
1.12431e+17
1.12927e+17
1.13294e+17
1.13486e+17
1.13543e+17
1.13502e+17
1.13344e+17
1.13061e+17
1.12653e+17
1.12134e+17
1.11483e+17
1.10744e+17
1.09886e+17
1.08883e+17
1.07749e+17
1.06501e+17
1.05139e+17
1.03672e+17
1.02084e+17
1.00331e+17
9.84903e+16
9.65368e+16
9.43953e+16
9.21004e+16
8.96929e+16
8.71954e+16
8.45303e+16
8.17106e+16
7.87571e+16
7.56909e+16
7.2512e+16
6.91737e+16
6.56863e+16
6.19548e+16
5.80328e+16
5.39634e+16
4.9689e+16
4.5261e+16
4.06684e+16
3.59048e+16
3.09828e+16
2.59195e+16
2.06473e+16
1.51687e+16
9.37472e+15
3.25298e+15
4.26554e+15
1.2367e+16
2.00059e+16
2.71307e+16
3.37483e+16
3.99247e+16
4.5694e+16
5.10931e+16
5.62138e+16
6.10712e+16
6.57032e+16
7.01781e+16
7.45319e+16
7.86997e+16
8.27172e+16
8.65767e+16
9.02645e+16
9.37721e+16
9.70706e+16
1.00191e+17
1.03108e+17
1.05862e+17
1.08449e+17
1.10855e+17
1.13085e+17
1.15134e+17
1.16997e+17
1.18649e+17
1.20193e+17
1.21544e+17
1.2271e+17
1.23745e+17
1.24632e+17
1.2537e+17
1.25962e+17
1.26388e+17
1.26683e+17
1.26806e+17
1.26778e+17
1.26614e+17
1.26317e+17
1.25884e+17
1.25335e+17
1.2467e+17
1.23833e+17
1.22904e+17
1.21878e+17
1.20688e+17
1.19372e+17
1.17918e+17
1.16371e+17
1.14691e+17
1.1286e+17
1.10927e+17
1.08871e+17
1.06689e+17
1.04343e+17
1.01855e+17
9.92054e+16
9.64243e+16
9.35125e+16
9.04565e+16
8.72539e+16
8.39066e+16
8.04399e+16
7.67904e+16
7.29545e+16
6.88962e+16
6.46269e+16
6.01456e+16
5.54656e+16
5.05826e+16
4.55051e+16
4.02173e+16
3.47614e+16
2.90986e+16
2.32026e+16
1.70592e+16
1.05528e+16
3.65931e+15
4.79893e+15
1.39182e+16
2.25335e+16
3.05611e+16
3.80225e+16
4.49367e+16
5.14072e+16
5.74502e+16
6.31466e+16
6.85653e+16
7.37378e+16
7.86796e+16
8.35062e+16
8.81516e+16
9.25809e+16
9.67874e+16
1.00854e+17
1.04711e+17
1.08291e+17
1.1167e+17
1.14835e+17
1.17786e+17
1.20549e+17
1.23131e+17
1.2547e+17
1.27614e+17
1.29548e+17
1.31259e+17
1.32812e+17
1.34175e+17
1.35354e+17
1.36354e+17
1.37192e+17
1.3783e+17
1.3831e+17
1.38639e+17
1.38812e+17
1.38811e+17
1.38646e+17
1.38321e+17
1.37852e+17
1.37245e+17
1.365e+17
1.35638e+17
1.3464e+17
1.33513e+17
1.3228e+17
1.30906e+17
1.29415e+17
1.27773e+17
1.26004e+17
1.24114e+17
1.22107e+17
1.19989e+17
1.1773e+17
1.15346e+17
1.12808e+17
1.10122e+17
1.07287e+17
1.04323e+17
1.012e+17
9.79714e+16
9.45722e+16
9.10094e+16
8.72822e+16
8.33971e+16
7.93026e+16
7.49598e+16
7.04068e+16
6.56268e+16
6.06328e+16
5.53828e+16
4.98744e+16
4.41521e+16
3.8221e+16
3.20434e+16
2.5578e+16
1.8811e+16
1.16382e+16
4.03888e+15
5.33478e+15
1.54548e+16
2.50271e+16
3.39557e+16
4.22451e+16
4.99174e+16
5.70633e+16
6.37213e+16
7.00076e+16
7.59715e+16
8.16558e+16
8.70592e+16
9.22905e+16
9.73713e+16
1.02196e+17
1.06783e+17
1.11158e+17
1.1528e+17
1.19135e+17
1.22744e+17
1.26105e+17
1.29205e+17
1.32104e+17
1.34783e+17
1.37211e+17
1.39399e+17
1.41334e+17
1.43056e+17
1.44575e+17
1.45878e+17
1.46988e+17
1.47895e+17
1.48612e+17
1.4913e+17
1.4948e+17
1.49638e+17
1.49644e+17
1.49462e+17
1.49125e+17
1.48643e+17
1.47993e+17
1.47183e+17
1.46247e+17
1.45173e+17
1.43981e+17
1.42656e+17
1.41221e+17
1.39649e+17
1.37955e+17
1.36124e+17
1.3417e+17
1.32092e+17
1.29902e+17
1.27591e+17
1.25145e+17
1.22588e+17
1.19857e+17
1.17016e+17
1.14061e+17
1.10941e+17
1.07663e+17
1.04243e+17
1.00694e+17
9.69905e+16
9.31243e+16
8.90623e+16
8.47463e+16
8.02024e+16
7.54176e+16
7.04263e+16
6.51682e+16
5.96162e+16
5.37685e+16
4.77003e+16
4.13619e+16
3.47355e+16
2.77617e+16
2.04286e+16
1.2657e+16
4.38777e+15
5.87509e+15
1.69966e+16
2.75114e+16
3.73248e+16
4.64208e+16
5.48548e+16
6.26715e+16
6.99369e+16
7.67918e+16
8.3279e+16
8.94592e+16
9.52902e+16
1.00911e+17
1.06376e+17
1.11571e+17
1.16487e+17
1.2114e+17
1.25501e+17
1.29586e+17
1.33389e+17
1.36886e+17
1.40105e+17
1.43047e+17
1.45745e+17
1.48213e+17
1.50394e+17
1.52302e+17
1.53955e+17
1.554e+17
1.56589e+17
1.57568e+17
1.58335e+17
1.58907e+17
1.5928e+17
1.59457e+17
1.59436e+17
1.59246e+17
1.58887e+17
1.58353e+17
1.57686e+17
1.56813e+17
1.55801e+17
1.54662e+17
1.53372e+17
1.51971e+17
1.50445e+17
1.48823e+17
1.47052e+17
1.45156e+17
1.43142e+17
1.41001e+17
1.38731e+17
1.36365e+17
1.33888e+17
1.31289e+17
1.28554e+17
1.25678e+17
1.22733e+17
1.19646e+17
1.16423e+17
1.1304e+17
1.09488e+17
1.05828e+17
1.01993e+17
9.7997e+16
9.38053e+16
8.9344e+16
8.46528e+16
7.97483e+16
7.45673e+16
6.91184e+16
6.33506e+16
5.72591e+16
5.08918e+16
4.42124e+16
3.71844e+16
2.97593e+16
2.19305e+16
1.35962e+16
4.71561e+15
6.4169e+15
1.85409e+16
2.99859e+16
4.06866e+16
5.06013e+16
5.97612e+16
6.82382e+16
7.60989e+16
8.34709e+16
9.04678e+16
9.71041e+16
1.03386e+17
1.09391e+17
1.15199e+17
1.20719e+17
1.25941e+17
1.30834e+17
1.35386e+17
1.39631e+17
1.43552e+17
1.47148e+17
1.5044e+17
1.53393e+17
1.56111e+17
1.58528e+17
1.60625e+17
1.62443e+17
1.63985e+17
1.6529e+17
1.66374e+17
1.67206e+17
1.67811e+17
1.682e+17
1.68356e+17
1.68322e+17
1.68119e+17
1.67733e+17
1.6714e+17
1.66389e+17
1.65512e+17
1.6446e+17
1.63262e+17
1.61904e+17
1.60422e+17
1.58826e+17
1.57122e+17
1.55283e+17
1.53319e+17
1.51249e+17
1.49047e+17
1.46733e+17
1.44299e+17
1.41768e+17
1.39142e+17
1.36387e+17
1.33509e+17
1.30532e+17
1.27432e+17
1.24232e+17
1.20926e+17
1.17461e+17
1.13826e+17
1.10053e+17
1.06123e+17
1.02017e+17
9.77167e+16
9.3192e+16
8.84137e+16
8.34078e+16
7.81172e+16
7.25253e+16
6.66207e+16
6.03326e+16
5.37187e+16
4.67555e+16
3.93918e+16
3.15994e+16
2.33111e+16
1.44672e+16
5.0238e+15
6.94248e+15
2.00797e+16
3.24651e+16
4.40324e+16
5.47605e+16
6.46511e+16
7.37678e+16
8.22297e+16
9.00972e+16
9.75773e+16
1.04658e+17
1.11368e+17
1.17764e+17
1.23868e+17
1.29645e+17
1.35109e+17
1.40178e+17
1.44884e+17
1.49248e+17
1.53251e+17
1.56912e+17
1.60228e+17
1.63167e+17
1.65826e+17
1.68154e+17
1.70122e+17
1.71802e+17
1.73204e+17
1.74356e+17
1.75258e+17
1.75898e+17
1.76301e+17
1.76499e+17
1.76481e+17
1.76229e+17
1.75822e+17
1.75206e+17
1.74423e+17
1.73495e+17
1.72406e+17
1.7117e+17
1.69766e+17
1.68251e+17
1.66592e+17
1.6482e+17
1.62916e+17
1.60901e+17
1.58768e+17
1.56509e+17
1.54134e+17
1.51647e+17
1.49048e+17
1.46355e+17
1.43556e+17
1.40666e+17
1.37669e+17
1.34566e+17
1.31352e+17
1.28031e+17
1.24611e+17
1.21065e+17
1.17373e+17
1.13498e+17
1.09503e+17
1.05317e+17
1.00961e+17
9.63876e+16
9.15679e+16
8.65204e+16
8.11355e+16
7.54469e+16
6.94368e+16
6.3021e+16
5.62108e+16
4.90286e+16
4.13798e+16
3.32521e+16
2.4572e+16
1.52759e+16
5.30618e+15
7.46247e+15
2.16117e+16
3.49319e+16
4.73733e+16
5.89104e+16
6.95183e+16
7.92575e+16
8.82677e+16
9.66477e+16
1.04612e+17
1.1212e+17
1.19226e+17
1.2598e+17
1.32354e+17
1.38346e+17
1.43991e+17
1.49243e+17
1.54048e+17
1.58501e+17
1.62527e+17
1.6618e+17
1.6941e+17
1.72304e+17
1.74856e+17
1.7706e+17
1.789e+17
1.80403e+17
1.81639e+17
1.82589e+17
1.8331e+17
1.83753e+17
1.83982e+17
1.8398e+17
1.83746e+17
1.83305e+17
1.8272e+17
1.81929e+17
1.80972e+17
1.79867e+17
1.7859e+17
1.77177e+17
1.75599e+17
1.7389e+17
1.7205e+17
1.70096e+17
1.68033e+17
1.65866e+17
1.63573e+17
1.6116e+17
1.58615e+17
1.55967e+17
1.53212e+17
1.50345e+17
1.47408e+17
1.44366e+17
1.41228e+17
1.38003e+17
1.34687e+17
1.31237e+17
1.27708e+17
1.24065e+17
1.20272e+17
1.16333e+17
1.12261e+17
1.08026e+17
1.03631e+17
9.9046e+16
9.42226e+16
8.91224e+16
8.36936e+16
7.79436e+16
7.18698e+16
6.53685e+16
5.84321e+16
5.10519e+16
4.31954e+16
3.47459e+16
2.57203e+16
1.60115e+16
5.57289e+15
7.96637e+15
2.31154e+16
3.73767e+16
5.0707e+16
6.30256e+16
7.43511e+16
8.47306e+16
9.42784e+16
1.03155e+17
1.11552e+17
1.19446e+17
1.26941e+17
1.34009e+17
1.40629e+17
1.46822e+17
1.52609e+17
1.57952e+17
1.62822e+17
1.67282e+17
1.71308e+17
1.74897e+17
1.78037e+17
1.80824e+17
1.83234e+17
1.85274e+17
1.86928e+17
1.8829e+17
1.89351e+17
1.90119e+17
1.90647e+17
1.90922e+17
1.90946e+17
1.90761e+17
1.90357e+17
1.89757e+17
1.88977e+17
1.8804e+17
1.86925e+17
1.85674e+17
1.84234e+17
1.82667e+17
1.80959e+17
1.7911e+17
1.77115e+17
1.75025e+17
1.72796e+17
1.70462e+17
1.68017e+17
1.65456e+17
1.62759e+17
1.59948e+17
1.57026e+17
1.54009e+17
1.50909e+17
1.47711e+17
1.44411e+17
1.41042e+17
1.37605e+17
1.3404e+17
1.30392e+17
1.26637e+17
1.22747e+17
1.18726e+17
1.14573e+17
1.10306e+17
1.05872e+17
1.01256e+17
9.64053e+16
9.12795e+16
8.58273e+16
8.00874e+16
7.39554e+16
6.73918e+16
6.03882e+16
5.28789e+16
4.48291e+16
3.61224e+16
2.67846e+16
1.66987e+16
5.81966e+15
8.47934e+15
2.46178e+16
3.98117e+16
5.39971e+16
6.70931e+16
7.91369e+16
9.01522e+16
1.00251e+17
1.09596e+17
1.18399e+17
1.26692e+17
1.34505e+17
1.41827e+17
1.48679e+17
1.55048e+17
1.60944e+17
1.66318e+17
1.71207e+17
1.75642e+17
1.79591e+17
1.83092e+17
1.86124e+17
1.88777e+17
1.91025e+17
1.92869e+17
1.9435e+17
1.95526e+17
1.96359e+17
1.96987e+17
1.97335e+17
1.97434e+17
1.97319e+17
1.96974e+17
1.96447e+17
1.95701e+17
1.94805e+17
1.93729e+17
1.92477e+17
1.91108e+17
1.89556e+17
1.87879e+17
1.86075e+17
1.84106e+17
1.82005e+17
1.79781e+17
1.77408e+17
1.74913e+17
1.72309e+17
1.69609e+17
1.66758e+17
1.63786e+17
1.6072e+17
1.57518e+17
1.54233e+17
1.50877e+17
1.47436e+17
1.43907e+17
1.40336e+17
1.3662e+17
1.32826e+17
1.28952e+17
1.2497e+17
1.20857e+17
1.16593e+17
1.12276e+17
1.07781e+17
1.0311e+17
9.82233e+16
9.30779e+16
8.76446e+16
8.18744e+16
7.57278e+16
6.91524e+16
6.2077e+16
5.44625e+16
4.62691e+16
3.73531e+16
2.77419e+16
1.73195e+16
6.04037e+15
8.98848e+15
2.61173e+16
4.22461e+16
5.7289e+16
7.11464e+16
8.38688e+16
9.55146e+16
1.0616e+17
1.15985e+17
1.25188e+17
1.33836e+17
1.41933e+17
1.49472e+17
1.56517e+17
1.63016e+17
1.6896e+17
1.7435e+17
1.79213e+17
1.83586e+17
1.87413e+17
1.90773e+17
1.93675e+17
1.96155e+17
1.98216e+17
1.99877e+17
2.01189e+17
2.02197e+17
2.02885e+17
2.03355e+17
2.03554e+17
2.03505e+17
2.03258e+17
2.02795e+17
2.02162e+17
2.01345e+17
2.00354e+17
1.99191e+17
1.97866e+17
1.96415e+17
1.94788e+17
1.93013e+17
1.91094e+17
1.89039e+17
1.86832e+17
1.84483e+17
1.82004e+17
1.79377e+17
1.76623e+17
1.7377e+17
1.70773e+17
1.6766e+17
1.64422e+17
1.61067e+17
1.57606e+17
1.54058e+17
1.50439e+17
1.46729e+17
1.42968e+17
1.39106e+17
1.35155e+17
1.3112e+17
1.26992e+17
1.22771e+17
1.18417e+17
1.13988e+17
1.09444e+17
1.04707e+17
9.97875e+16
9.46229e+16
8.91664e+16
8.34154e+16
7.72439e+16
7.06274e+16
6.35314e+16
5.58436e+16
4.75107e+16
3.84498e+16
2.85933e+16
1.78853e+16
6.24909e+15
9.5186e+15
2.76197e+16
4.46625e+16
6.05705e+16
7.52096e+16
8.86034e+16
1.00824e+17
1.12003e+17
1.22278e+17
1.31865e+17
1.40825e+17
1.49176e+17
1.56936e+17
1.64135e+17
1.70705e+17
1.76658e+17
1.82035e+17
1.86819e+17
1.91097e+17
1.94788e+17
1.97968e+17
2.00701e+17
2.02992e+17
2.04884e+17
2.06379e+17
2.07539e+17
2.08415e+17
2.08977e+17
2.09305e+17
2.09413e+17
2.09258e+17
2.0893e+17
2.08421e+17
2.07706e+17
2.06843e+17
2.05818e+17
2.04616e+17
2.03246e+17
2.01716e+17
2.00039e+17
1.98205e+17
1.96225e+17
1.94069e+17
1.91764e+17
1.89339e+17
1.86747e+17
1.84002e+17
1.81122e+17
1.78111e+17
1.74934e+17
1.71653e+17
1.68251e+17
1.6473e+17
1.61097e+17
1.57373e+17
1.53551e+17
1.49637e+17
1.45649e+17
1.41602e+17
1.37457e+17
1.33255e+17
1.28971e+17
1.246e+17
1.20156e+17
1.15601e+17
1.10946e+17
1.06124e+17
1.01142e+17
9.59576e+16
9.04944e+16
8.47308e+16
7.85196e+16
7.18784e+16
6.47611e+16
5.70347e+16
4.86092e+16
3.94111e+16
2.93625e+16
1.83961e+16
6.44041e+15
1.00415e+16
2.91003e+16
4.70714e+16
6.38268e+16
7.92428e+16
9.33038e+16
1.06079e+17
1.17743e+17
1.28463e+17
1.38433e+17
1.47695e+17
1.56251e+17
1.64206e+17
1.71488e+17
1.7808e+17
1.84021e+17
1.89344e+17
1.94028e+17
1.98153e+17
2.01701e+17
2.04722e+17
2.07285e+17
2.09403e+17
2.11109e+17
2.12477e+17
2.13539e+17
2.14299e+17
2.14791e+17
2.15026e+17
2.15071e+17
2.14882e+17
2.14515e+17
2.13964e+17
2.13238e+17
2.12371e+17
2.11338e+17
2.10145e+17
2.08752e+17
2.07201e+17
2.05486e+17
2.03604e+17
2.01538e+17
1.99322e+17
1.96936e+17
1.94419e+17
1.91721e+17
1.88862e+17
1.85844e+17
1.82684e+17
1.7935e+17
1.75909e+17
1.72326e+17
1.68638e+17
1.64807e+17
1.60867e+17
1.56822e+17
1.52677e+17
1.48462e+17
1.44199e+17
1.39868e+17
1.35471e+17
1.30971e+17
1.26456e+17
1.21856e+17
1.17141e+17
1.12338e+17
1.07434e+17
1.0236e+17
9.71349e+16
9.16522e+16
8.5831e+16
7.95981e+16
7.29666e+16
6.58258e+16
5.80531e+16
4.95544e+16
4.02544e+16
3.00628e+16
1.88681e+16
6.62053e+15
1.05599e+16
3.05918e+16
4.94683e+16
6.70602e+16
8.32067e+16
9.79292e+16
1.11256e+17
1.23404e+17
1.34576e+17
1.44908e+17
1.54406e+17
1.63156e+17
1.71257e+17
1.78604e+17
1.85197e+17
1.91081e+17
1.96302e+17
2.00863e+17
2.04816e+17
2.08203e+17
2.11076e+17
2.13455e+17
2.15431e+17
2.17029e+17
2.18305e+17
2.19266e+17
2.1996e+17
2.20404e+17
2.20624e+17
2.20654e+17
2.20439e+17
2.20087e+17
2.19547e+17
2.18849e+17
2.18013e+17
2.16994e+17
2.15804e+17
2.1442e+17
2.12876e+17
2.11146e+17
2.09238e+17
2.07159e+17
2.04885e+17
2.02438e+17
1.99824e+17
1.97026e+17
1.94071e+17
1.90901e+17
1.87573e+17
1.84086e+17
1.80464e+17
1.76705e+17
1.72786e+17
1.68736e+17
1.64582e+17
1.60308e+17
1.55946e+17
1.51502e+17
1.46998e+17
1.4242e+17
1.37763e+17
1.33065e+17
1.28353e+17
1.23578e+17
1.18684e+17
1.13706e+17
1.08674e+17
1.03518e+17
9.81662e+16
9.26274e+16
8.67783e+16
8.05317e+16
7.39121e+16
6.67679e+16
5.8948e+16
5.04007e+16
4.10094e+16
3.06958e+16
1.93039e+16
6.78735e+15
1.10832e+16
3.20926e+16
5.18517e+16
7.02572e+16
8.71297e+16
1.02524e+17
1.1642e+17
1.29032e+17
1.40629e+17
1.51234e+17
1.60945e+17
1.69898e+17
1.78073e+17
1.85466e+17
1.92028e+17
1.97823e+17
2.02924e+17
2.07325e+17
2.11104e+17
2.14327e+17
2.17027e+17
2.1929e+17
2.21169e+17
2.22716e+17
2.23895e+17
2.24786e+17
2.25455e+17
2.25908e+17
2.26152e+17
2.2621e+17
2.26064e+17
2.25773e+17
2.25303e+17
2.24681e+17
2.23875e+17
2.22898e+17
2.21739e+17
2.2039e+17
2.18845e+17
2.17139e+17
2.15228e+17
2.13132e+17
2.10841e+17
2.08319e+17
2.05638e+17
2.0274e+17
1.99661e+17
1.96359e+17
1.92874e+17
1.89216e+17
1.85408e+17
1.81436e+17
1.77302e+17
1.7301e+17
1.68603e+17
1.64101e+17
1.59474e+17
1.54783e+17
1.50002e+17
1.45171e+17
1.40251e+17
1.35302e+17
1.30335e+17
1.25353e+17
1.20261e+17
1.1511e+17
1.09915e+17
1.04609e+17
9.91381e+16
9.35213e+16
8.76213e+16
8.13524e+16
7.47102e+16
6.75499e+16
5.97401e+16
5.11554e+16
4.17145e+16
3.12655e+16
1.96889e+16
6.93649e+15
1.15856e+16
3.35751e+16
5.42512e+16
7.34372e+16
9.10576e+16
1.07087e+17
1.2152e+17
1.34606e+17
1.46536e+17
1.57421e+17
1.67348e+17
1.76446e+17
1.84686e+17
1.92048e+17
1.98553e+17
2.04251e+17
2.09211e+17
2.13453e+17
2.17078e+17
2.20142e+17
2.22709e+17
2.24874e+17
2.26673e+17
2.28172e+17
2.29326e+17
2.30227e+17
2.30932e+17
2.3144e+17
2.31763e+17
2.31916e+17
2.31876e+17
2.31673e+17
2.31288e+17
2.30747e+17
2.30043e+17
2.29141e+17
2.28036e+17
2.26728e+17
2.25243e+17
2.23549e+17
2.21654e+17
2.19555e+17
2.17219e+17
2.14651e+17
2.11863e+17
2.0886e+17
2.05655e+17
2.0224e+17
1.98626e+17
1.94806e+17
1.90794e+17
1.8658e+17
1.82209e+17
1.77671e+17
1.72997e+17
1.68218e+17
1.63321e+17
1.58351e+17
1.5328e+17
1.48161e+17
1.42979e+17
1.37744e+17
1.3249e+17
1.27232e+17
1.2191e+17
1.16544e+17
1.11153e+17
1.0568e+17
1.0009e+17
9.43691e+16
8.8408e+16
8.20867e+16
7.54256e+16
6.82298e+16
6.04304e+16
5.18247e+16
4.23273e+16
3.17781e+16
2.00505e+16
7.07738e+15
1.2101e+16
3.50519e+16
5.66072e+16
7.66155e+16
9.49855e+16
1.11614e+17
1.26565e+17
1.40074e+17
1.52314e+17
1.63471e+17
1.7359e+17
1.82792e+17
1.91057e+17
1.98363e+17
2.04793e+17
2.10376e+17
2.15171e+17
2.1927e+17
2.22734e+17
2.2567e+17
2.28165e+17
2.30275e+17
2.32046e+17
2.33522e+17
2.34732e+17
2.35713e+17
2.36483e+17
2.37099e+17
2.37552e+17
2.37829e+17
2.3792e+17
2.37849e+17
2.37624e+17
2.37197e+17
2.36574e+17
2.35768e+17
2.34744e+17
2.33525e+17
2.32075e+17
2.30414e+17
2.2853e+17
2.26421e+17
2.24061e+17
2.21454e+17
2.18582e+17
2.15501e+17
2.12169e+17
2.08635e+17
2.04871e+17
2.00872e+17
1.9664e+17
1.92188e+17
1.87566e+17
1.82776e+17
1.77824e+17
1.72724e+17
1.67515e+17
1.62237e+17
1.56861e+17
1.5142e+17
1.45926e+17
1.40385e+17
1.3482e+17
1.29287e+17
1.23678e+17
1.18061e+17
1.12435e+17
1.06784e+17
1.01035e+17
9.51852e+16
8.91199e+16
8.27687e+16
7.60709e+16
6.8856e+16
6.105e+16
5.24121e+16
4.28583e+16
3.22374e+16
2.03842e+16
7.20285e+15
1.26066e+16
3.65027e+16
5.89645e+16
7.98022e+16
9.88603e+16
1.16097e+17
1.31547e+17
1.45454e+17
1.58026e+17
1.69434e+17
1.79704e+17
1.88979e+17
1.97208e+17
2.04424e+17
2.10738e+17
2.16165e+17
2.20828e+17
2.24784e+17
2.28136e+17
2.30998e+17
2.33463e+17
2.35565e+17
2.37359e+17
2.38877e+17
2.40164e+17
2.41265e+17
2.42185e+17
2.42926e+17
2.43521e+17
2.43963e+17
2.44247e+17
2.4433e+17
2.44252e+17
2.43979e+17
2.43488e+17
2.42787e+17
2.41869e+17
2.40744e+17
2.39369e+17
2.37761e+17
2.35884e+17
2.33765e+17
2.31387e+17
2.28755e+17
2.25833e+17
2.22654e+17
2.1921e+17
2.15536e+17
2.11617e+17
2.07418e+17
2.02995e+17
1.98335e+17
1.93464e+17
1.88387e+17
1.83151e+17
1.77737e+17
1.7217e+17
1.66543e+17
1.60828e+17
1.55024e+17
1.49186e+17
1.43311e+17
1.37401e+17
1.31541e+17
1.25647e+17
1.19747e+17
1.13848e+17
1.07959e+17
1.02032e+17
9.60001e+16
8.98205e+16
8.34108e+16
7.66474e+16
6.94011e+16
6.15862e+16
5.29285e+16
4.33566e+16
3.26644e+16
2.06767e+16
7.29665e+15
1.31006e+16
3.7923e+16
6.12862e+16
8.29275e+16
1.02699e+17
1.20535e+17
1.3649e+17
1.50784e+17
1.63651e+17
1.75246e+17
1.85635e+17
1.94927e+17
2.03106e+17
2.10243e+17
2.16425e+17
2.21718e+17
2.26225e+17
2.30046e+17
2.33349e+17
2.36192e+17
2.38658e+17
2.40782e+17
2.42639e+17
2.44257e+17
2.45675e+17
2.46939e+17
2.48041e+17
2.48977e+17
2.49766e+17
2.50415e+17
2.50875e+17
2.51157e+17
2.51255e+17
2.51145e+17
2.50814e+17
2.50254e+17
2.49443e+17
2.48403e+17
2.47112e+17
2.45563e+17
2.43759e+17
2.41676e+17
2.39294e+17
2.36612e+17
2.33642e+17
2.30373e+17
2.26808e+17
2.22986e+17
2.18886e+17
2.14506e+17
2.09874e+17
2.04983e+17
1.99849e+17
1.94502e+17
1.88949e+17
1.83224e+17
1.77312e+17
1.713e+17
1.65189e+17
1.59003e+17
1.52781e+17
1.46548e+17
1.4026e+17
1.34018e+17
1.27794e+17
1.21598e+17
1.15408e+17
1.09242e+17
1.03084e+17
9.68722e+16
9.05495e+16
8.40216e+16
7.71494e+16
6.98862e+16
6.20286e+16
5.33697e+16
4.37864e+16
3.30338e+16
2.09377e+16
7.3969e+15
1.35874e+16
3.93353e+16
6.35761e+16
8.60417e+16
1.06509e+17
1.24924e+17
1.41358e+17
1.56028e+17
1.69147e+17
1.80918e+17
1.91414e+17
2.00683e+17
2.08788e+17
2.15811e+17
2.21849e+17
2.26995e+17
2.3138e+17
2.35135e+17
2.38426e+17
2.41251e+17
2.43737e+17
2.45965e+17
2.4794e+17
2.49723e+17
2.51347e+17
2.52821e+17
2.54149e+17
2.55314e+17
2.56336e+17
2.57204e+17
2.57898e+17
2.58384e+17
2.5865e+17
2.5871e+17
2.58554e+17
2.58138e+17
2.57491e+17
2.56566e+17
2.55366e+17
2.53886e+17
2.52103e+17
2.5003e+17
2.47643e+17
2.44956e+17
2.41926e+17
2.38587e+17
2.34951e+17
2.31003e+17
2.2674e+17
2.22162e+17
2.17292e+17
2.12152e+17
2.06744e+17
2.01105e+17
1.95251e+17
1.89176e+17
1.82919e+17
1.76515e+17
1.70014e+17
1.63414e+17
1.56772e+17
1.50127e+17
1.4345e+17
1.368e+17
1.30202e+17
1.23644e+17
1.17134e+17
1.10662e+17
1.04238e+17
9.77922e+16
9.12973e+16
8.46552e+16
7.7683e+16
7.03621e+16
6.24471e+16
5.37771e+16
4.4159e+16
3.33577e+16
2.11712e+16
7.497e+15
1.40721e+16
4.07343e+16
6.58581e+16
8.91358e+16
1.10284e+17
1.29247e+17
1.46144e+17
1.61169e+17
1.74545e+17
1.86429e+17
1.96973e+17
2.06215e+17
2.14231e+17
2.21141e+17
2.27038e+17
2.32051e+17
2.36362e+17
2.40088e+17
2.43372e+17
2.46267e+17
2.48859e+17
2.51212e+17
2.53379e+17
2.5538e+17
2.57245e+17
2.58942e+17
2.60523e+17
2.6194e+17
2.63207e+17
2.64317e+17
2.65232e+17
2.65937e+17
2.66425e+17
2.6667e+17
2.66671e+17
2.66445e+17
2.65927e+17
2.65138e+17
2.64026e+17
2.62621e+17
2.609e+17
2.58855e+17
2.5648e+17
2.53777e+17
2.50728e+17
2.47321e+17
2.43569e+17
2.39523e+17
2.35095e+17
2.30352e+17
2.25275e+17
2.19894e+17
2.14199e+17
2.08256e+17
2.02071e+17
1.95657e+17
1.8903e+17
1.82243e+17
1.75322e+17
1.683e+17
1.61222e+17
1.54118e+17
1.47004e+17
1.39905e+17
1.32885e+17
1.25932e+17
1.19036e+17
1.12222e+17
1.05489e+17
9.87996e+16
9.20927e+16
8.53117e+16
7.82317e+16
7.08024e+16
6.28423e+16
5.41452e+16
4.45064e+16
3.36492e+16
2.13724e+16
7.58209e+15
1.45524e+16
4.21363e+16
6.81245e+16
9.2194e+16
1.14013e+17
1.33525e+17
1.50872e+17
1.66224e+17
1.79818e+17
1.91822e+17
2.02385e+17
2.11552e+17
2.19475e+17
2.26231e+17
2.31995e+17
2.3694e+17
2.41205e+17
2.44956e+17
2.48286e+17
2.51296e+17
2.54027e+17
2.56567e+17
2.58975e+17
2.61239e+17
2.63359e+17
2.65357e+17
2.67206e+17
2.68891e+17
2.70434e+17
2.7179e+17
2.72959e+17
2.73894e+17
2.74575e+17
2.75019e+17
2.75211e+17
2.75149e+17
2.74769e+17
2.74088e+17
2.73106e+17
2.71803e+17
2.70133e+17
2.68119e+17
2.65776e+17
2.63073e+17
2.59974e+17
2.56519e+17
2.52695e+17
2.48548e+17
2.43997e+17
2.39071e+17
2.33799e+17
2.28184e+17
2.22237e+17
2.15986e+17
2.09454e+17
2.02682e+17
1.95668e+17
1.88462e+17
1.81108e+17
1.73637e+17
1.66084e+17
1.58509e+17
1.50942e+17
1.43388e+17
1.359e+17
1.28517e+17
1.21207e+17
1.14e+17
1.06928e+17
9.99496e+16
9.30014e+16
8.60003e+16
7.87855e+16
7.12405e+16
6.32155e+16
5.44561e+16
4.48026e+16
3.39086e+16
2.15678e+16
7.65417e+15
1.5034e+16
4.35423e+16
7.03936e+16
9.52278e+16
1.17711e+17
1.37777e+17
1.55552e+17
1.71207e+17
1.84973e+17
1.97083e+17
2.07616e+17
2.16696e+17
2.24499e+17
2.31128e+17
2.36796e+17
2.41693e+17
2.45956e+17
2.49757e+17
2.53205e+17
2.56359e+17
2.593e+17
2.62099e+17
2.64785e+17
2.67335e+17
2.69732e+17
2.72022e+17
2.74174e+17
2.76145e+17
2.77961e+17
2.79588e+17
2.80997e+17
2.82173e+17
2.83108e+17
2.83774e+17
2.84172e+17
2.84257e+17
2.84029e+17
2.83472e+17
2.82595e+17
2.81371e+17
2.79767e+17
2.77806e+17
2.75486e+17
2.72775e+17
2.6968e+17
2.66209e+17
2.62341e+17
2.58065e+17
2.53391e+17
2.48311e+17
2.42856e+17
2.3701e+17
2.30818e+17
2.24286e+17
2.17419e+17
2.10256e+17
2.02862e+17
1.95231e+17
1.87417e+17
1.79463e+17
1.71417e+17
1.63353e+17
1.55289e+17
1.47238e+17
1.39262e+17
1.31381e+17
1.23616e+17
1.16016e+17
1.08541e+17
1.01219e+17
9.39812e+16
8.67584e+16
7.93663e+16
7.16994e+16
6.35677e+16
5.47432e+16
4.50716e+16
3.41631e+16
2.17609e+16
7.73115e+15
1.55132e+16
4.49491e+16
7.26671e+16
9.82503e+16
1.21402e+17
1.42013e+17
1.60177e+17
1.76119e+17
1.90028e+17
2.02173e+17
2.12674e+17
2.21668e+17
2.29351e+17
2.35856e+17
2.41474e+17
2.46356e+17
2.5066e+17
2.54567e+17
2.58164e+17
2.61527e+17
2.64737e+17
2.67833e+17
2.70821e+17
2.73657e+17
2.76384e+17
2.79001e+17
2.8146e+17
2.83727e+17
2.85841e+17
2.87761e+17
2.89421e+17
2.90849e+17
2.92012e+17
2.92889e+17
2.93463e+17
2.93706e+17
2.93602e+17
2.93162e+17
2.92386e+17
2.91257e+17
2.89767e+17
2.87874e+17
2.85582e+17
2.82896e+17
2.79813e+17
2.76318e+17
2.72402e+17
2.68057e+17
2.63265e+17
2.58053e+17
2.5242e+17
2.46382e+17
2.39937e+17
2.33116e+17
2.25939e+17
2.18419e+17
2.10606e+17
2.02546e+17
1.94268e+17
1.85817e+17
1.77262e+17
1.68653e+17
1.60052e+17
1.51475e+17
1.42959e+17
1.34588e+17
1.26352e+17
1.18274e+17
1.10371e+17
1.02673e+17
9.50838e+16
8.75823e+16
7.99859e+16
7.21499e+16
6.38943e+16
5.50148e+16
4.5304e+16
3.43585e+16
2.19137e+16
7.79996e+15
1.59876e+16
4.63469e+16
7.49053e+16
1.01269e+17
1.25068e+17
1.46178e+17
1.6472e+17
1.80912e+17
1.94946e+17
2.07107e+17
2.17562e+17
2.26482e+17
2.34033e+17
2.40472e+17
2.4606e+17
2.50954e+17
2.55351e+17
2.59406e+17
2.63209e+17
2.66836e+17
2.70337e+17
2.73757e+17
2.77052e+17
2.80244e+17
2.8331e+17
2.86254e+17
2.89048e+17
2.91651e+17
2.94075e+17
2.96257e+17
2.98179e+17
2.99828e+17
3.01204e+17
3.02276e+17
3.02992e+17
3.03394e+17
3.03441e+17
3.03146e+17
3.02486e+17
3.01452e+17
3.00051e+17
2.98227e+17
2.96014e+17
2.93372e+17
2.90297e+17
2.86781e+17
2.82822e+17
2.78435e+17
2.73592e+17
2.68271e+17
2.62493e+17
2.56256e+17
2.49587e+17
2.42486e+17
2.34993e+17
2.27123e+17
2.18927e+17
2.10442e+17
2.01696e+17
1.92741e+17
1.83636e+17
1.74447e+17
1.65274e+17
1.56126e+17
1.4705e+17
1.38129e+17
1.29379e+17
1.208e+17
1.12443e+17
1.04326e+17
9.63477e+16
8.85107e+16
8.06528e+16
7.26385e+16
6.42449e+16
5.52657e+16
4.55017e+16
3.45294e+16
2.20607e+16
7.86423e+15
1.64541e+16
4.7701e+16
7.70966e+16
1.04234e+17
1.28663e+17
1.50283e+17
1.69195e+17
1.85597e+17
1.99736e+17
2.11886e+17
2.22274e+17
2.31103e+17
2.3857e+17
2.44979e+17
2.50572e+17
2.55524e+17
2.60071e+17
2.64325e+17
2.68384e+17
2.72313e+17
2.76133e+17
2.79869e+17
2.83516e+17
2.87071e+17
2.90486e+17
2.93779e+17
2.96922e+17
2.99855e+17
3.02563e+17
3.04975e+17
3.07144e+17
3.09027e+17
3.10607e+17
3.1185e+17
3.12759e+17
3.13337e+17
3.13557e+17
3.13418e+17
3.12884e+17
3.11954e+17
3.10609e+17
3.08854e+17
3.06698e+17
3.04095e+17
3.01054e+17
2.97557e+17
2.93586e+17
2.89152e+17
2.84251e+17
2.78861e+17
2.72956e+17
2.66575e+17
2.59718e+17
2.52373e+17
2.44585e+17
2.36381e+17
2.27819e+17
2.18911e+17
2.09681e+17
2.00226e+17
1.90572e+17
1.80803e+17
1.71011e+17
1.61235e+17
1.51574e+17
1.42054e+17
1.32699e+17
1.23616e+17
1.14761e+17
1.0616e+17
9.77698e+16
8.9559e+16
8.14061e+16
7.31609e+16
6.45985e+16
5.55297e+16
4.56826e+16
3.46945e+16
2.21997e+16
7.91278e+15
1.69069e+16
4.90268e+16
7.92644e+16
1.07159e+17
1.32215e+17
1.54323e+17
1.73579e+17
1.90174e+17
2.04383e+17
2.16522e+17
2.26849e+17
2.35561e+17
2.42985e+17
2.49398e+17
2.55013e+17
2.60111e+17
2.64835e+17
2.69331e+17
2.73691e+17
2.77941e+17
2.82107e+17
2.86229e+17
2.90258e+17
2.94173e+17
2.97984e+17
3.01628e+17
3.05094e+17
3.08315e+17
3.11283e+17
3.13965e+17
3.16367e+17
3.18465e+17
3.20238e+17
3.21669e+17
3.22755e+17
3.2349e+17
3.23845e+17
3.23824e+17
3.23402e+17
3.22581e+17
3.21324e+17
3.19652e+17
3.17567e+17
3.15022e+17
3.12032e+17
3.08574e+17
3.04634e+17
3.00186e+17
2.9524e+17
2.89794e+17
2.83796e+17
2.77289e+17
2.70265e+17
2.62728e+17
2.54685e+17
2.4618e+17
2.37252e+17
2.27919e+17
2.18248e+17
2.0828e+17
1.98068e+17
1.87708e+17
1.77281e+17
1.66856e+17
1.56551e+17
1.46395e+17
1.36423e+17
1.26738e+17
1.1734e+17
1.08209e+17
9.93639e+16
9.07651e+16
8.22555e+16
7.3757e+16
6.5006e+16
5.58273e+16
4.58956e+16
3.4863e+16
2.23072e+16
7.96686e+15
1.73651e+16
5.03478e+16
8.14152e+16
1.10061e+17
1.35721e+17
1.58307e+17
1.77891e+17
1.94656e+17
2.08927e+17
2.2104e+17
2.31272e+17
2.39936e+17
2.47327e+17
2.53746e+17
2.59451e+17
2.64727e+17
2.69676e+17
2.74467e+17
2.79149e+17
2.83752e+17
2.88321e+17
2.92831e+17
2.97256e+17
3.0156e+17
3.05738e+17
3.09719e+17
3.13476e+17
3.16981e+17
3.20217e+17
3.23143e+17
3.25753e+17
3.28046e+17
3.30017e+17
3.31611e+17
3.32855e+17
3.33735e+17
3.3421e+17
3.3431e+17
3.34008e+17
3.333e+17
3.32154e+17
3.30583e+17
3.2856e+17
3.26097e+17
3.2315e+17
3.19731e+17
3.15833e+17
3.11406e+17
3.06451e+17
3.00964e+17
2.94929e+17
2.88315e+17
2.81168e+17
2.73471e+17
2.65236e+17
2.56462e+17
2.47192e+17
2.37465e+17
2.27349e+17
2.16901e+17
2.06155e+17
1.95199e+17
1.84134e+17
1.73039e+17
1.62028e+17
1.51175e+17
1.40537e+17
1.30202e+17
1.20177e+17
1.10502e+17
1.01159e+17
9.21301e+16
8.32437e+16
7.44246e+16
6.54771e+16
5.61531e+16
4.61074e+16
3.50168e+16
2.24112e+16
8.02722e+15
1.78244e+16
5.16888e+16
8.35737e+16
1.12953e+17
1.39208e+17
1.62248e+17
1.82103e+17
1.99016e+17
2.13347e+17
2.25415e+17
2.35584e+17
2.44201e+17
2.51566e+17
2.58054e+17
2.63884e+17
2.69374e+17
2.7459e+17
2.79714e+17
2.84766e+17
2.8979e+17
2.94762e+17
2.99679e+17
3.04492e+17
3.09179e+17
3.13701e+17
3.17991e+17
3.22036e+17
3.25805e+17
3.29283e+17
3.32445e+17
3.35279e+17
3.3776e+17
3.39897e+17
3.41648e+17
3.43029e+17
3.44034e+17
3.4463e+17
3.44834e+17
3.4464e+17
3.44036e+17
3.42999e+17
3.41517e+17
3.39575e+17
3.37174e+17
3.34295e+17
3.30941e+17
3.27077e+17
3.22694e+17
3.17758e+17
3.12288e+17
3.06231e+17
2.99589e+17
2.92353e+17
2.84537e+17
2.76142e+17
2.67142e+17
2.57596e+17
2.47521e+17
2.36976e+17
2.26043e+17
2.14762e+17
2.03224e+17
1.91519e+17
1.79739e+17
1.68001e+17
1.56434e+17
1.45081e+17
1.34037e+17
1.23364e+17
1.13079e+17
1.03186e+17
9.36566e+16
8.43678e+16
7.5219e+16
6.60228e+16
5.65361e+16
4.63509e+16
3.5168e+16
2.25262e+16
8.06322e+15
1.82871e+16
5.30265e+16
8.56928e+16
1.15802e+17
1.42665e+17
1.66113e+17
1.86233e+17
2.03296e+17
2.17645e+17
2.29663e+17
2.39777e+17
2.48358e+17
2.55735e+17
2.62323e+17
2.68353e+17
2.74086e+17
2.79623e+17
2.85116e+17
2.90589e+17
2.96039e+17
3.01441e+17
3.06756e+17
3.11946e+17
3.16993e+17
3.21834e+17
3.26438e+17
3.30754e+17
3.34779e+17
3.38494e+17
3.41863e+17
3.44876e+17
3.47516e+17
3.49787e+17
3.51685e+17
3.53184e+17
3.543e+17
3.55021e+17
3.55323e+17
3.55218e+17
3.54687e+17
3.53733e+17
3.52335e+17
3.5049e+17
3.48173e+17
3.45399e+17
3.42114e+17
3.38329e+17
3.34015e+17
3.29143e+17
3.23695e+17
3.17664e+17
3.11029e+17
3.03769e+17
2.95871e+17
2.87347e+17
2.78187e+17
2.68409e+17
2.58029e+17
2.47121e+17
2.35726e+17
2.23936e+17
2.11815e+17
1.99442e+17
1.86971e+17
1.74497e+17
1.62181e+17
1.50068e+17
1.38282e+17
1.26908e+17
1.15962e+17
1.05457e+17
9.53686e+16
8.56334e+16
7.61221e+16
6.66356e+16
5.69461e+16
4.66329e+16
3.53398e+16
2.26326e+16
8.10957e+15
1.87542e+16
5.43516e+16
8.78313e+16
1.18622e+17
1.46068e+17
1.69938e+17
1.90294e+17
2.07469e+17
2.21805e+17
2.33796e+17
2.43866e+17
2.5241e+17
2.59859e+17
2.66601e+17
2.72855e+17
2.78878e+17
2.84801e+17
2.90694e+17
2.96601e+17
3.02498e+17
3.08309e+17
3.14024e+17
3.19593e+17
3.24979e+17
3.30137e+17
3.35019e+17
3.39601e+17
3.4386e+17
3.47765e+17
3.51303e+17
3.54477e+17
3.57271e+17
3.59669e+17
3.6169e+17
3.63305e+17
3.64498e+17
3.65294e+17
3.65697e+17
3.65671e+17
3.65216e+17
3.64331e+17
3.63008e+17
3.61242e+17
3.59012e+17
3.56308e+17
3.53135e+17
3.49444e+17
3.45224e+17
3.40445e+17
3.3509e+17
3.29123e+17
3.22529e+17
3.15294e+17
3.07386e+17
2.98795e+17
2.8953e+17
2.79577e+17
2.68958e+17
2.57718e+17
2.45922e+17
2.33641e+17
2.20955e+17
2.07955e+17
1.9478e+17
1.8155e+17
1.68435e+17
1.55521e+17
1.42954e+17
1.3081e+17
1.19145e+17
1.07972e+17
9.7286e+16
8.70457e+16
7.71348e+16
6.73147e+16
5.73877e+16
4.69224e+16
3.55275e+16
2.27462e+16
8.15326e+15
1.92168e+16
5.56746e+16
8.99659e+16
1.21438e+17
1.49443e+17
1.73692e+17
1.94278e+17
2.11524e+17
2.25853e+17
2.37819e+17
2.47856e+17
2.56426e+17
2.63984e+17
2.709e+17
2.77419e+17
2.83785e+17
2.90129e+17
2.96464e+17
3.02819e+17
3.09131e+17
3.15351e+17
3.21454e+17
3.27389e+17
3.33115e+17
3.38556e+17
3.43702e+17
3.48514e+17
3.52964e+17
3.57039e+17
3.60741e+17
3.64062e+17
3.66963e+17
3.69474e+17
3.71574e+17
3.73261e+17
3.74531e+17
3.75381e+17
3.75845e+17
3.75889e+17
3.755e+17
3.747e+17
3.73453e+17
3.71759e+17
3.69637e+17
3.67039e+17
3.6395e+17
3.60361e+17
3.56249e+17
3.51587e+17
3.46345e+17
3.40494e+17
3.33999e+17
3.26836e+17
3.18973e+17
3.10383e+17
3.01067e+17
2.91011e+17
2.8022e+17
2.68727e+17
2.56572e+17
2.4384e+17
2.3063e+17
2.17015e+17
2.03152e+17
1.89159e+17
1.75213e+17
1.61464e+17
1.48055e+17
1.3509e+17
1.22661e+17
1.10776e+17
9.94329e+16
8.8632e+16
7.8259e+16
6.80731e+16
5.78633e+16
4.72209e+16
3.57214e+16
2.2844e+16
8.1904e+15
1.96489e+16
5.69704e+16
9.20752e+16
1.24242e+17
1.52787e+17
1.77399e+17
1.98178e+17
2.15474e+17
2.29806e+17
2.41745e+17
2.51751e+17
2.60383e+17
2.68085e+17
2.75219e+17
2.8207e+17
2.88821e+17
2.95607e+17
3.02418e+17
3.09232e+17
3.15941e+17
3.22566e+17
3.29044e+17
3.35326e+17
3.4136e+17
3.47062e+17
3.52435e+17
3.57438e+17
3.62062e+17
3.66288e+17
3.70103e+17
3.73538e+17
3.76538e+17
3.79124e+17
3.81272e+17
3.83006e+17
3.84325e+17
3.85232e+17
3.85734e+17
3.8582e+17
3.85477e+17
3.84727e+17
3.83545e+17
3.81959e+17
3.79927e+17
3.77443e+17
3.74476e+17
3.71014e+17
3.67028e+17
3.62511e+17
3.57421e+17
3.51705e+17
3.45339e+17
3.38306e+17
3.30534e+17
3.22009e+17
3.127e+17
3.02626e+17
2.91742e+17
2.80069e+17
2.67628e+17
2.54512e+17
2.40805e+17
2.26616e+17
2.12077e+17
1.97332e+17
1.8256e+17
1.67938e+17
1.53647e+17
1.39802e+17
1.26531e+17
1.13885e+17
1.01834e+17
9.04099e+16
7.95089e+16
6.89345e+16
5.84073e+16
4.7565e+16
3.59172e+16
2.29591e+16
8.23721e+15
2.00975e+16
5.82618e+16
9.41575e+16
1.27027e+17
1.56079e+17
1.81043e+17
2.01998e+17
2.19346e+17
2.33671e+17
2.45561e+17
2.55588e+17
2.6432e+17
2.72192e+17
2.79605e+17
2.86824e+17
2.94014e+17
3.01266e+17
3.08544e+17
3.15776e+17
3.22921e+17
3.29937e+17
3.36786e+17
3.4337e+17
3.49672e+17
3.55611e+17
3.61168e+17
3.66327e+17
3.71088e+17
3.75429e+17
3.79369e+17
3.82862e+17
3.85925e+17
3.88526e+17
3.90708e+17
3.92478e+17
3.93806e+17
3.94741e+17
3.95272e+17
3.95388e+17
3.95087e+17
3.94411e+17
3.93304e+17
3.91809e+17
3.89871e+17
3.87493e+17
3.84656e+17
3.81338e+17
3.7751e+17
3.73143e+17
3.68208e+17
3.62673e+17
3.56484e+17
3.49615e+17
3.41995e+17
3.33595e+17
3.24374e+17
3.14327e+17
3.03405e+17
2.91635e+17
2.7901e+17
2.65594e+17
2.51465e+17
2.36745e+17
2.21562e+17
2.06067e+17
1.90473e+17
1.7496e+17
1.59733e+17
1.44958e+17
1.30802e+17
1.17312e+17
1.04513e+17
9.24127e+16
8.0925e+16
6.99037e+16
5.90316e+16
4.79425e+16
3.61501e+16
2.30885e+16
8.27492e+15
2.05358e+16
5.95506e+16
9.62467e+16
1.29779e+17
1.5934e+17
1.84633e+17
2.05738e+17
2.23133e+17
2.37443e+17
2.49304e+17
2.59369e+17
2.68227e+17
2.76332e+17
2.84073e+17
2.91694e+17
2.99347e+17
3.07058e+17
3.14788e+17
3.22469e+17
3.30046e+17
3.37434e+17
3.44614e+17
3.51476e+17
3.57996e+17
3.64115e+17
3.69841e+17
3.75158e+17
3.80027e+17
3.8446e+17
3.88444e+17
3.91964e+17
3.95015e+17
3.97624e+17
3.998e+17
4.01551e+17
4.02903e+17
4.03855e+17
4.04402e+17
4.04552e+17
4.04314e+17
4.03692e+17
4.02683e+17
4.01262e+17
3.99423e+17
3.97147e+17
3.94448e+17
3.91284e+17
3.87616e+17
3.8342e+17
3.78677e+17
3.73331e+17
3.67335e+17
3.60658e+17
3.53248e+17
3.45035e+17
3.35964e+17
3.26022e+17
3.1516e+17
3.03368e+17
2.90651e+17
2.77019e+17
2.62549e+17
2.47344e+17
2.31568e+17
2.15366e+17
1.9894e+17
1.82522e+17
1.66342e+17
1.50597e+17
1.35478e+17
1.21098e+17
1.07489e+17
9.46597e+16
8.25494e+16
7.09974e+16
5.97431e+16
4.83624e+16
3.64021e+16
2.32256e+16
8.31129e+15
2.09853e+16
6.08516e+16
9.83087e+16
1.32513e+17
1.62567e+17
1.88153e+17
2.09403e+17
2.26811e+17
2.41102e+17
2.52968e+17
2.63114e+17
2.72133e+17
2.80527e+17
2.88636e+17
2.96683e+17
3.04813e+17
3.13005e+17
3.21185e+17
3.29299e+17
3.37254e+17
3.45009e+17
3.52472e+17
3.59569e+17
3.66287e+17
3.72582e+17
3.78461e+17
3.83879e+17
3.88815e+17
3.93263e+17
3.97238e+17
4.00761e+17
4.03784e+17
4.06373e+17
4.08522e+17
4.10252e+17
4.116e+17
4.12555e+17
4.13112e+17
4.13281e+17
4.13089e+17
4.12523e+17
4.11577e+17
4.10245e+17
4.08498e+17
4.0635e+17
4.03779e+17
4.00758e+17
3.97261e+17
3.93258e+17
3.88725e+17
3.83584e+17
3.77824e+17
3.7138e+17
3.64208e+17
3.56232e+17
3.47387e+17
3.37631e+17
3.26911e+17
3.15179e+17
3.02446e+17
2.88685e+17
2.73972e+17
2.58384e+17
2.42063e+17
2.25199e+17
2.07981e+17
1.90651e+17
1.73486e+17
1.56719e+17
1.40606e+17
1.25253e+17
1.10768e+17
9.71492e+16
8.43433e+16
7.22421e+16
6.0544e+16
4.8862e+16
3.66983e+16
2.33749e+16
8.35659e+15
2.14346e+16
6.21349e+16
1.00358e+17
1.3521e+17
1.65757e+17
1.9162e+17
2.1299e+17
2.30426e+17
2.44714e+17
2.56594e+17
2.6683e+17
2.76058e+17
2.84767e+17
2.93283e+17
3.01803e+17
3.10412e+17
3.19082e+17
3.27717e+17
3.3624e+17
3.44553e+17
3.52629e+17
3.60335e+17
3.67655e+17
3.74558e+17
3.80994e+17
3.86951e+17
3.92403e+17
3.97358e+17
4.01794e+17
4.05735e+17
4.0921e+17
4.12205e+17
4.14745e+17
4.16876e+17
4.18588e+17
4.19918e+17
4.20856e+17
4.21413e+17
4.21605e+17
4.21439e+17
4.20909e+17
4.20018e+17
4.18765e+17
4.17136e+17
4.15108e+17
4.12661e+17
4.09789e+17
4.0645e+17
4.02643e+17
3.98316e+17
3.93414e+17
3.87893e+17
3.81708e+17
3.74798e+17
3.67102e+17
3.58524e+17
3.49018e+17
3.38518e+17
3.26954e+17
3.14292e+17
3.00522e+17
2.85659e+17
2.69785e+17
2.53011e+17
2.35534e+17
2.17562e+17
1.99353e+17
1.81185e+17
1.63367e+17
1.46174e+17
1.29803e+17
1.1437e+17
9.98996e+16
8.63548e+16
7.36247e+16
6.14587e+16
4.94181e+16
3.70036e+16
2.35295e+16
8.41908e+15
2.18651e+16
6.33978e+16
1.0241e+17
1.37901e+17
1.68897e+17
1.95034e+17
2.16509e+17
2.33969e+17
2.48254e+17
2.60166e+17
2.70538e+17
2.80023e+17
2.89077e+17
2.98035e+17
3.07053e+17
3.16158e+17
3.25291e+17
3.34347e+17
3.43239e+17
3.51907e+17
3.60247e+17
3.6818e+17
3.75692e+17
3.82737e+17
3.89258e+17
3.95251e+17
4.00711e+17
4.05628e+17
4.10019e+17
4.13899e+17
4.17328e+17
4.20276e+17
4.22767e+17
4.2485e+17
4.2652e+17
4.27819e+17
4.28747e+17
4.29315e+17
4.29521e+17
4.29378e+17
4.28891e+17
4.28067e+17
4.26884e+17
4.2535e+17
4.23437e+17
4.21114e+17
4.18386e+17
4.15222e+17
4.11594e+17
4.07464e+17
4.02785e+17
3.97519e+17
3.91603e+17
3.84984e+17
3.7758e+17
3.6931e+17
3.60113e+17
3.49896e+17
3.38588e+17
3.26102e+17
3.12411e+17
2.9753e+17
2.81472e+17
2.64363e+17
2.46352e+17
2.27676e+17
2.08611e+17
1.89457e+17
1.70559e+17
1.52238e+17
1.34779e+17
1.18318e+17
1.02931e+17
8.85864e+16
7.51717e+16
6.24679e+16
5.00322e+16
3.73363e+16
2.3706e+16
8.4645e+15
2.22918e+16
6.46368e+16
1.04428e+17
1.40556e+17
1.72015e+17
1.9839e+17
2.19968e+17
2.37454e+17
2.51724e+17
2.63719e+17
2.74271e+17
2.84046e+17
2.93481e+17
3.02903e+17
3.12414e+17
3.22018e+17
3.316e+17
3.41066e+17
3.50306e+17
3.59278e+17
3.67852e+17
3.75994e+17
3.83658e+17
3.90777e+17
3.97324e+17
4.033e+17
4.08725e+17
4.13591e+17
4.17917e+17
4.21735e+17
4.25075e+17
4.27937e+17
4.30369e+17
4.32396e+17
4.34037e+17
4.35312e+17
4.36238e+17
4.3681e+17
4.37034e+17
4.36924e+17
4.36493e+17
4.35725e+17
4.34627e+17
4.33175e+17
4.31369e+17
4.29173e+17
4.26578e+17
4.23563e+17
4.20109e+17
4.16187e+17
4.11728e+17
4.06707e+17
4.01065e+17
3.94734e+17
3.87647e+17
3.79721e+17
3.70855e+17
3.60976e+17
3.4998e+17
3.37765e+17
3.24266e+17
3.0946e+17
2.93358e+17
2.76014e+17
2.57594e+17
2.38292e+17
2.18405e+17
1.98293e+17
1.78316e+17
1.58829e+17
1.40205e+17
1.22634e+17
1.06253e+17
9.10521e+16
7.69008e+16
6.35941e+16
5.07225e+16
3.77151e+16
2.38905e+16
8.51293e+15
2.27097e+16
6.58686e+16
1.06419e+17
1.43192e+17
1.75077e+17
2.01696e+17
2.23359e+17
2.40859e+17
2.55146e+17
2.67255e+17
2.7801e+17
2.88094e+17
2.97958e+17
3.07866e+17
3.1788e+17
3.27975e+17
3.37986e+17
3.4783e+17
3.57412e+17
3.66654e+17
3.75441e+17
3.83727e+17
3.91479e+17
3.98621e+17
4.05153e+17
4.11084e+17
4.1644e+17
4.21221e+17
4.25455e+17
4.29184e+17
4.32424e+17
4.35221e+17
4.37598e+17
4.39574e+17
4.41177e+17
4.4244e+17
4.43355e+17
4.43946e+17
4.44213e+17
4.44153e+17
4.43779e+17
4.4307e+17
4.42038e+17
4.40664e+17
4.38942e+17
4.36864e+17
4.34402e+17
4.31525e+17
4.28232e+17
4.24495e+17
4.20252e+17
4.15463e+17
4.10084e+17
4.04048e+17
3.97277e+17
3.89699e+17
3.81201e+17
3.71686e+17
3.61053e+17
3.49185e+17
3.3598e+17
3.21371e+17
3.05341e+17
2.87895e+17
2.69174e+17
2.49358e+17
2.28738e+17
2.07698e+17
1.8663e+17
1.65964e+17
1.46113e+17
1.27367e+17
1.09895e+17
9.37424e+16
7.88065e+16
6.48514e+16
5.15017e+16
3.81517e+16
2.40973e+16
8.57311e+15
2.31299e+16
6.71131e+16
1.08392e+17
1.458e+17
1.78115e+17
2.04955e+17
2.26686e+17
2.442e+17
2.58536e+17
2.70771e+17
2.81766e+17
2.92215e+17
3.02537e+17
3.12934e+17
3.23459e+17
3.34016e+17
3.44436e+17
3.54642e+17
3.64528e+17
3.73992e+17
3.82944e+17
3.91329e+17
3.99101e+17
4.06228e+17
4.12708e+17
4.18568e+17
4.23823e+17
4.28494e+17
4.32624e+17
4.3624e+17
4.39397e+17
4.42134e+17
4.44444e+17
4.46375e+17
4.47973e+17
4.49233e+17
4.50157e+17
4.50762e+17
4.51055e+17
4.51026e+17
4.50701e+17
4.50052e+17
4.49083e+17
4.47794e+17
4.46164e+17
4.44193e+17
4.4184e+17
4.39103e+17
4.35969e+17
4.32389e+17
4.28343e+17
4.23777e+17
4.18651e+17
4.12906e+17
4.06454e+17
3.99219e+17
3.91099e+17
3.81991e+17
3.71759e+17
3.60291e+17
3.47452e+17
3.33154e+17
3.17309e+17
2.99911e+17
2.81015e+17
2.60806e+17
2.3955e+17
2.17638e+17
1.95508e+17
1.73645e+17
1.5252e+17
1.3252e+17
1.13893e+17
9.67012e+16
8.09002e+16
6.62462e+16
5.23585e+16
3.86299e+16
2.43287e+16
8.62373e+15
2.3545e+16
6.83128e+16
1.10349e+17
1.4837e+17
1.81098e+17
2.08146e+17
2.29949e+17
2.47491e+17
2.61892e+17
2.74278e+17
2.85556e+17
2.96405e+17
3.07209e+17
3.18111e+17
3.29125e+17
3.40113e+17
3.50916e+17
3.61453e+17
3.71601e+17
3.81246e+17
3.90315e+17
3.98751e+17
4.06504e+17
4.13578e+17
4.19979e+17
4.25735e+17
4.3087e+17
4.3543e+17
4.39442e+17
4.42963e+17
4.46037e+17
4.48696e+17
4.50952e+17
4.52862e+17
4.54428e+17
4.55688e+17
4.56628e+17
4.57254e+17
4.5757e+17
4.57583e+17
4.57295e+17
4.56708e+17
4.55815e+17
4.54612e+17
4.53077e+17
4.51209e+17
4.48987e+17
4.46382e+17
4.43385e+17
4.39967e+17
4.36085e+17
4.31722e+17
4.26817e+17
4.21327e+17
4.15177e+17
4.08286e+17
4.00541e+17
3.9184e+17
3.82044e+17
3.71025e+17
3.58624e+17
3.44709e+17
3.29173e+17
3.11945e+17
2.93035e+17
2.72573e+17
2.50804e+17
2.28097e+17
2.04944e+17
1.8189e+17
1.59454e+17
1.38125e+17
1.18256e+17
9.9957e+16
8.32102e+16
6.77943e+16
5.33195e+16
3.91769e+16
2.45934e+16
8.69706e+15
2.39509e+16
6.95154e+16
1.12297e+17
1.50908e+17
1.84037e+17
2.11284e+17
2.33144e+17
2.50723e+17
2.65215e+17
2.77798e+17
2.8939e+17
3.00664e+17
3.11955e+17
3.23381e+17
3.34873e+17
3.46263e+17
3.57427e+17
3.68261e+17
3.78612e+17
3.884e+17
3.97541e+17
4.05958e+17
4.13668e+17
4.20648e+17
4.26938e+17
4.32568e+17
4.37569e+17
4.41998e+17
4.45897e+17
4.49319e+17
4.52316e+17
4.54915e+17
4.5716e+17
4.59056e+17
4.60613e+17
4.61861e+17
4.628e+17
4.63444e+17
4.63801e+17
4.6387e+17
4.63637e+17
4.6311e+17
4.62287e+17
4.61155e+17
4.59716e+17
4.57944e+17
4.55818e+17
4.53332e+17
4.50474e+17
4.47217e+17
4.43507e+17
4.39317e+17
4.34614e+17
4.29358e+17
4.23475e+17
4.16893e+17
4.09509e+17
4.01218e+17
3.91873e+17
3.81327e+17
3.69405e+17
3.5595e+17
3.40824e+17
3.23891e+17
3.05116e+17
2.84549e+17
2.62405e+17
2.39037e+17
2.1493e+17
1.90681e+17
1.6692e+17
1.44212e+17
1.23002e+17
1.03504e+17
8.57324e+16
6.94857e+16
5.43849e+16
3.97891e+16
2.48815e+16
8.79901e+15
2.43473e+16
7.07251e+16
1.14229e+17
1.53434e+17
1.86951e+17
2.14376e+17
2.36309e+17
2.53926e+17
2.6852e+17
2.81334e+17
2.93276e+17
3.05013e+17
3.16817e+17
3.28732e+17
3.40679e+17
3.52459e+17
3.63958e+17
3.75031e+17
3.85546e+17
3.95439e+17
4.04588e+17
4.12961e+17
4.20571e+17
4.27424e+17
4.33575e+17
4.39051e+17
4.43906e+17
4.48199e+17
4.52008e+17
4.55363e+17
4.58311e+17
4.60865e+17
4.63086e+17
4.64973e+17
4.66532e+17
4.67801e+17
4.6876e+17
4.69436e+17
4.69836e+17
4.69951e+17
4.69777e+17
4.69318e+17
4.68557e+17
4.67506e+17
4.66133e+17
4.64436e+17
4.62404e+17
4.60025e+17
4.57279e+17
4.54159e+17
4.50603e+17
4.46591e+17
4.42085e+17
4.37035e+17
4.31396e+17
4.25092e+17
4.18043e+17
4.10137e+17
4.01233e+17
3.91162e+17
3.79752e+17
3.66815e+17
3.52175e+17
3.35659e+17
3.17158e+17
2.96655e+17
2.7429e+17
2.50393e+17
2.25438e+17
2.00037e+17
1.74936e+17
1.50797e+17
1.28176e+17
1.07382e+17
8.84919e+16
7.13305e+16
5.55309e+16
4.0453e+16
2.52102e+16
8.90461e+15
2.47746e+16
7.19334e+16
1.16164e+17
1.55945e+17
1.89824e+17
2.17425e+17
2.39422e+17
2.57079e+17
2.71813e+17
2.84884e+17
2.9723e+17
3.09446e+17
3.21758e+17
3.34168e+17
3.46533e+17
3.58681e+17
3.70462e+17
3.8174e+17
3.92387e+17
4.02305e+17
4.11408e+17
4.19699e+17
4.27169e+17
4.33871e+17
4.39861e+17
4.45185e+17
4.49904e+17
4.541e+17
4.57827e+17
4.61121e+17
4.64012e+17
4.66544e+17
4.6875e+17
4.70637e+17
4.72212e+17
4.7349e+17
4.74477e+17
4.75189e+17
4.7563e+17
4.75797e+17
4.75688e+17
4.75274e+17
4.74586e+17
4.73599e+17
4.72299e+17
4.70698e+17
4.6876e+17
4.66478e+17
4.63846e+17
4.60825e+17
4.5742e+17
4.5357e+17
4.49256e+17
4.44401e+17
4.38981e+17
4.32923e+17
4.2618e+17
4.18607e+17
4.10112e+17
4.00512e+17
3.89625e+17
3.77242e+17
3.63155e+17
3.47157e+17
3.29059e+17
3.08775e+17
2.86364e+17
2.62093e+17
2.36404e+17
2.09951e+17
1.83512e+17
1.57895e+17
1.33779e+17
1.11601e+17
9.15049e+16
7.33652e+16
5.67969e+16
4.11742e+16
2.55564e+16
8.98836e+15
2.51917e+16
7.31352e+16
1.18095e+17
1.58442e+17
1.92672e+17
2.20432e+17
2.42486e+17
2.60211e+17
2.75098e+17
2.88463e+17
3.01237e+17
3.13946e+17
3.2678e+17
3.3966e+17
3.52423e+17
3.64909e+17
3.76936e+17
3.88371e+17
3.99072e+17
4.08965e+17
4.17987e+17
4.26139e+17
4.33457e+17
4.39996e+17
4.45819e+17
4.50996e+17
4.55605e+17
4.59707e+17
4.63356e+17
4.66597e+17
4.69461e+17
4.71971e+17
4.74161e+17
4.76048e+17
4.7765e+17
4.78957e+17
4.79989e+17
4.80749e+17
4.81226e+17
4.81437e+17
4.81385e+17
4.81048e+17
4.80439e+17
4.79528e+17
4.78307e+17
4.76768e+17
4.74909e+17
4.72718e+17
4.70185e+17
4.67287e+17
4.6399e+17
4.60272e+17
4.56111e+17
4.5145e+17
4.46245e+17
4.40426e+17
4.33945e+17
4.26684e+17
4.18551e+17
4.0939e+17
3.99009e+17
3.87198e+17
3.73702e+17
3.5829e+17
3.40706e+17
3.20807e+17
2.98532e+17
2.74061e+17
2.47792e+17
2.20376e+17
1.92657e+17
1.65546e+17
1.39856e+17
1.16185e+17
9.47944e+16
7.55882e+16
5.8194e+16
4.19603e+16
2.59289e+16
9.07213e+15
2.56025e+16
7.43287e+16
1.20014e+17
1.60932e+17
1.95501e+17
2.23402e+17
2.4552e+17
2.63318e+17
2.78391e+17
2.92099e+17
3.05313e+17
3.18534e+17
3.31871e+17
3.45197e+17
3.58347e+17
3.71114e+17
3.8335e+17
3.94889e+17
4.05583e+17
4.154e+17
4.24285e+17
4.32274e+17
4.39425e+17
4.458e+17
4.51462e+17
4.5651e+17
4.61012e+17
4.65036e+17
4.68641e+17
4.71842e+17
4.74668e+17
4.77166e+17
4.79352e+17
4.81241e+17
4.82859e+17
4.84195e+17
4.85269e+17
4.86065e+17
4.86602e+17
4.86884e+17
4.86904e+17
4.86641e+17
4.86095e+17
4.85253e+17
4.84113e+17
4.82659e+17
4.80892e+17
4.78781e+17
4.76333e+17
4.73537e+17
4.7035e+17
4.6676e+17
4.62733e+17
4.58221e+17
4.53201e+17
4.47606e+17
4.4137e+17
4.34397e+17
4.26597e+17
4.17825e+17
4.07914e+17
3.96655e+17
3.83777e+17
3.68997e+17
3.52025e+17
3.32626e+17
3.10657e+17
2.86189e+17
2.59525e+17
2.31285e+17
2.02352e+17
1.73726e+17
1.46412e+17
1.21163e+17
9.83682e+16
7.80072e+16
5.97117e+16
4.28157e+16
2.6327e+16
9.17787e+15
2.59962e+16
7.55222e+16
1.21936e+17
1.63417e+17
1.98316e+17
2.26353e+17
2.48535e+17
2.6643e+17
2.81718e+17
2.95782e+17
3.09465e+17
3.23204e+17
3.37029e+17
3.50772e+17
3.64273e+17
3.77292e+17
3.89673e+17
4.01243e+17
4.11897e+17
4.21583e+17
4.30305e+17
4.3812e+17
4.4508e+17
4.51288e+17
4.56808e+17
4.61733e+17
4.66147e+17
4.70109e+17
4.73655e+17
4.76823e+17
4.79635e+17
4.82126e+17
4.84324e+17
4.86238e+17
4.87885e+17
4.89263e+17
4.90372e+17
4.91222e+17
4.91812e+17
4.92157e+17
4.92233e+17
4.92032e+17
4.91538e+17
4.90763e+17
4.89698e+17
4.88335e+17
4.86659e+17
4.84649e+17
4.82297e+17
4.79594e+17
4.76503e+17
4.73024e+17
4.69122e+17
4.64757e+17
4.59886e+17
4.54478e+17
4.48467e+17
4.41762e+17
4.34255e+17
4.25855e+17
4.16376e+17
4.05624e+17
3.93344e+17
3.79225e+17
3.62931e+17
3.44157e+17
3.22656e+17
2.98378e+17
2.71514e+17
2.42608e+17
2.12573e+17
1.8247e+17
1.53487e+17
1.2656e+17
1.02246e+17
8.06382e+16
6.13658e+16
4.37375e+16
2.67643e+16
9.29593e+15
2.63964e+16
7.67126e+16
1.23858e+17
1.65909e+17
2.0111e+17
2.29288e+17
2.51534e+17
2.6954e+17
2.85081e+17
2.99537e+17
3.137e+17
3.27951e+17
3.42243e+17
3.56377e+17
3.70182e+17
3.83405e+17
3.95862e+17
4.0742e+17
4.17969e+17
4.27496e+17
4.36041e+17
4.43656e+17
4.50435e+17
4.56478e+17
4.61863e+17
4.66692e+17
4.71035e+17
4.74936e+17
4.78438e+17
4.81571e+17
4.8438e+17
4.8688e+17
4.89108e+17
4.91038e+17
4.92711e+17
4.94132e+17
4.9528e+17
4.96185e+17
4.96835e+17
4.97237e+17
4.97363e+17
4.97229e+17
4.96816e+17
4.96121e+17
4.95127e+17
4.93835e+17
4.92248e+17
4.9033e+17
4.88073e+17
4.85457e+17
4.82465e+17
4.79077e+17
4.75278e+17
4.71047e+17
4.66327e+17
4.61088e+17
4.55266e+17
4.488e+17
4.41572e+17
4.33493e+17
4.24409e+17
4.1413e+17
4.02416e+17
3.88951e+17
3.73371e+17
3.55303e+17
3.34409e+17
3.10511e+17
2.83668e+17
2.543e+17
2.23282e+17
1.91766e+17
1.61085e+17
1.32403e+17
1.06465e+17
8.3496e+16
6.31685e+16
4.47626e+16
2.7237e+16
9.42263e+15
2.68022e+16
7.7899e+16
1.25797e+17
1.68382e+17
2.03911e+17
2.32213e+17
2.5452e+17
2.72661e+17
2.88495e+17
3.03362e+17
3.18022e+17
3.32772e+17
3.47497e+17
3.62002e+17
3.76064e+17
3.89425e+17
4.0191e+17
4.13395e+17
4.238e+17
4.33137e+17
4.4148e+17
4.48882e+17
4.55497e+17
4.61387e+17
4.66648e+17
4.71389e+17
4.75661e+17
4.79508e+17
4.82974e+17
4.86098e+17
4.88911e+17
4.91425e+17
4.93657e+17
4.95619e+17
4.97331e+17
4.9879e+17
4.99983e+17
5.00944e+17
5.0166e+17
5.02133e+17
5.02334e+17
5.02261e+17
5.01913e+17
5.01292e+17
5.00375e+17
4.99164e+17
4.9765e+17
4.95814e+17
4.93637e+17
4.91104e+17
4.88216e+17
4.84938e+17
4.81241e+17
4.77117e+17
4.72529e+17
4.67437e+17
4.61784e+17
4.55518e+17
4.48547e+17
4.40764e+17
4.3204e+17
4.22199e+17
4.11004e+17
3.98162e+17
3.83302e+17
3.65996e+17
3.45832e+17
3.22486e+17
2.95877e+17
2.66268e+17
2.34443e+17
2.01607e+17
1.6923e+17
1.38712e+17
1.11039e+17
8.66009e+16
6.51248e+16
4.58712e+16
2.77533e+16
9.5552e+15
2.72058e+16
7.91252e+16
1.27767e+17
1.70898e+17
2.0673e+17
2.35134e+17
2.57503e+17
2.75819e+17
2.91963e+17
3.07264e+17
3.22428e+17
3.37655e+17
3.52812e+17
3.67635e+17
3.81883e+17
3.95332e+17
4.0779e+17
4.19161e+17
4.29371e+17
4.38497e+17
4.46619e+17
4.53835e+17
4.60277e+17
4.66024e+17
4.7118e+17
4.75827e+17
4.8003e+17
4.8383e+17
4.87276e+17
4.90397e+17
4.93205e+17
4.95712e+17
4.97971e+17
4.9998e+17
5.01725e+17
5.0323e+17
5.04498e+17
5.05531e+17
5.06303e+17
5.06836e+17
5.07113e+17
5.07121e+17
5.06857e+17
5.06319e+17
5.0547e+17
5.04327e+17
5.02871e+17
5.01103e+17
4.99004e+17
4.96563e+17
4.93756e+17
4.90575e+17
4.86979e+17
4.8296e+17
4.78492e+17
4.73529e+17
4.6803e+17
4.61942e+17
4.55203e+17
4.4769e+17
4.39302e+17
4.29846e+17
4.19119e+17
4.06864e+17
3.92701e+17
3.76179e+17
3.56827e+17
3.34194e+17
3.08015e+17
2.78402e+17
2.45986e+17
2.11966e+17
1.77924e+17
1.45507e+17
1.15986e+17
8.9958e+16
6.72423e+16
4.70817e+16
2.83182e+16
9.68951e+15
2.76396e+16
8.03846e+16
1.29762e+17
1.73457e+17
2.09556e+17
2.38067e+17
2.6052e+17
2.79017e+17
2.95499e+17
3.1126e+17
3.26923e+17
3.42617e+17
3.58156e+17
3.73243e+17
3.87645e+17
4.01105e+17
4.13479e+17
4.24679e+17
4.34679e+17
4.43577e+17
4.51478e+17
4.58504e+17
4.64775e+17
4.70394e+17
4.75444e+17
4.80012e+17
4.84154e+17
4.87918e+17
4.9134e+17
4.9445e+17
4.97253e+17
4.99795e+17
5.02104e+17
5.0413e+17
5.05928e+17
5.07487e+17
5.08817e+17
5.09899e+17
5.1075e+17
5.11351e+17
5.11697e+17
5.11788e+17
5.11596e+17
5.11123e+17
5.10352e+17
5.09268e+17
5.07913e+17
5.06217e+17
5.04184e+17
5.01812e+17
4.99076e+17
4.95975e+17
4.92487e+17
4.88569e+17
4.84214e+17
4.79383e+17
4.74024e+17
4.68103e+17
4.61558e+17
4.54286e+17
4.46192e+17
4.37101e+17
4.26811e+17
4.15086e+17
4.01581e+17
3.85831e+17
3.67326e+17
3.45519e+17
3.1998e+17
2.90603e+17
2.57838e+17
2.22804e+17
1.8717e+17
1.52819e+17
1.21334e+17
9.35874e+16
6.95306e+16
4.83841e+16
2.89173e+16
9.8278e+15
2.80866e+16
8.16833e+16
1.31824e+17
1.76051e+17
2.12419e+17
2.41021e+17
2.63567e+17
2.8228e+17
2.99118e+17
3.1535e+17
3.31505e+17
3.4764e+17
3.63516e+17
3.7882e+17
3.93303e+17
4.0674e+17
4.18971e+17
4.29956e+17
4.39706e+17
4.48358e+17
4.56037e+17
4.62881e+17
4.68998e+17
4.74484e+17
4.79441e+17
4.83944e+17
4.88034e+17
4.91754e+17
4.95164e+17
4.9827e+17
5.01098e+17
5.03676e+17
5.05986e+17
5.08049e+17
5.09904e+17
5.11513e+17
5.12909e+17
5.14064e+17
5.14983e+17
5.1565e+17
5.16048e+17
5.16189e+17
5.16071e+17
5.1568e+17
5.15009e+17
5.1402e+17
5.12721e+17
5.11111e+17
5.09152e+17
5.06851e+17
5.04188e+17
5.01157e+17
4.97748e+17
4.93925e+17
4.89669e+17
4.84963e+17
4.79751e+17
4.73984e+17
4.6761e+17
4.60557e+17
4.52723e+17
4.43959e+17
4.34078e+17
4.22843e+17
4.0994e+17
3.94936e+17
3.77286e+17
3.56385e+17
3.31649e+17
3.02745e+17
2.69901e+17
2.34069e+17
1.96952e+17
1.60654e+17
1.27112e+17
9.75156e+16
7.2001e+16
4.97821e+16
2.9563e+16
9.98653e+15
2.85591e+16
8.30302e+16
1.33952e+17
1.78713e+17
2.15329e+17
2.4402e+17
2.6667e+17
2.85617e+17
3.02837e+17
3.19549e+17
3.36191e+17
3.52727e+17
3.68888e+17
3.84353e+17
3.98857e+17
4.12193e+17
4.24223e+17
4.34964e+17
4.44453e+17
4.52857e+17
4.60322e+17
4.66981e+17
4.7294e+17
4.78307e+17
4.83178e+17
4.87615e+17
4.91642e+17
4.95343e+17
4.98743e+17
5.01849e+17
5.04693e+17
5.07275e+17
5.09617e+17
5.11737e+17
5.13643e+17
5.15311e+17
5.16761e+17
5.17967e+17
5.18938e+17
5.19649e+17
5.2013e+17
5.20356e+17
5.20308e+17
5.20009e+17
5.19403e+17
5.18495e+17
5.17273e+17
5.15716e+17
5.13836e+17
5.11602e+17
5.09005e+17
5.0606e+17
5.02738e+17
4.98998e+17
4.94845e+17
4.90245e+17
4.85163e+17
4.79553e+17
4.73356e+17
4.66509e+17
4.58918e+17
4.50456e+17
4.40941e+17
4.30158e+17
4.1781e+17
4.03503e+17
3.86691e+17
3.66728e+17
3.42921e+17
3.14715e+17
2.82064e+17
2.45695e+17
2.0725e+17
1.6903e+17
1.3334e+17
1.01758e+17
7.46688e+16
5.13063e+16
3.02742e+16
1.01539e+16
2.90587e+16
8.44621e+16
1.36176e+17
1.8147e+17
2.18318e+17
2.47105e+17
2.69857e+17
2.89054e+17
3.06683e+17
3.23877e+17
3.40979e+17
3.57875e+17
3.74271e+17
3.89826e+17
4.0428e+17
4.1744e+17
4.29236e+17
4.39699e+17
4.48919e+17
4.57075e+17
4.6433e+17
4.70805e+17
4.7662e+17
4.81876e+17
4.86657e+17
4.91015e+17
4.94994e+17
4.98683e+17
5.02059e+17
5.05164e+17
5.08e+17
5.10592e+17
5.12977e+17
5.15148e+17
5.17082e+17
5.18793e+17
5.20279e+17
5.21549e+17
5.22578e+17
5.23365e+17
5.23927e+17
5.24218e+17
5.24247e+17
5.24005e+17
5.2346e+17
5.22626e+17
5.21463e+17
5.19987e+17
5.18183e+17
5.16039e+17
5.13533e+17
5.10663e+17
5.07411e+17
5.03769e+17
4.99713e+17
4.95219e+17
4.90255e+17
4.8479e+17
4.78766e+17
4.72117e+17
4.64749e+17
4.56567e+17
4.47398e+17
4.37033e+17
4.25205e+17
4.11539e+17
3.95533e+17
3.76514e+17
3.53716e+17
3.26393e+17
2.94211e+17
2.5759e+17
2.18035e+17
1.77957e+17
1.4005e+17
1.06348e+17
7.75483e+16
5.29578e+16
3.10536e+16
1.03419e+16
2.95983e+16
8.59708e+16
1.38516e+17
1.84341e+17
2.21407e+17
2.5027e+17
2.73135e+17
2.9261e+17
3.10671e+17
3.28338e+17
3.45872e+17
3.63087e+17
3.79649e+17
3.95226e+17
4.09556e+17
4.22485e+17
4.34004e+17
4.44162e+17
4.53105e+17
4.6101e+17
4.68053e+17
4.74346e+17
4.80013e+17
4.85157e+17
4.89854e+17
4.94142e+17
4.98079e+17
5.01725e+17
5.05077e+17
5.08169e+17
5.11007e+17
5.13626e+17
5.16024e+17
5.18206e+17
5.20175e+17
5.21922e+17
5.23448e+17
5.24784e+17
5.25867e+17
5.26709e+17
5.27326e+17
5.27672e+17
5.2775e+17
5.27572e+17
5.27116e+17
5.2633e+17
5.25256e+17
5.23872e+17
5.22139e+17
5.20072e+17
5.17665e+17
5.14879e+17
5.1172e+17
5.0817e+17
5.04215e+17
4.99833e+17
4.94991e+17
4.89666e+17
4.83808e+17
4.77354e+17
4.70214e+17
4.62288e+17
4.53442e+17
4.43476e+17
4.32129e+17
4.1906e+17
4.03806e+17
3.85707e+17
3.63952e+17
3.37669e+17
3.06204e+17
2.69651e+17
2.29246e+17
1.87436e+17
1.47267e+17
1.11304e+17
8.06532e+16
5.47251e+16
3.18822e+16
1.05397e+16
3.01798e+16
8.75986e+16
1.41018e+17
1.87371e+17
2.2464e+17
2.53556e+17
2.76547e+17
2.96323e+17
3.14823e+17
3.32952e+17
3.50878e+17
3.68348e+17
3.85006e+17
4.00521e+17
4.14642e+17
4.27303e+17
4.38509e+17
4.48351e+17
4.57002e+17
4.64652e+17
4.71477e+17
4.77581e+17
4.83111e+17
4.88144e+17
4.92741e+17
4.96951e+17
5.00844e+17
5.04456e+17
5.07776e+17
5.10838e+17
5.13666e+17
5.16282e+17
5.18679e+17
5.20885e+17
5.22879e+17
5.24648e+17
5.26215e+17
5.27585e+17
5.28709e+17
5.29606e+17
5.30256e+17
5.30651e+17
5.30771e+17
5.30648e+17
5.30243e+17
5.29551e+17
5.2855e+17
5.27238e+17
5.25604e+17
5.2363e+17
5.21319e+17
5.18641e+17
5.15598e+17
5.12156e+17
5.08303e+17
5.04041e+17
4.99328e+17
4.94144e+17
4.88451e+17
4.82188e+17
4.75272e+17
4.67594e+17
4.59052e+17
4.49463e+17
4.38576e+17
4.26069e+17
4.11515e+17
3.94294e+17
3.73596e+17
3.48442e+17
3.1793e+17
2.81761e+17
2.40819e+17
1.97448e+17
1.55017e+17
1.1666e+17
8.4008e+16
5.66392e+16
3.27839e+16
1.07624e+16
3.0825e+16
8.93755e+16
1.437e+17
1.90588e+17
2.2803e+17
2.56986e+17
2.80118e+17
3.00217e+17
3.1916e+17
3.37736e+17
3.56005e+17
3.73654e+17
3.90327e+17
4.05688e+17
4.19549e+17
4.31884e+17
4.42729e+17
4.52232e+17
4.6059e+17
4.67987e+17
4.74578e+17
4.80507e+17
4.85902e+17
4.90802e+17
4.95294e+17
4.9943e+17
5.03259e+17
5.06811e+17
5.10089e+17
5.1312e+17
5.15935e+17
5.18514e+17
5.20943e+17
5.23142e+17
5.2512e+17
5.26926e+17
5.28531e+17
5.29907e+17
5.31038e+17
5.31939e+17
5.32602e+17
5.33022e+17
5.33179e+17
5.33096e+17
5.32735e+17
5.32127e+17
5.31226e+17
5.29993e+17
5.28465e+17
5.26619e+17
5.24414e+17
5.21849e+17
5.18922e+17
5.15607e+17
5.11886e+17
5.07749e+17
5.03181e+17
4.98152e+17
4.92624e+17
4.86568e+17
4.79875e+17
4.72455e+17
4.64205e+17
4.54978e+17
4.44529e+17
4.3256e+17
4.18663e+17
4.02268e+17
3.82604e+17
3.58636e+17
3.29266e+17
2.93799e+17
2.52666e+17
2.07983e+17
1.63326e+17
1.22457e+17
8.76351e+16
5.87062e+16
3.37534e+16
1.09877e+16
3.15566e+16
9.1322e+16
1.4661e+17
1.94033e+17
2.31621e+17
2.60595e+17
2.83886e+17
3.04327e+17
3.23709e+17
3.42695e+17
3.61238e+17
3.7899e+17
3.95578e+17
4.10696e+17
4.24231e+17
4.36182e+17
4.46642e+17
4.55793e+17
4.63839e+17
4.70968e+17
4.77344e+17
4.83092e+17
4.88335e+17
4.93092e+17
4.9748e+17
5.01525e+17
5.05276e+17
5.08748e+17
5.11968e+17
5.14941e+17
5.17723e+17
5.2029e+17
5.22686e+17
5.24845e+17
5.2682e+17
5.28623e+17
5.30214e+17
5.31589e+17
5.32744e+17
5.33643e+17
5.34287e+17
5.34718e+17
5.34903e+17
5.34852e+17
5.34546e+17
5.33999e+17
5.33149e+17
5.32059e+17
5.30638e+17
5.28919e+17
5.2684e+17
5.24393e+17
5.21602e+17
5.18421e+17
5.14856e+17
5.10871e+17
5.06465e+17
5.01603e+17
4.96263e+17
4.90405e+17
4.8396e+17
4.76814e+17
4.68863e+17
4.59986e+17
4.49967e+17
4.3851e+17
4.25239e+17
4.09631e+17
3.90954e+17
3.68183e+17
3.40085e+17
3.05616e+17
2.64678e+17
2.18996e+17
1.72218e+17
1.28725e+17
9.15561e+16
6.09364e+16
3.48134e+16
1.12213e+16
3.23848e+16
9.34887e+16
1.49801e+17
1.97756e+17
2.35448e+17
2.6443e+17
2.87886e+17
3.08683e+17
3.28498e+17
3.47837e+17
3.66571e+17
3.84322e+17
4.00721e+17
4.1552e+17
4.28655e+17
4.40173e+17
4.50222e+17
4.59009e+17
4.66732e+17
4.73593e+17
4.79743e+17
4.85301e+17
4.90358e+17
4.94972e+17
4.99248e+17
5.03179e+17
5.06825e+17
5.10206e+17
5.13344e+17
5.16259e+17
5.18973e+17
5.21496e+17
5.23819e+17
5.25939e+17
5.27897e+17
5.29651e+17
5.31214e+17
5.32574e+17
5.33724e+17
5.34615e+17
5.35264e+17
5.35674e+17
5.35875e+17
5.35826e+17
5.35569e+17
5.3505e+17
5.34286e+17
5.33279e+17
5.31977e+17
5.30365e+17
5.28454e+17
5.2619e+17
5.23543e+17
5.205e+17
5.17099e+17
5.13291e+17
5.09082e+17
5.04407e+17
4.99272e+17
4.93631e+17
4.87454e+17
4.8059e+17
4.72951e+17
4.64432e+17
4.5484e+17
4.43893e+17
4.31229e+17
4.16369e+17
3.98628e+17
3.77041e+17
3.50297e+17
3.17071e+17
2.76727e+17
2.30424e+17
1.81709e+17
1.35524e+17
9.58116e+16
6.33536e+16
3.59749e+16
1.14789e+16
3.33342e+16
9.59349e+16
1.53334e+17
2.01806e+17
2.39556e+17
2.68526e+17
2.92162e+17
3.13323e+17
3.33536e+17
3.53159e+17
3.71989e+17
3.89625e+17
4.05722e+17
4.20107e+17
4.32774e+17
4.43818e+17
4.53432e+17
4.61833e+17
4.69217e+17
4.75801e+17
4.81718e+17
4.87069e+17
4.91921e+17
4.96384e+17
5.00516e+17
5.04311e+17
5.07827e+17
5.11095e+17
5.14132e+17
5.1697e+17
5.19585e+17
5.2204e+17
5.24266e+17
5.26309e+17
5.28215e+17
5.29932e+17
5.31442e+17
5.3275e+17
5.33857e+17
5.34705e+17
5.35377e+17
5.35835e+17
5.36055e+17
5.36032e+17
5.35824e+17
5.3534e+17
5.3464e+17
5.33675e+17
5.32463e+17
5.30924e+17
5.29173e+17
5.27063e+17
5.24568e+17
5.217e+17
5.18485e+17
5.14864e+17
5.1088e+17
5.06452e+17
5.01537e+17
4.96147e+17
4.90244e+17
4.83684e+17
4.76386e+17
4.68237e+17
4.59071e+17
4.48634e+17
4.36577e+17
4.22442e+17
4.0561e+17
3.85159e+17
3.59808e+17
3.28023e+17
2.88659e+17
2.42184e+17
1.91802e+17
1.42902e+17
1.00441e+17
6.59736e+16
3.72556e+16
1.17441e+16
3.44494e+16
9.87194e+16
1.57293e+17
2.06257e+17
2.44001e+17
2.72943e+17
2.96766e+17
3.18277e+17
3.38833e+17
3.58647e+17
3.77445e+17
3.94833e+17
4.10514e+17
4.24395e+17
4.36532e+17
4.47059e+17
4.56211e+17
4.64204e+17
4.71249e+17
4.77531e+17
4.83183e+17
4.88292e+17
4.92943e+17
4.97229e+17
5.01189e+17
5.04825e+17
5.08178e+17
5.11304e+17
5.14212e+17
5.16935e+17
5.19444e+17
5.21789e+17
5.23929e+17
5.25852e+17
5.27671e+17
5.2932e+17
5.30764e+17
5.31998e+17
5.33034e+17
5.33858e+17
5.34512e+17
5.34969e+17
5.35207e+17
5.35239e+17
5.35059e+17
5.34646e+17
5.33994e+17
5.33094e+17
5.31948e+17
5.30539e+17
5.28868e+17
5.26894e+17
5.24567e+17
5.21888e+17
5.18868e+17
5.15471e+17
5.11735e+17
5.07571e+17
5.02918e+17
4.97809e+17
4.92203e+17
4.8598e+17
4.79043e+17
4.71298e+17
4.62573e+17
4.52656e+17
4.41209e+17
4.278e+17
4.11848e+17
3.92498e+17
3.68537e+17
3.38338e+17
3.0031e+17
2.54153e+17
2.02479e+17
1.50918e+17
1.05507e+17
6.88312e+16
3.86768e+16
1.20323e+16
3.57727e+16
1.01922e+17
1.61745e+17
2.11173e+17
2.48849e+17
2.77731e+17
3.01735e+17
3.23567e+17
3.44383e+17
3.64259e+17
3.82877e+17
3.99863e+17
4.15015e+17
4.2831e+17
4.39839e+17
4.49808e+17
4.58469e+17
4.66035e+17
4.72713e+17
4.78671e+17
4.84033e+17
4.88877e+17
4.93318e+17
4.97383e+17
5.01149e+17
5.0458e+17
5.07757e+17
5.10721e+17
5.13457e+17
5.16028e+17
5.18395e+17
5.20589e+17
5.22606e+17
5.24421e+17
5.26105e+17
5.27628e+17
5.28983e+17
5.30157e+17
5.31127e+17
5.31929e+17
5.32545e+17
5.32975e+17
5.33208e+17
5.33227e+17
5.33061e+17
5.32691e+17
5.321e+17
5.31297e+17
5.30235e+17
5.28943e+17
5.27385e+17
5.25544e+17
5.23385e+17
5.20921e+17
5.18119e+17
5.14967e+17
5.11481e+17
5.07595e+17
5.03263e+17
4.98476e+17
4.932e+17
4.87324e+17
4.80785e+17
4.73482e+17
4.65227e+17
4.55846e+17
4.45021e+17
4.32339e+17
4.17272e+17
3.99001e+17
3.76405e+17
3.47867e+17
3.11486e+17
2.66179e+17
2.13697e+17
1.59625e+17
1.11076e+17
7.19511e+16
4.02762e+16
1.23741e+16
3.7355e+16
1.05641e+17
1.66797e+17
2.16623e+17
2.54148e+17
2.82942e+17
3.07107e+17
3.29198e+17
3.50156e+17
3.69926e+17
3.88181e+17
4.04608e+17
4.19101e+17
4.31706e+17
4.42572e+17
4.51948e+17
4.60083e+17
4.672e+17
4.73482e+17
4.79093e+17
4.84133e+17
4.88677e+17
4.92855e+17
4.96695e+17
5.00218e+17
5.03425e+17
5.06393e+17
5.0915e+17
5.11698e+17
5.14076e+17
5.16257e+17
5.18276e+17
5.20145e+17
5.21836e+17
5.2336e+17
5.24733e+17
5.25964e+17
5.27047e+17
5.27948e+17
5.2868e+17
5.29248e+17
5.29652e+17
5.29871e+17
5.299e+17
5.29746e+17
5.29415e+17
5.28874e+17
5.28116e+17
5.27152e+17
5.25948e+17
5.24508e+17
5.22807e+17
5.20836e+17
5.1857e+17
5.15997e+17
5.13125e+17
5.0993e+17
5.06359e+17
5.02368e+17
4.97932e+17
4.93018e+17
4.87546e+17
4.81446e+17
4.74625e+17
4.66863e+17
4.58046e+17
4.4786e+17
4.35931e+17
4.21751e+17
4.04557e+17
3.83311e+17
3.56466e+17
3.21986e+17
2.78063e+17
2.25377e+17
1.69078e+17
1.17239e+17
7.53866e+16
4.20922e+16
1.2779e+16
3.92956e+16
1.09999e+17
1.72559e+17
2.22689e+17
2.59962e+17
2.8862e+17
3.12895e+17
3.35137e+17
3.56055e+17
3.75503e+17
3.93195e+17
4.08896e+17
4.22596e+17
4.34414e+17
4.4456e+17
4.53298e+17
4.60883e+17
4.67511e+17
4.73354e+17
4.78578e+17
4.83282e+17
4.87504e+17
4.9136e+17
4.94921e+17
4.98169e+17
5.01142e+17
5.03866e+17
5.06383e+17
5.0871e+17
5.1086e+17
5.12843e+17
5.14661e+17
5.16334e+17
5.17861e+17
5.19239e+17
5.20464e+17
5.21551e+17
5.22493e+17
5.23289e+17
5.23935e+17
5.24438e+17
5.24791e+17
5.24981e+17
5.25004e+17
5.2485e+17
5.24526e+17
5.24017e+17
5.2333e+17
5.22447e+17
5.21349e+17
5.2004e+17
5.18507e+17
5.16725e+17
5.14688e+17
5.12381e+17
5.09785e+17
5.0688e+17
5.03628e+17
4.99992e+17
4.95943e+17
4.91452e+17
4.86421e+17
4.80785e+17
4.74449e+17
4.67255e+17
4.5905e+17
4.49521e+17
4.38377e+17
4.25104e+17
4.09009e+17
3.89119e+17
3.63974e+17
3.3156e+17
2.8954e+17
2.37371e+17
1.7931e+17
1.24105e+17
7.91997e+16
4.41725e+16
1.33176e+16
4.16965e+16
1.15151e+17
1.79147e+17
2.29447e+17
2.66333e+17
2.94784e+17
3.19071e+17
3.41282e+17
3.61911e+17
3.80786e+17
3.97673e+17
4.12458e+17
4.25231e+17
4.36181e+17
4.45562e+17
4.53612e+17
4.60588e+17
4.66691e+17
4.72082e+17
4.76867e+17
4.81189e+17
4.85067e+17
4.88573e+17
4.91798e+17
4.94748e+17
4.97444e+17
4.99917e+17
5.02171e+17
5.04248e+17
5.06157e+17
5.07911e+17
5.09514e+17
5.10974e+17
5.12309e+17
5.13501e+17
5.14566e+17
5.15504e+17
5.16314e+17
5.16994e+17
5.17541e+17
5.17945e+17
5.18219e+17
5.18356e+17
5.18345e+17
5.1819e+17
5.17885e+17
5.17416e+17
5.16788e+17
5.15982e+17
5.14999e+17
5.13827e+17
5.12458e+17
5.10872e+17
5.09058e+17
5.07004e+17
5.04686e+17
5.02081e+17
4.99163e+17
4.95907e+17
4.92265e+17
4.88197e+17
4.83627e+17
4.78496e+17
4.72703e+17
4.66101e+17
4.58519e+17
4.49712e+17
4.39406e+17
4.27064e+17
4.12103e+17
3.93585e+17
3.7016e+17
3.39923e+17
3.00259e+17
2.49432e+17
1.90305e+17
1.318e+17
8.34673e+16
4.65682e+16
1.41265e+16
4.4705e+16
1.21276e+17
1.86688e+17
2.36959e+17
2.73286e+17
3.01395e+17
3.25513e+17
3.47414e+17
3.67428e+17
3.85403e+17
4.01228e+17
4.14919e+17
4.26654e+17
4.36629e+17
4.45157e+17
4.52496e+17
4.58838e+17
4.64366e+17
4.69245e+17
4.73576e+17
4.77463e+17
4.80955e+17
4.84099e+17
4.86958e+17
4.89571e+17
4.91949e+17
4.94136e+17
4.9613e+17
4.97943e+17
4.99603e+17
5.01112e+17
5.02482e+17
5.03722e+17
5.04845e+17
5.05845e+17
5.0673e+17
5.07509e+17
5.08171e+17
5.0871e+17
5.09137e+17
5.0945e+17
5.09647e+17
5.09726e+17
5.09682e+17
5.09508e+17
5.09207e+17
5.08771e+17
5.08195e+17
5.07471e+17
5.06595e+17
5.05553e+17
5.04338e+17
5.02935e+17
5.01338e+17
4.99527e+17
4.97485e+17
4.95189e+17
4.92616e+17
4.89738e+17
4.86503e+17
4.82876e+17
4.78794e+17
4.74184e+17
4.68942e+17
4.62949e+17
4.56052e+17
4.48024e+17
4.38559e+17
4.27212e+17
4.13446e+17
3.96338e+17
3.74676e+17
3.4669e+17
3.09755e+17
2.61146e+17
2.01934e+17
1.40448e+17
8.82957e+16
4.93164e+16
1.54065e+16
4.85159e+16
1.28567e+17
1.95284e+17
2.4524e+17
2.80763e+17
3.08308e+17
3.31935e+17
3.53107e+17
3.7208e+17
3.88809e+17
4.03318e+17
4.15679e+17
4.2622e+17
4.3518e+17
4.42802e+17
4.49358e+17
4.55017e+17
4.59944e+17
4.64277e+17
4.68106e+17
4.71528e+17
4.74595e+17
4.77359e+17
4.79851e+17
4.82107e+17
4.8415e+17
4.86013e+17
4.87711e+17
4.89252e+17
4.90649e+17
4.91915e+17
4.93054e+17
4.94082e+17
4.94994e+17
4.958e+17
4.96504e+17
4.97109e+17
4.97617e+17
4.98029e+17
4.98341e+17
4.98556e+17
4.98671e+17
4.98686e+17
4.98598e+17
4.98405e+17
4.981e+17
4.97687e+17
4.97153e+17
4.96496e+17
4.95712e+17
4.94788e+17
4.93716e+17
4.92488e+17
4.91089e+17
4.89504e+17
4.87724e+17
4.85725e+17
4.83481e+17
4.80958e+17
4.78121e+17
4.74927e+17
4.71322e+17
4.67223e+17
4.62551e+17
4.57191e+17
4.50993e+17
4.43751e+17
4.35189e+17
4.24906e+17
4.1236e+17
3.96755e+17
3.76942e+17
3.51283e+17
3.17353e+17
2.71836e+17
2.13841e+17
1.5011e+17
9.3815e+16
5.24383e+16
1.74618e+16
5.34642e+16
1.37365e+17
2.05075e+17
2.54266e+17
2.88579e+17
3.15132e+17
3.37743e+17
3.57628e+17
3.75068e+17
3.90078e+17
4.02929e+17
4.13839e+17
4.23052e+17
4.30872e+17
4.37532e+17
4.43243e+17
4.48183e+17
4.52476e+17
4.56228e+17
4.59533e+17
4.62471e+17
4.65092e+17
4.67442e+17
4.69553e+17
4.71447e+17
4.73158e+17
4.74703e+17
4.76097e+17
4.77356e+17
4.7849e+17
4.79506e+17
4.80414e+17
4.81222e+17
4.81936e+17
4.82555e+17
4.83091e+17
4.83535e+17
4.83899e+17
4.84181e+17
4.84383e+17
4.84506e+17
4.84546e+17
4.84496e+17
4.84364e+17
4.84138e+17
4.8383e+17
4.83424e+17
4.82919e+17
4.82314e+17
4.81601e+17
4.80771e+17
4.79815e+17
4.7873e+17
4.775e+17
4.76117e+17
4.74559e+17
4.72811e+17
4.70853e+17
4.68652e+17
4.66176e+17
4.63383e+17
4.60224e+17
4.56627e+17
4.5252e+17
4.47786e+17
4.42294e+17
4.35859e+17
4.28219e+17
4.19021e+17
4.07779e+17
3.93771e+17
3.75917e+17
3.5274e+17
3.22015e+17
2.80381e+17
2.25194e+17
1.60617e+17
1.00151e+17
5.58857e+16
2.06777e+16
5.94835e+16
1.47426e+17
2.15736e+17
2.63545e+17
2.96027e+17
3.20927e+17
3.41763e+17
3.59524e+17
3.74748e+17
3.87678e+17
3.98561e+17
4.07762e+17
4.15519e+17
4.22096e+17
4.27702e+17
4.32506e+17
4.36655e+17
4.40266e+17
4.43422e+17
4.46193e+17
4.48637e+17
4.50804e+17
4.52733e+17
4.54454e+17
4.55994e+17
4.57372e+17
4.58603e+17
4.59709e+17
4.60696e+17
4.61575e+17
4.62354e+17
4.63038e+17
4.63638e+17
4.64155e+17
4.64594e+17
4.64959e+17
4.65252e+17
4.65473e+17
4.65629e+17
4.65717e+17
4.65734e+17
4.65685e+17
4.65563e+17
4.6537e+17
4.65104e+17
4.64765e+17
4.64349e+17
4.63852e+17
4.6327e+17
4.62598e+17
4.61831e+17
4.60959e+17
4.59977e+17
4.58876e+17
4.57642e+17
4.56262e+17
4.54721e+17
4.52998e+17
4.51067e+17
4.48901e+17
4.46459e+17
4.43701e+17
4.40566e+17
4.36981e+17
4.32848e+17
4.28047e+17
4.22413e+17
4.15715e+17
4.07639e+17
3.97751e+17
3.85415e+17
3.69702e+17
3.49228e+17
3.21958e+17
2.84862e+17
2.3427e+17
1.71158e+17
1.07272e+17
5.945e+16
2.54096e+16
6.66142e+16
1.60209e+17
2.28151e+17
2.73487e+17
3.02887e+17
3.24623e+17
3.42307e+17
3.57023e+17
3.69241e+17
3.79459e+17
3.8799e+17
3.95152e+17
4.01192e+17
4.0632e+17
4.107e+17
4.14457e+17
4.17698e+17
4.20515e+17
4.22974e+17
4.2513e+17
4.27027e+17
4.28701e+17
4.30177e+17
4.31485e+17
4.32644e+17
4.33672e+17
4.34581e+17
4.35382e+17
4.36085e+17
4.36697e+17
4.37226e+17
4.37679e+17
4.38061e+17
4.38375e+17
4.38626e+17
4.38813e+17
4.38942e+17
4.39012e+17
4.39024e+17
4.38979e+17
4.38877e+17
4.38718e+17
4.38498e+17
4.38222e+17
4.37884e+17
4.37484e+17
4.37021e+17
4.3649e+17
4.35887e+17
4.35214e+17
4.34458e+17
4.33618e+17
4.32685e+17
4.31653e+17
4.3051e+17
4.29248e+17
4.2785e+17
4.263e+17
4.24578e+17
4.22661e+17
4.20514e+17
4.18099e+17
4.15366e+17
4.12252e+17
4.08676e+17
4.04532e+17
3.99677e+17
3.93919e+17
3.86991e+17
3.78517e+17
3.6796e+17
3.5453e+17
3.37052e+17
3.13718e+17
2.81737e+17
2.37544e+17
1.79314e+17
1.14435e+17
6.2523e+16
3.15047e+16
6.52825e+16
1.63195e+17
2.33014e+17
2.74974e+17
2.99958e+17
3.17787e+17
3.31457e+17
3.42371e+17
3.51187e+17
3.58394e+17
3.64335e+17
3.6927e+17
3.73405e+17
3.76895e+17
3.79859e+17
3.82393e+17
3.84571e+17
3.8645e+17
3.88076e+17
3.89487e+17
3.90714e+17
3.91781e+17
3.92708e+17
3.9351e+17
3.94206e+17
3.94804e+17
3.95314e+17
3.95741e+17
3.96096e+17
3.96383e+17
3.96605e+17
3.9677e+17
3.96879e+17
3.96935e+17
3.96941e+17
3.96898e+17
3.96809e+17
3.96673e+17
3.96492e+17
3.96266e+17
3.95993e+17
3.95672e+17
3.95307e+17
3.94893e+17
3.9443e+17
3.93921e+17
3.93361e+17
3.92748e+17
3.92079e+17
3.91349e+17
3.90557e+17
3.89698e+17
3.88762e+17
3.87745e+17
3.86638e+17
3.85432e+17
3.84117e+17
3.82681e+17
3.81104e+17
3.79368e+17
3.77446e+17
3.75306e+17
3.7291e+17
3.70209e+17
3.67135e+17
3.63607e+17
3.5951e+17
3.54689e+17
3.48938e+17
3.41958e+17
3.33325e+17
3.22414e+17
3.08276e+17
2.89437e+17
2.6359e+17
2.2754e+17
1.78712e+17
1.18607e+17
6.37812e+16
3.76639e+16
1.0723e+17
2.15546e+17
2.55371e+17
2.77042e+17
2.90779e+17
3.00369e+17
3.07231e+17
3.12263e+17
3.16041e+17
3.18931e+17
3.21171e+17
3.22917e+17
3.24283e+17
3.2535e+17
3.26179e+17
3.26816e+17
3.27292e+17
3.27635e+17
3.27865e+17
3.28e+17
3.28051e+17
3.28031e+17
3.27946e+17
3.27804e+17
3.27611e+17
3.27373e+17
3.27094e+17
3.26775e+17
3.26422e+17
3.26035e+17
3.25616e+17
3.25168e+17
3.24691e+17
3.24185e+17
3.23655e+17
3.23099e+17
3.22519e+17
3.21913e+17
3.21282e+17
3.20626e+17
3.19945e+17
3.19237e+17
3.18502e+17
3.17739e+17
3.16949e+17
3.16126e+17
3.15268e+17
3.14373e+17
3.13438e+17
3.12462e+17
3.1144e+17
3.1037e+17
3.09247e+17
3.08066e+17
3.06824e+17
3.05511e+17
3.04123e+17
3.0265e+17
3.01079e+17
2.99397e+17
2.97588e+17
2.95629e+17
2.93495e+17
2.91152e+17
2.88556e+17
2.8565e+17
2.82356e+17
2.78573e+17
2.74157e+17
2.68906e+17
2.62524e+17
2.54585e+17
2.44436e+17
2.31076e+17
2.12994e+17
1.88194e+17
1.54415e+17
1.10674e+17
6.1045e+16
4.25446e+16
2.40911e+16
9.74002e+16
1.37153e+17
1.567e+17
1.67924e+17
1.75023e+17
1.79556e+17
1.82392e+17
1.84093e+17
1.85019e+17
1.85404e+17
1.85404e+17
1.85126e+17
1.84644e+17
1.84011e+17
1.83266e+17
1.82437e+17
1.81543e+17
1.80601e+17
1.79622e+17
1.78616e+17
1.77588e+17
1.76545e+17
1.75492e+17
1.7443e+17
1.73365e+17
1.72297e+17
1.71228e+17
1.7016e+17
1.69094e+17
1.68031e+17
1.66971e+17
1.65914e+17
1.64862e+17
1.63814e+17
1.62771e+17
1.61731e+17
1.60697e+17
1.59666e+17
1.58639e+17
1.57615e+17
1.56594e+17
1.55575e+17
1.54558e+17
1.53542e+17
1.52524e+17
1.51505e+17
1.50484e+17
1.49459e+17
1.48429e+17
1.47394e+17
1.46351e+17
1.45301e+17
1.44239e+17
1.43165e+17
1.42075e+17
1.40967e+17
1.39839e+17
1.38685e+17
1.375e+17
1.3628e+17
1.35014e+17
1.33695e+17
1.3231e+17
1.30844e+17
1.29277e+17
1.27583e+17
1.25725e+17
1.23656e+17
1.21306e+17
1.18581e+17
1.15345e+17
1.11404e+17
1.06481e+17
1.00195e+17
9.21599e+16
8.21021e+16
6.91627e+16
4.62768e+16
4.05778e+16
)
;

boundaryField
{
    movingWall
    {
        type            fixedValue;
        value           uniform 0;
    }
    fixedWalls
    {
        type            fixedValue;
        value           uniform 0;
    }
    frontAndBack
    {
        type            empty;
    }
}


// ************************************************************************* //
