/*--------------------------------*- C++ -*----------------------------------*\
  =========                 |
  \\      /  F ield         | OpenFOAM: The Open Source CFD Toolbox
   \\    /   O peration     | Website:  https://openfoam.org
    \\  /    A nd           | Version:  6
     \\/     M anipulation  |
\*---------------------------------------------------------------------------*/
FoamFile
{
    version     2.0;
    format      ascii;
    class       volScalarField;
    location    "600";
    object      dnp2;
}
// * * * * * * * * * * * * * * * * * * * * * * * * * * * * * * * * * * * * * //

dimensions      [0 -3 0 0 0 0 0];

internalField   nonuniform List<scalar> 
6400
(
8.36964e+14
2.2869e+15
3.61609e+15
4.85644e+15
6.02203e+15
7.12104e+15
8.15886e+15
9.19404e+15
1.01918e+16
1.11382e+16
1.20603e+16
1.30171e+16
1.39239e+16
1.48029e+16
1.57128e+16
1.65711e+16
1.74018e+16
1.8152e+16
1.89181e+16
1.96245e+16
2.03353e+16
2.09774e+16
2.15391e+16
2.21318e+16
2.27328e+16
2.32308e+16
2.37402e+16
2.41894e+16
2.46385e+16
2.50203e+16
2.54394e+16
2.56865e+16
2.60013e+16
2.62356e+16
2.64689e+16
2.66132e+16
2.68127e+16
2.68792e+16
2.6951e+16
2.69787e+16
2.70702e+16
2.7008e+16
2.69662e+16
2.6795e+16
2.66481e+16
2.65058e+16
2.63787e+16
2.6155e+16
2.58835e+16
2.56561e+16
2.53145e+16
2.50069e+16
2.45484e+16
2.40782e+16
2.3566e+16
2.30421e+16
2.24799e+16
2.19123e+16
2.12739e+16
2.05952e+16
1.98777e+16
1.91552e+16
1.83975e+16
1.76157e+16
1.68501e+16
1.60137e+16
1.51622e+16
1.42231e+16
1.3322e+16
1.23619e+16
1.13619e+16
1.03195e+16
9.23803e+15
8.17799e+15
7.07732e+15
5.96734e+15
4.78097e+15
3.55322e+15
2.26701e+15
8.25095e+14
2.35755e+15
6.55531e+15
1.04339e+16
1.40462e+16
1.73806e+16
2.05657e+16
2.35875e+16
2.65672e+16
2.94746e+16
3.21637e+16
3.48539e+16
3.75575e+16
4.025e+16
4.27871e+16
4.53908e+16
4.7892e+16
5.02124e+16
5.24557e+16
5.45977e+16
5.66875e+16
5.86446e+16
6.05627e+16
6.22304e+16
6.39444e+16
6.56477e+16
6.71297e+16
6.85531e+16
6.9868e+16
7.1138e+16
7.21574e+16
7.32139e+16
7.40784e+16
7.50039e+16
7.56073e+16
7.6261e+16
7.67829e+16
7.72412e+16
7.75085e+16
7.77149e+16
7.78325e+16
7.7938e+16
7.7884e+16
7.76564e+16
7.72707e+16
7.68382e+16
7.64202e+16
7.59992e+16
7.53297e+16
7.46536e+16
7.3885e+16
7.29814e+16
7.19558e+16
7.07751e+16
6.94139e+16
6.79551e+16
6.64328e+16
6.48261e+16
6.31668e+16
6.14038e+16
5.9433e+16
5.73715e+16
5.52893e+16
5.31063e+16
5.08421e+16
4.86437e+16
4.62831e+16
4.37558e+16
4.11252e+16
3.84202e+16
3.5711e+16
3.28137e+16
2.98022e+16
2.66927e+16
2.36117e+16
2.04331e+16
1.71461e+16
1.37635e+16
1.02016e+16
6.46765e+15
2.31159e+15
3.79355e+15
1.06323e+16
1.6921e+16
2.27976e+16
2.82003e+16
3.33662e+16
3.83092e+16
4.31236e+16
4.78128e+16
5.22129e+16
5.65598e+16
6.09061e+16
6.5244e+16
6.94407e+16
7.36496e+16
7.76297e+16
8.13718e+16
8.50005e+16
8.8532e+16
9.19142e+16
9.50714e+16
9.81612e+16
1.00892e+17
1.03687e+17
1.06384e+17
1.08799e+17
1.11051e+17
1.13245e+17
1.15119e+17
1.16792e+17
1.18466e+17
1.19967e+17
1.21273e+17
1.22398e+17
1.23416e+17
1.24291e+17
1.24976e+17
1.25409e+17
1.25589e+17
1.25816e+17
1.25891e+17
1.2583e+17
1.25481e+17
1.2495e+17
1.24282e+17
1.23574e+17
1.2281e+17
1.21801e+17
1.20657e+17
1.19396e+17
1.17939e+17
1.16234e+17
1.14375e+17
1.12243e+17
1.09933e+17
1.07502e+17
1.04881e+17
1.02232e+17
9.93579e+16
9.62316e+16
9.28904e+16
8.95616e+16
8.60421e+16
8.23789e+16
7.87722e+16
7.49665e+16
7.08974e+16
6.66766e+16
6.22529e+16
5.7832e+16
5.31695e+16
4.83254e+16
4.32862e+16
3.82992e+16
3.30824e+16
2.77481e+16
2.22835e+16
1.64878e+16
1.03735e+16
3.69966e+15
5.16305e+15
1.45487e+16
2.31925e+16
3.12145e+16
3.86619e+16
4.57343e+16
5.25074e+16
5.90574e+16
6.54663e+16
7.15505e+16
7.74771e+16
8.3377e+16
8.92019e+16
9.50668e+16
1.00683e+17
1.06065e+17
1.11211e+17
1.1616e+17
1.2099e+17
1.25548e+17
1.29951e+17
1.34058e+17
1.37879e+17
1.41702e+17
1.45275e+17
1.48564e+17
1.51442e+17
1.54329e+17
1.56928e+17
1.59253e+17
1.61513e+17
1.63452e+17
1.6518e+17
1.66771e+17
1.68107e+17
1.69262e+17
1.70183e+17
1.70791e+17
1.71071e+17
1.71307e+17
1.71382e+17
1.71227e+17
1.70706e+17
1.69934e+17
1.69125e+17
1.68169e+17
1.67048e+17
1.65735e+17
1.64163e+17
1.62332e+17
1.60305e+17
1.57996e+17
1.55499e+17
1.52707e+17
1.49635e+17
1.46359e+17
1.42854e+17
1.39117e+17
1.35191e+17
1.31068e+17
1.2659e+17
1.21976e+17
1.17206e+17
1.12328e+17
1.07397e+17
1.0216e+17
9.66936e+16
9.09997e+16
8.49346e+16
7.88102e+16
7.24419e+16
6.58463e+16
5.90578e+16
5.21541e+16
4.50737e+16
3.78008e+16
3.03362e+16
2.24512e+16
1.40502e+16
4.99635e+15
6.49625e+15
1.83933e+16
2.92529e+16
3.93684e+16
4.87676e+16
5.77279e+16
6.62666e+16
7.45171e+16
8.25044e+16
9.02318e+16
9.77439e+16
1.0508e+17
1.12411e+17
1.19769e+17
1.26822e+17
1.33519e+17
1.39999e+17
1.46204e+17
1.52142e+17
1.57914e+17
1.63338e+17
1.68496e+17
1.73374e+17
1.78106e+17
1.82554e+17
1.86609e+17
1.90249e+17
1.93709e+17
1.96887e+17
1.99835e+17
2.0242e+17
2.04818e+17
2.07027e+17
2.08849e+17
2.10555e+17
2.11918e+17
2.13037e+17
2.13872e+17
2.14246e+17
2.14459e+17
2.14409e+17
2.14133e+17
2.13477e+17
2.12542e+17
2.11436e+17
2.10341e+17
2.08874e+17
2.07073e+17
2.05122e+17
2.02711e+17
2.00144e+17
1.97175e+17
1.94145e+17
1.90839e+17
1.87016e+17
1.82948e+17
1.78574e+17
1.73853e+17
1.68963e+17
1.63898e+17
1.58396e+17
1.52555e+17
1.46656e+17
1.4058e+17
1.34397e+17
1.27916e+17
1.21142e+17
1.14008e+17
1.06391e+17
9.86983e+16
9.06654e+16
8.24023e+16
7.3984e+16
6.5257e+16
5.63754e+16
4.73407e+16
3.79763e+16
2.81271e+16
1.75662e+16
6.22882e+15
7.80243e+15
2.20914e+16
3.52171e+16
4.73829e+16
5.86454e+16
6.93967e+16
7.96674e+16
8.95853e+16
9.91355e+16
1.0841e+17
1.17409e+17
1.26239e+17
1.35044e+17
1.43761e+17
1.52111e+17
1.60052e+17
1.67843e+17
1.75238e+17
1.82342e+17
1.89265e+17
1.9571e+17
2.0178e+17
2.07525e+17
2.13106e+17
2.18313e+17
2.23137e+17
2.27456e+17
2.31458e+17
2.3516e+17
2.38582e+17
2.41526e+17
2.44375e+17
2.46934e+17
2.49083e+17
2.50986e+17
2.52515e+17
2.53748e+17
2.54583e+17
2.54997e+17
2.55009e+17
2.54944e+17
2.545e+17
2.53663e+17
2.52657e+17
2.51337e+17
2.4989e+17
2.48004e+17
2.45787e+17
2.43299e+17
2.4042e+17
2.3731e+17
2.33846e+17
2.3013e+17
2.26113e+17
2.21708e+17
2.17006e+17
2.1184e+17
2.0625e+17
2.00485e+17
1.94565e+17
1.88146e+17
1.81302e+17
1.74333e+17
1.67083e+17
1.59759e+17
1.52119e+17
1.44136e+17
1.35565e+17
1.26613e+17
1.17472e+17
1.07921e+17
9.8105e+16
8.80636e+16
7.77167e+16
6.71569e+16
5.64263e+16
4.52563e+16
3.35429e+16
2.09576e+16
7.43429e+15
9.06538e+15
2.5697e+16
4.10516e+16
5.52334e+16
6.83685e+16
8.08729e+16
9.28217e+16
1.04326e+17
1.15433e+17
1.26252e+17
1.36693e+17
1.46979e+17
1.57186e+17
1.67128e+17
1.76716e+17
1.86023e+17
1.94939e+17
2.03605e+17
2.11855e+17
2.19677e+17
2.26989e+17
2.33995e+17
2.4054e+17
2.4681e+17
2.52758e+17
2.58297e+17
2.63306e+17
2.67702e+17
2.71778e+17
2.7568e+17
2.79024e+17
2.82109e+17
2.84823e+17
2.87162e+17
2.89229e+17
2.90827e+17
2.92138e+17
2.92802e+17
2.93068e+17
2.93137e+17
2.92891e+17
2.92272e+17
2.9128e+17
2.90036e+17
2.8831e+17
2.86478e+17
2.84309e+17
2.81641e+17
2.78609e+17
2.75236e+17
2.71584e+17
2.67654e+17
2.63423e+17
2.58589e+17
2.53611e+17
2.48407e+17
2.42516e+17
2.36164e+17
2.29542e+17
2.22827e+17
2.15576e+17
2.07895e+17
1.99898e+17
1.91692e+17
1.83329e+17
1.7458e+17
1.65558e+17
1.55794e+17
1.4557e+17
1.35115e+17
1.24154e+17
1.12936e+17
1.01411e+17
8.95477e+16
7.73978e+16
6.50325e+16
5.21414e+16
3.8719e+16
2.42507e+16
8.60739e+15
1.03175e+16
2.92866e+16
4.68203e+16
6.29923e+16
7.80208e+16
9.22692e+16
1.05866e+17
1.1887e+17
1.31555e+17
1.4383e+17
1.55713e+17
1.67383e+17
1.78971e+17
1.90119e+17
2.00979e+17
2.11501e+17
2.21643e+17
2.31371e+17
2.40503e+17
2.49248e+17
2.57407e+17
2.65205e+17
2.72619e+17
2.79569e+17
2.86058e+17
2.92074e+17
2.97593e+17
3.0236e+17
3.07089e+17
3.11189e+17
3.14682e+17
3.17932e+17
3.20776e+17
3.23189e+17
3.25251e+17
3.26763e+17
3.28014e+17
3.28648e+17
3.28862e+17
3.28695e+17
3.28166e+17
3.27211e+17
3.25963e+17
3.24471e+17
3.22284e+17
3.19967e+17
3.17475e+17
3.14335e+17
3.10909e+17
3.06979e+17
3.02909e+17
2.98428e+17
2.93431e+17
2.88205e+17
2.82634e+17
2.76751e+17
2.70296e+17
2.63464e+17
2.56115e+17
2.48449e+17
2.40438e+17
2.32061e+17
2.23321e+17
2.14235e+17
2.04992e+17
1.95286e+17
1.85152e+17
1.74425e+17
1.63198e+17
1.51492e+17
1.39386e+17
1.26874e+17
1.14004e+17
1.00704e+17
8.71692e+16
7.32228e+16
5.87379e+16
4.36318e+16
2.73505e+16
9.69297e+15
1.15459e+16
3.27899e+16
5.25019e+16
7.06656e+16
8.76037e+16
1.03487e+17
1.18752e+17
1.33345e+17
1.47452e+17
1.61205e+17
1.74579e+17
1.87466e+17
2.0037e+17
2.12947e+17
2.24996e+17
2.36441e+17
2.47756e+17
2.58608e+17
2.68591e+17
2.78142e+17
2.87159e+17
2.95606e+17
3.0363e+17
3.11308e+17
3.18211e+17
3.24658e+17
3.30521e+17
3.35669e+17
3.40549e+17
3.4486e+17
3.48666e+17
3.51977e+17
3.54907e+17
3.57156e+17
3.59024e+17
3.60466e+17
3.61518e+17
3.61988e+17
3.61996e+17
3.6152e+17
3.60618e+17
3.59331e+17
3.57629e+17
3.55644e+17
3.53221e+17
3.50419e+17
3.47408e+17
3.4386e+17
3.40069e+17
3.3571e+17
3.31007e+17
3.25936e+17
3.20524e+17
3.14838e+17
3.08673e+17
3.02194e+17
2.95174e+17
2.87733e+17
2.79823e+17
2.71611e+17
2.62872e+17
2.53982e+17
2.44599e+17
2.34792e+17
2.24602e+17
2.14116e+17
2.03106e+17
1.91408e+17
1.79263e+17
1.66612e+17
1.53565e+17
1.39948e+17
1.2576e+17
1.11222e+17
9.63701e+16
8.10383e+16
6.50339e+16
4.82732e+16
3.02401e+16
1.07262e+16
1.27883e+16
3.62412e+16
5.80554e+16
7.82166e+16
9.70152e+16
1.14657e+17
1.31515e+17
1.47609e+17
1.63265e+17
1.78482e+17
1.93278e+17
2.07444e+17
2.21413e+17
2.35304e+17
2.48549e+17
2.61217e+17
2.73483e+17
2.85141e+17
2.96086e+17
3.06455e+17
3.16201e+17
3.25216e+17
3.33832e+17
3.41958e+17
3.49365e+17
3.56145e+17
3.6216e+17
3.6761e+17
3.72597e+17
3.76914e+17
3.80751e+17
3.84006e+17
3.86764e+17
3.8888e+17
3.90615e+17
3.91687e+17
3.92458e+17
3.92555e+17
3.92234e+17
3.91563e+17
3.90298e+17
3.88539e+17
3.86475e+17
3.83949e+17
3.81139e+17
3.77873e+17
3.74374e+17
3.7036e+17
3.66046e+17
3.61235e+17
3.56077e+17
3.50499e+17
3.44624e+17
3.38377e+17
3.31658e+17
3.24697e+17
3.17019e+17
3.09107e+17
3.00903e+17
2.92159e+17
2.82919e+17
2.7328e+17
2.63375e+17
2.53077e+17
2.42402e+17
2.31261e+17
2.19371e+17
2.06925e+17
1.93903e+17
1.80532e+17
1.6657e+17
1.51938e+17
1.36643e+17
1.21072e+17
1.05017e+17
8.84134e+16
7.09913e+16
5.26723e+16
3.30404e+16
1.16915e+16
1.40538e+16
3.97276e+16
6.35925e+16
8.56946e+16
1.0628e+17
1.25727e+17
1.442e+17
1.61814e+17
1.78973e+17
1.95613e+17
2.11829e+17
2.27184e+17
2.42242e+17
2.57289e+17
2.71713e+17
2.85463e+17
2.98665e+17
3.11135e+17
3.22956e+17
3.34114e+17
3.44421e+17
3.54048e+17
3.62929e+17
3.71271e+17
3.79116e+17
3.86102e+17
3.9232e+17
3.97783e+17
4.02836e+17
4.07029e+17
4.10711e+17
4.13775e+17
4.16339e+17
4.18298e+17
4.19715e+17
4.20497e+17
4.20828e+17
4.20641e+17
4.19883e+17
4.18909e+17
4.17052e+17
4.1487e+17
4.12354e+17
4.09272e+17
4.05958e+17
4.02197e+17
3.9828e+17
3.93765e+17
3.88899e+17
3.83645e+17
3.7799e+17
3.71862e+17
3.65505e+17
3.58801e+17
3.51698e+17
3.44145e+17
3.36035e+17
3.27908e+17
3.19254e+17
3.1022e+17
3.00659e+17
2.90502e+17
2.80204e+17
2.69378e+17
2.58168e+17
2.46487e+17
2.33963e+17
2.20871e+17
2.07383e+17
1.93217e+17
1.78511e+17
1.63081e+17
1.46939e+17
1.30364e+17
1.13225e+17
9.53849e+16
7.66309e+16
5.6911e+16
3.56947e+16
1.26314e+16
1.53299e+16
4.32384e+16
6.91111e+16
9.31835e+16
1.15636e+17
1.36759e+17
1.5684e+17
1.75973e+17
1.94444e+17
2.12517e+17
2.30019e+17
2.46761e+17
2.6298e+17
2.79087e+17
2.94579e+17
3.09439e+17
3.23507e+17
3.3669e+17
3.4919e+17
3.60891e+17
3.71753e+17
3.81916e+17
3.91024e+17
3.99801e+17
4.07737e+17
4.1468e+17
4.20914e+17
4.26325e+17
4.31154e+17
4.35423e+17
4.38905e+17
4.41741e+17
4.43987e+17
4.45432e+17
4.4635e+17
4.46838e+17
4.46768e+17
4.45956e+17
4.44691e+17
4.43177e+17
4.40971e+17
4.3838e+17
4.35237e+17
4.31702e+17
4.27868e+17
4.23725e+17
4.19137e+17
4.14114e+17
4.08821e+17
4.03032e+17
3.96933e+17
3.90374e+17
3.83562e+17
3.76493e+17
3.68933e+17
3.60951e+17
3.52701e+17
3.44018e+17
3.35039e+17
3.25815e+17
3.16018e+17
3.05617e+17
2.94849e+17
2.83658e+17
2.71968e+17
2.59763e+17
2.46952e+17
2.33427e+17
2.19444e+17
2.04767e+17
1.89407e+17
1.73412e+17
1.56489e+17
1.38992e+17
1.20868e+17
1.01929e+17
8.20643e+16
6.09541e+16
3.82476e+16
1.35502e+16
1.65393e+16
4.67402e+16
7.46789e+16
1.00645e+17
1.24963e+17
1.47823e+17
1.69459e+17
1.90198e+17
2.09947e+17
2.29394e+17
2.48202e+17
2.66284e+17
2.83807e+17
3.00851e+17
3.17184e+17
3.32963e+17
3.47713e+17
3.61577e+17
3.74708e+17
3.86931e+17
3.98334e+17
4.08903e+17
4.18296e+17
4.27192e+17
4.35167e+17
4.41957e+17
4.48042e+17
4.53322e+17
4.57962e+17
4.61905e+17
4.65e+17
4.67404e+17
4.69256e+17
4.70439e+17
4.70749e+17
4.70825e+17
4.70039e+17
4.68789e+17
4.67155e+17
4.64963e+17
4.6236e+17
4.59087e+17
4.55627e+17
4.51587e+17
4.47312e+17
4.42527e+17
4.3746e+17
4.32006e+17
4.26132e+17
4.1987e+17
4.13278e+17
4.06281e+17
3.99031e+17
3.91426e+17
3.83548e+17
3.75303e+17
3.66735e+17
3.57786e+17
3.48457e+17
3.38908e+17
3.28921e+17
3.18458e+17
3.07287e+17
2.95902e+17
2.83873e+17
2.71419e+17
2.58352e+17
2.44586e+17
2.30371e+17
2.15178e+17
1.99311e+17
1.82793e+17
1.65301e+17
1.46986e+17
1.28043e+17
1.08094e+17
8.71254e+16
6.47896e+16
4.0715e+16
1.44176e+16
1.77297e+16
5.02289e+16
8.02212e+16
1.08133e+17
1.34325e+17
1.58894e+17
1.82052e+17
2.04189e+17
2.25358e+17
2.46259e+17
2.66363e+17
2.8572e+17
3.04479e+17
3.22448e+17
3.39563e+17
3.56076e+17
3.71729e+17
3.8612e+17
3.9989e+17
4.12445e+17
4.24187e+17
4.34643e+17
4.44355e+17
4.53208e+17
4.61113e+17
4.67865e+17
4.73606e+17
4.78685e+17
4.82837e+17
4.86492e+17
4.89106e+17
4.91206e+17
4.92553e+17
4.93095e+17
4.92927e+17
4.92527e+17
4.91255e+17
4.89515e+17
4.87369e+17
4.8453e+17
4.81408e+17
4.77606e+17
4.73475e+17
4.6887e+17
4.63991e+17
4.58728e+17
4.53249e+17
4.47311e+17
4.41029e+17
4.34247e+17
4.27215e+17
4.19832e+17
4.12027e+17
4.04157e+17
3.95873e+17
3.8728e+17
3.78447e+17
3.69379e+17
3.5968e+17
3.4989e+17
3.39717e+17
3.28976e+17
3.17722e+17
3.06087e+17
2.9395e+17
2.81366e+17
2.68273e+17
2.54501e+17
2.39974e+17
2.24501e+17
2.0825e+17
1.9136e+17
1.73421e+17
1.54524e+17
1.34743e+17
1.14031e+17
9.18967e+16
6.84217e+16
4.30343e+16
1.52738e+16
1.88549e+16
5.36101e+16
8.56979e+16
1.15643e+17
1.43609e+17
1.69924e+17
1.94743e+17
2.18286e+17
2.40856e+17
2.6302e+17
2.84288e+17
3.04992e+17
3.24878e+17
3.43767e+17
3.61731e+17
3.78921e+17
3.95095e+17
4.10015e+17
4.24098e+17
4.3707e+17
4.48941e+17
4.5944e+17
4.69192e+17
4.77906e+17
4.85574e+17
4.91929e+17
4.97609e+17
5.02342e+17
5.06126e+17
5.09259e+17
5.11541e+17
5.12972e+17
5.13788e+17
5.13825e+17
5.1321e+17
5.1203e+17
5.10352e+17
5.08013e+17
5.05412e+17
5.01927e+17
4.98248e+17
4.94031e+17
4.89408e+17
4.84225e+17
4.78959e+17
4.73095e+17
4.67057e+17
4.60655e+17
4.53964e+17
4.46745e+17
4.39258e+17
4.31404e+17
4.23261e+17
4.14956e+17
4.06311e+17
3.97304e+17
3.88138e+17
3.789e+17
3.69023e+17
3.59013e+17
3.48619e+17
3.3772e+17
3.26381e+17
3.14552e+17
3.02492e+17
2.89869e+17
2.76724e+17
2.62872e+17
2.4822e+17
2.32577e+17
2.16337e+17
1.99071e+17
1.8075e+17
1.61503e+17
1.41137e+17
1.19629e+17
9.65213e+16
7.19493e+16
4.52997e+16
1.60948e+16
2.00263e+16
5.70067e+16
9.11669e+16
1.23008e+17
1.5276e+17
1.80862e+17
2.07356e+17
2.32427e+17
2.56334e+17
2.79692e+17
3.02309e+17
3.24103e+17
3.44902e+17
3.64766e+17
3.8358e+17
4.01432e+17
4.17944e+17
4.33298e+17
4.47685e+17
4.60738e+17
4.72725e+17
4.83249e+17
4.9295e+17
5.0143e+17
5.08646e+17
5.14698e+17
5.19989e+17
5.23888e+17
5.27533e+17
5.30058e+17
5.31761e+17
5.32828e+17
5.3298e+17
5.32663e+17
5.31389e+17
5.29812e+17
5.27521e+17
5.24575e+17
5.21499e+17
5.17524e+17
5.13379e+17
5.08823e+17
5.03676e+17
4.98173e+17
4.92385e+17
4.86037e+17
4.79406e+17
4.72475e+17
4.65435e+17
4.57742e+17
4.49797e+17
4.41651e+17
4.32972e+17
4.24152e+17
4.15199e+17
4.05989e+17
3.96456e+17
3.87061e+17
3.76892e+17
3.66587e+17
3.5606e+17
3.45138e+17
3.33746e+17
3.21666e+17
3.0968e+17
2.96997e+17
2.83761e+17
2.69867e+17
2.55186e+17
2.39686e+17
2.2326e+17
2.05865e+17
1.87429e+17
1.67775e+17
1.46892e+17
1.24761e+17
1.00817e+17
7.52356e+16
4.74111e+16
1.68474e+16
2.1186e+16
6.04093e+16
9.66712e+16
1.30449e+17
1.61943e+17
1.91679e+17
2.19875e+17
2.46501e+17
2.71877e+17
2.96495e+17
3.2032e+17
3.4315e+17
3.64781e+17
3.85552e+17
4.05117e+17
4.2341e+17
4.4035e+17
4.56004e+17
4.70616e+17
4.83585e+17
4.95426e+17
5.05936e+17
5.15326e+17
5.23413e+17
5.302e+17
5.35882e+17
5.40716e+17
5.44231e+17
5.47343e+17
5.4931e+17
5.50392e+17
5.50898e+17
5.5049e+17
5.49629e+17
5.48041e+17
5.45913e+17
5.43131e+17
5.39797e+17
5.36241e+17
5.31915e+17
5.27267e+17
5.22141e+17
5.16669e+17
5.10728e+17
5.04416e+17
4.9776e+17
4.90678e+17
4.83244e+17
4.7575e+17
4.67663e+17
4.59445e+17
4.50786e+17
4.41842e+17
4.32592e+17
4.23158e+17
4.13603e+17
4.03715e+17
3.93864e+17
3.83596e+17
3.73034e+17
3.62212e+17
3.51046e+17
3.39625e+17
3.27575e+17
3.15372e+17
3.02856e+17
2.89586e+17
2.75761e+17
2.61153e+17
2.45621e+17
2.2936e+17
2.11841e+17
1.93162e+17
1.73364e+17
1.52097e+17
1.29316e+17
1.04781e+17
7.82468e+16
4.93992e+16
1.7587e+16
2.24442e+16
6.38446e+16
1.0213e+17
1.37901e+17
1.71271e+17
2.02664e+17
2.32336e+17
2.60515e+17
2.87256e+17
3.13129e+17
3.38046e+17
3.61859e+17
3.845e+17
4.06115e+17
4.26234e+17
4.44877e+17
4.62218e+17
4.7796e+17
4.92696e+17
5.05577e+17
5.1705e+17
5.27323e+17
5.36254e+17
5.4399e+17
5.50309e+17
5.5555e+17
5.59949e+17
5.63003e+17
5.6542e+17
5.67028e+17
5.67474e+17
5.67482e+17
5.6679e+17
5.65252e+17
5.63314e+17
5.60816e+17
5.57672e+17
5.53983e+17
5.49822e+17
5.45215e+17
5.40166e+17
5.34744e+17
5.28759e+17
5.22367e+17
5.15867e+17
5.08752e+17
5.01315e+17
4.93537e+17
4.85554e+17
4.76904e+17
4.68273e+17
4.5923e+17
4.49958e+17
4.40356e+17
4.30637e+17
4.20621e+17
4.10364e+17
3.99916e+17
3.89404e+17
3.7845e+17
3.67428e+17
3.56093e+17
3.44454e+17
3.32601e+17
3.20234e+17
3.07615e+17
2.94329e+17
2.80528e+17
2.66083e+17
2.50725e+17
2.34549e+17
2.16882e+17
1.98087e+17
1.78172e+17
1.56703e+17
1.33481e+17
1.08349e+17
8.10502e+16
5.12404e+16
1.82824e+16
2.36752e+16
6.72004e+16
1.07594e+17
1.45297e+17
1.80547e+17
2.13621e+17
2.44735e+17
2.74281e+17
3.02445e+17
3.29664e+17
3.5575e+17
3.80361e+17
4.04e+17
4.26172e+17
4.46702e+17
4.6572e+17
4.83329e+17
4.99159e+17
5.13691e+17
5.26468e+17
5.37709e+17
5.47648e+17
5.56126e+17
5.63181e+17
5.69146e+17
5.74081e+17
5.7786e+17
5.80618e+17
5.82354e+17
5.83505e+17
5.83551e+17
5.83099e+17
5.81845e+17
5.7997e+17
5.77719e+17
5.74821e+17
5.71516e+17
5.67395e+17
5.62945e+17
5.57972e+17
5.52605e+17
5.46624e+17
5.40386e+17
5.3361e+17
5.26772e+17
5.19276e+17
5.11533e+17
5.03308e+17
4.94948e+17
4.85902e+17
4.76936e+17
4.67449e+17
4.57927e+17
4.47886e+17
4.37681e+17
4.27184e+17
4.16412e+17
4.05521e+17
3.94608e+17
3.83501e+17
3.72198e+17
3.60376e+17
3.4875e+17
3.3674e+17
3.24164e+17
3.11339e+17
2.98205e+17
2.84354e+17
2.70093e+17
2.54963e+17
2.38687e+17
2.2104e+17
2.02373e+17
1.82365e+17
1.60682e+17
1.37114e+17
1.11539e+17
8.36693e+16
5.29873e+16
1.89543e+16
2.48935e+16
7.06278e+16
1.13041e+17
1.52653e+17
1.89588e+17
2.24353e+17
2.56956e+17
2.87936e+17
3.17647e+17
3.46221e+17
3.73187e+17
3.98676e+17
4.23177e+17
4.45958e+17
4.66902e+17
4.86135e+17
5.03786e+17
5.19639e+17
5.3386e+17
5.46377e+17
5.57402e+17
5.66708e+17
5.74775e+17
5.81459e+17
5.87057e+17
5.91362e+17
5.9466e+17
5.96926e+17
5.98282e+17
5.98999e+17
5.98422e+17
5.97689e+17
5.95999e+17
5.93859e+17
5.91343e+17
5.88115e+17
5.84466e+17
5.8008e+17
5.75423e+17
5.70158e+17
5.64461e+17
5.58398e+17
5.51776e+17
5.44782e+17
5.37511e+17
5.2968e+17
5.21778e+17
5.13032e+17
5.04186e+17
4.9486e+17
4.85414e+17
4.75661e+17
4.65483e+17
4.5501e+17
4.44431e+17
4.33466e+17
4.22361e+17
4.11087e+17
3.99693e+17
3.88141e+17
3.76232e+17
3.64275e+17
3.52374e+17
3.40255e+17
3.27467e+17
3.14372e+17
3.01195e+17
2.87541e+17
2.73055e+17
2.5805e+17
2.41961e+17
2.2447e+17
2.06023e+17
1.86081e+17
1.64191e+17
1.4041e+17
1.14432e+17
8.60764e+16
5.46339e+16
1.9588e+16
2.614e+16
7.41169e+16
1.18466e+17
1.59907e+17
1.98553e+17
2.35115e+17
2.69364e+17
3.01738e+17
3.32953e+17
3.62461e+17
3.90289e+17
4.16873e+17
4.41916e+17
4.65335e+17
4.86604e+17
5.05926e+17
5.23595e+17
5.39218e+17
5.53069e+17
5.65265e+17
5.75712e+17
5.8473e+17
5.92372e+17
5.98857e+17
6.03689e+17
6.07359e+17
6.10186e+17
6.12074e+17
6.1306e+17
6.13352e+17
6.12623e+17
6.11615e+17
6.09702e+17
6.07474e+17
6.045e+17
6.01084e+17
5.97118e+17
5.92615e+17
5.87547e+17
5.8224e+17
5.76301e+17
5.70045e+17
5.63355e+17
5.55939e+17
5.48511e+17
5.40355e+17
5.3206e+17
5.23014e+17
5.13733e+17
5.04035e+17
4.94187e+17
4.83934e+17
4.73385e+17
4.62352e+17
4.51204e+17
4.39938e+17
4.28219e+17
4.16604e+17
4.04567e+17
3.92645e+17
3.80238e+17
3.67867e+17
3.55473e+17
3.43203e+17
3.30193e+17
3.17e+17
3.03676e+17
2.8989e+17
2.7536e+17
2.60449e+17
2.44499e+17
2.27224e+17
2.08884e+17
1.89008e+17
1.67262e+17
1.43345e+17
1.1718e+17
8.82639e+16
5.60952e+16
2.01579e+16
2.72992e+16
7.75433e+16
1.24014e+17
1.67157e+17
2.0766e+17
2.45878e+17
2.81636e+17
3.15566e+17
3.47871e+17
3.78499e+17
4.07323e+17
4.34759e+17
4.60469e+17
4.84134e+17
5.05655e+17
5.25104e+17
5.42663e+17
5.58017e+17
5.71574e+17
5.83276e+17
5.93215e+17
6.01773e+17
6.0886e+17
6.14895e+17
6.19204e+17
6.22498e+17
6.24981e+17
6.26514e+17
6.27248e+17
6.27322e+17
6.26463e+17
6.25159e+17
6.23026e+17
6.20554e+17
6.17579e+17
6.13993e+17
6.09814e+17
6.05079e+17
6.00044e+17
5.94445e+17
5.88427e+17
5.82061e+17
5.75035e+17
5.67534e+17
5.59576e+17
5.51177e+17
5.42429e+17
5.33258e+17
5.23728e+17
5.1374e+17
5.03433e+17
4.9256e+17
4.81549e+17
4.70041e+17
4.5834e+17
4.46514e+17
4.34342e+17
4.22222e+17
4.09634e+17
3.9715e+17
3.84442e+17
3.7151e+17
3.58541e+17
3.45735e+17
3.32479e+17
3.19033e+17
3.05493e+17
2.91579e+17
2.77142e+17
2.62266e+17
2.46512e+17
2.29349e+17
2.11226e+17
1.91369e+17
1.69824e+17
1.45904e+17
1.19543e+17
9.02323e+16
5.74803e+16
2.07018e+16
2.8524e+16
8.09686e+16
1.29389e+17
1.74464e+17
2.16872e+17
2.56622e+17
2.93866e+17
3.29137e+17
3.62508e+17
3.94292e+17
4.24092e+17
4.52285e+17
4.78545e+17
5.0243e+17
5.24183e+17
5.43668e+17
5.6087e+17
5.75989e+17
5.89004e+17
6.00202e+17
6.09819e+17
6.17933e+17
6.24612e+17
6.30019e+17
6.34116e+17
6.37195e+17
6.39171e+17
6.40535e+17
6.41119e+17
6.40965e+17
6.39978e+17
6.38517e+17
6.36561e+17
6.33899e+17
6.30635e+17
6.27005e+17
6.22659e+17
6.18029e+17
6.12689e+17
6.07038e+17
6.00841e+17
5.943e+17
5.87109e+17
5.79509e+17
5.71149e+17
5.62712e+17
5.5349e+17
5.44202e+17
5.34325e+17
5.23994e+17
5.13147e+17
5.01748e+17
4.90191e+17
4.78272e+17
4.66043e+17
4.53433e+17
4.40666e+17
4.27981e+17
4.14886e+17
4.01728e+17
3.88479e+17
3.75047e+17
3.61448e+17
3.48289e+17
3.3447e+17
3.20693e+17
3.06807e+17
2.92839e+17
2.78342e+17
2.63496e+17
2.47767e+17
2.3098e+17
2.13053e+17
1.93392e+17
1.7201e+17
1.48063e+17
1.21521e+17
9.19704e+16
5.87585e+16
2.11853e+16
2.97114e+16
8.42991e+16
1.34828e+17
1.81884e+17
2.25914e+17
2.67302e+17
3.06007e+17
3.42594e+17
3.77281e+17
4.10223e+17
4.40877e+17
4.69777e+17
4.96283e+17
5.20213e+17
5.41978e+17
5.6118e+17
5.78244e+17
5.92965e+17
6.05546e+17
6.16364e+17
6.25675e+17
6.33389e+17
6.39675e+17
6.44602e+17
6.48313e+17
6.51156e+17
6.53044e+17
6.54024e+17
6.5441e+17
6.54149e+17
6.53358e+17
6.51702e+17
6.4971e+17
6.47083e+17
6.43816e+17
6.40053e+17
6.35719e+17
6.31097e+17
6.2572e+17
6.20066e+17
6.1364e+17
6.06909e+17
5.99571e+17
5.91897e+17
5.83446e+17
5.74682e+17
5.6527e+17
5.55669e+17
5.45553e+17
5.34725e+17
5.23646e+17
5.11957e+17
4.99927e+17
4.87381e+17
4.74684e+17
4.61489e+17
4.4783e+17
4.34464e+17
4.20799e+17
4.06835e+17
3.9295e+17
3.78959e+17
3.64666e+17
3.50878e+17
3.36728e+17
3.22479e+17
3.08129e+17
2.93814e+17
2.79289e+17
2.64216e+17
2.48582e+17
2.32122e+17
2.14331e+17
1.94867e+17
1.73717e+17
1.49848e+17
1.2335e+17
9.35728e+16
5.98589e+16
2.15306e+16
3.08542e+16
8.75113e+16
1.40126e+17
1.89052e+17
2.349e+17
2.77936e+17
3.1823e+17
3.56151e+17
3.92012e+17
4.25805e+17
4.57247e+17
4.86638e+17
5.13412e+17
5.37577e+17
5.59249e+17
5.78296e+17
5.94878e+17
6.09014e+17
6.21406e+17
6.31955e+17
6.40842e+17
6.47997e+17
6.53875e+17
6.58421e+17
6.61846e+17
6.64524e+17
6.66302e+17
6.67264e+17
6.6759e+17
6.67428e+17
6.66459e+17
6.64978e+17
6.62995e+17
6.60373e+17
6.57202e+17
6.53491e+17
6.49109e+17
6.4439e+17
6.39079e+17
6.33305e+17
6.27079e+17
6.20348e+17
6.12962e+17
6.05005e+17
5.96517e+17
5.87477e+17
5.77784e+17
5.6785e+17
5.57307e+17
5.46259e+17
5.34788e+17
5.2277e+17
5.10215e+17
4.97336e+17
4.83911e+17
4.70297e+17
4.55986e+17
4.41717e+17
4.27195e+17
4.12509e+17
3.97823e+17
3.83264e+17
3.68203e+17
3.53527e+17
3.38868e+17
3.24249e+17
3.09456e+17
2.94687e+17
2.79896e+17
2.64779e+17
2.4915e+17
2.32728e+17
2.14901e+17
1.95833e+17
1.74806e+17
1.51181e+17
1.24818e+17
9.48957e+16
6.08149e+16
2.1904e+16
3.19721e+16
9.07148e+16
1.45326e+17
1.96267e+17
2.43872e+17
2.88502e+17
3.30299e+17
3.69583e+17
4.06463e+17
4.41235e+17
4.73567e+17
5.03257e+17
5.30185e+17
5.54321e+17
5.75776e+17
5.94467e+17
6.10615e+17
6.24418e+17
6.36592e+17
6.46462e+17
6.5477e+17
6.61781e+17
6.67279e+17
6.71675e+17
6.75131e+17
6.77741e+17
6.79536e+17
6.80508e+17
6.80919e+17
6.8074e+17
6.79984e+17
6.78538e+17
6.76417e+17
6.73849e+17
6.7083e+17
6.67064e+17
6.63031e+17
6.58265e+17
6.53003e+17
6.47249e+17
6.40837e+17
6.34026e+17
6.265e+17
6.18647e+17
6.0988e+17
6.00741e+17
5.91084e+17
5.80899e+17
5.70033e+17
5.58634e+17
5.46597e+17
5.34214e+17
5.21157e+17
5.07807e+17
4.93995e+17
4.79617e+17
4.6486e+17
4.49744e+17
4.34549e+17
4.18984e+17
4.03429e+17
3.88026e+17
3.72364e+17
3.56786e+17
3.41443e+17
3.26119e+17
3.10866e+17
2.956e+17
2.8045e+17
2.65028e+17
2.49352e+17
2.33109e+17
2.15408e+17
1.96583e+17
1.75653e+17
1.52271e+17
1.25956e+17
9.59809e+16
6.16375e+16
2.22742e+16
3.30877e+16
9.38774e+16
1.50537e+17
2.03453e+17
2.52781e+17
2.98899e+17
3.42183e+17
3.82788e+17
4.20868e+17
4.56287e+17
4.89211e+17
5.19312e+17
5.46348e+17
5.70517e+17
5.91674e+17
6.09871e+17
6.25704e+17
6.39139e+17
6.50803e+17
6.60449e+17
6.68526e+17
6.75109e+17
6.8051e+17
6.84804e+17
6.88302e+17
6.90649e+17
6.9257e+17
6.93555e+17
6.94016e+17
6.93958e+17
6.93209e+17
6.91882e+17
6.90007e+17
6.87478e+17
6.84388e+17
6.81027e+17
6.76853e+17
6.72366e+17
6.6701e+17
6.6132e+17
6.54945e+17
6.48075e+17
6.40571e+17
6.32584e+17
6.23925e+17
6.1462e+17
6.04608e+17
5.94508e+17
5.83178e+17
5.71715e+17
5.59334e+17
5.46571e+17
5.3298e+17
5.19138e+17
5.04766e+17
4.89946e+17
4.74545e+17
4.58861e+17
4.42838e+17
4.2655e+17
4.10145e+17
3.93703e+17
3.77199e+17
3.60591e+17
3.44388e+17
3.28322e+17
3.12262e+17
2.96438e+17
2.80757e+17
2.65152e+17
2.49284e+17
2.33196e+17
2.15683e+17
1.96885e+17
1.76221e+17
1.53076e+17
1.26925e+17
9.68839e+16
6.22918e+16
2.25719e+16
3.41894e+16
9.7074e+16
1.55704e+17
2.10522e+17
2.61569e+17
3.09246e+17
3.54029e+17
3.95909e+17
4.35041e+17
4.71297e+17
5.04793e+17
5.35e+17
5.62161e+17
5.85959e+17
6.06728e+17
6.24749e+17
6.40134e+17
6.53367e+17
6.64545e+17
6.73972e+17
6.81633e+17
6.87973e+17
6.93397e+17
6.97754e+17
7.01143e+17
7.03802e+17
7.05685e+17
7.06741e+17
7.07427e+17
7.07339e+17
7.06835e+17
7.05582e+17
7.03643e+17
7.01272e+17
6.98352e+17
6.95103e+17
6.90978e+17
6.86442e+17
6.81346e+17
6.7579e+17
6.69342e+17
6.62422e+17
6.55026e+17
6.47026e+17
6.38148e+17
6.28853e+17
6.18772e+17
6.08568e+17
5.97224e+17
5.85335e+17
5.72828e+17
5.59666e+17
5.45846e+17
5.31437e+17
5.16455e+17
5.01097e+17
4.85085e+17
4.68607e+17
4.51874e+17
4.34781e+17
4.17428e+17
4.00082e+17
3.82787e+17
3.65342e+17
3.48085e+17
3.3123e+17
3.14361e+17
2.97715e+17
2.81488e+17
2.65497e+17
2.49396e+17
2.33003e+17
2.15621e+17
1.9691e+17
1.76493e+17
1.53456e+17
1.27553e+17
9.75745e+16
6.28919e+16
2.28035e+16
3.53025e+16
1.00307e+17
1.60927e+17
2.17548e+17
2.70316e+17
3.19633e+17
3.65889e+17
4.08995e+17
4.49014e+17
4.86175e+17
5.19944e+17
5.50234e+17
5.77305e+17
6.00876e+17
6.21289e+17
6.38979e+17
6.53983e+17
6.66823e+17
6.77793e+17
6.8683e+17
6.9435e+17
7.00747e+17
7.06192e+17
7.10591e+17
7.13819e+17
7.16567e+17
7.18627e+17
7.19769e+17
7.2055e+17
7.20656e+17
7.20226e+17
7.19148e+17
7.17628e+17
7.1542e+17
7.12808e+17
7.09435e+17
7.05542e+17
7.0099e+17
6.95995e+17
6.90407e+17
6.8402e+17
6.77152e+17
6.69767e+17
6.61621e+17
6.5291e+17
6.4365e+17
6.3372e+17
6.23039e+17
6.11746e+17
5.99626e+17
5.86975e+17
5.73437e+17
5.59411e+17
5.4469e+17
5.29208e+17
5.13055e+17
4.96665e+17
4.79483e+17
4.61911e+17
4.43941e+17
4.25672e+17
4.0745e+17
3.89193e+17
3.70744e+17
3.52525e+17
3.34458e+17
3.16642e+17
2.99448e+17
2.82328e+17
2.65757e+17
2.49272e+17
2.3278e+17
2.1535e+17
1.96812e+17
1.76469e+17
1.53589e+17
1.27976e+17
9.82178e+16
6.34685e+16
2.3051e+16
3.64108e+16
1.03565e+17
1.6622e+17
2.246e+17
2.7917e+17
3.30172e+17
3.77742e+17
4.22108e+17
4.62952e+17
5.00601e+17
5.34725e+17
5.65106e+17
5.92073e+17
6.15172e+17
6.35409e+17
6.52756e+17
6.6738e+17
6.79954e+17
6.90566e+17
6.99412e+17
7.06969e+17
7.13384e+17
7.18882e+17
7.23029e+17
7.26577e+17
7.29515e+17
7.31643e+17
7.32919e+17
7.33979e+17
7.34432e+17
7.34027e+17
7.33242e+17
7.31797e+17
7.29798e+17
7.27217e+17
7.23949e+17
7.2e+17
7.15525e+17
7.10561e+17
7.05023e+17
6.99e+17
6.92178e+17
6.84776e+17
6.76711e+17
6.68141e+17
6.58838e+17
6.48907e+17
6.3824e+17
6.26696e+17
6.14559e+17
6.01619e+17
5.88062e+17
5.73629e+17
5.58554e+17
5.4279e+17
5.26158e+17
5.08954e+17
4.91214e+17
4.72901e+17
4.54064e+17
4.34971e+17
4.15619e+17
3.96356e+17
3.76943e+17
3.57546e+17
3.38636e+17
3.19892e+17
3.01573e+17
2.83635e+17
2.66399e+17
2.49251e+17
2.32396e+17
2.14904e+17
1.96317e+17
1.7605e+17
1.53497e+17
1.28121e+17
9.85045e+16
6.38139e+16
2.32488e+16
3.75029e+16
1.068e+17
1.71376e+17
2.31725e+17
2.8802e+17
3.40465e+17
3.89401e+17
4.34902e+17
4.76572e+17
5.14744e+17
5.49158e+17
5.79703e+17
6.06264e+17
6.2917e+17
6.49084e+17
6.65971e+17
6.80262e+17
6.92566e+17
7.02964e+17
7.11768e+17
7.19276e+17
7.25866e+17
7.31163e+17
7.35671e+17
7.39347e+17
7.42381e+17
7.44801e+17
7.46465e+17
7.47791e+17
7.48239e+17
7.48042e+17
7.47231e+17
7.45933e+17
7.44082e+17
7.41306e+17
7.38267e+17
7.34413e+17
7.302e+17
7.25291e+17
7.1985e+17
7.13977e+17
7.07194e+17
7.00108e+17
6.92125e+17
6.83604e+17
6.74283e+17
6.64295e+17
6.53745e+17
6.42411e+17
6.30129e+17
6.17139e+17
6.03251e+17
5.88662e+17
5.73152e+17
5.57012e+17
5.39977e+17
5.22347e+17
5.04007e+17
4.85023e+17
4.65403e+17
4.45246e+17
4.24775e+17
4.04432e+17
3.83915e+17
3.63449e+17
3.43351e+17
3.23646e+17
3.0429e+17
2.85476e+17
2.67452e+17
2.49553e+17
2.32111e+17
2.14291e+17
1.95748e+17
1.75561e+17
1.53115e+17
1.27978e+17
9.85996e+16
6.40952e+16
2.34165e+16
3.85611e+16
1.0984e+17
1.76333e+17
2.38605e+17
2.96593e+17
3.50672e+17
4.01022e+17
4.47519e+17
4.89999e+17
5.28532e+17
5.6309e+17
5.93681e+17
6.20004e+17
6.4272e+17
6.62351e+17
6.78716e+17
6.92895e+17
7.04945e+17
7.15184e+17
7.24009e+17
7.31457e+17
7.37815e+17
7.4327e+17
7.48019e+17
7.51768e+17
7.55115e+17
7.57847e+17
7.59801e+17
7.61226e+17
7.61484e+17
7.61603e+17
7.60961e+17
7.59841e+17
7.57952e+17
7.55546e+17
7.52663e+17
7.491e+17
7.45139e+17
7.40364e+17
7.35106e+17
7.29076e+17
7.22486e+17
7.15443e+17
7.07544e+17
6.99135e+17
6.89955e+17
6.80002e+17
6.69389e+17
6.5811e+17
6.45996e+17
6.32819e+17
6.19022e+17
6.04277e+17
5.88534e+17
5.72007e+17
5.54603e+17
5.36616e+17
5.17743e+17
4.97979e+17
4.77747e+17
4.56735e+17
4.35284e+17
4.13691e+17
3.91838e+17
3.70366e+17
3.49023e+17
3.27768e+17
3.07635e+17
2.87812e+17
2.68695e+17
2.50073e+17
2.31925e+17
2.13736e+17
1.94974e+17
1.7477e+17
1.52603e+17
1.27598e+17
9.85862e+16
6.43091e+16
2.35011e+16
3.95634e+16
1.12774e+17
1.81229e+17
2.45381e+17
3.05099e+17
3.60716e+17
4.12384e+17
4.59875e+17
5.03013e+17
5.41977e+17
5.76791e+17
6.06982e+17
6.33226e+17
6.55834e+17
6.7486e+17
6.91178e+17
7.05029e+17
7.16865e+17
7.27109e+17
7.35825e+17
7.43203e+17
7.49933e+17
7.55578e+17
7.60395e+17
7.64703e+17
7.68205e+17
7.71129e+17
7.73119e+17
7.74591e+17
7.75202e+17
7.75419e+17
7.7489e+17
7.7386e+17
7.72139e+17
7.69897e+17
7.67137e+17
7.63685e+17
7.59807e+17
7.55171e+17
7.50134e+17
7.44173e+17
7.37796e+17
7.30849e+17
7.2312e+17
7.14851e+17
7.0585e+17
6.96152e+17
6.8553e+17
6.74241e+17
6.62226e+17
6.4901e+17
6.35165e+17
6.2032e+17
6.04563e+17
5.87747e+17
5.70086e+17
5.51657e+17
5.3218e+17
5.12077e+17
4.90992e+17
4.69137e+17
4.46765e+17
4.24029e+17
4.00975e+17
3.78211e+17
3.5568e+17
3.33206e+17
3.11596e+17
2.90755e+17
2.7042e+17
2.50874e+17
2.32084e+17
2.1322e+17
1.94276e+17
1.74014e+17
1.5208e+17
1.27284e+17
9.85237e+16
6.43278e+16
2.35941e+16
4.05983e+16
1.15709e+17
1.86076e+17
2.5211e+17
3.13469e+17
3.70678e+17
4.23733e+17
4.72181e+17
5.15972e+17
5.55302e+17
5.89982e+17
6.2027e+17
6.46284e+17
6.6845e+17
6.87201e+17
7.03335e+17
7.16922e+17
7.2868e+17
7.38775e+17
7.47389e+17
7.55164e+17
7.61959e+17
7.67912e+17
7.73014e+17
7.7757e+17
7.81225e+17
7.84133e+17
7.86326e+17
7.8793e+17
7.88678e+17
7.88879e+17
7.88481e+17
7.87693e+17
7.85997e+17
7.83989e+17
7.81391e+17
7.78024e+17
7.74344e+17
7.69901e+17
7.65066e+17
7.59349e+17
7.53239e+17
7.46266e+17
7.38918e+17
7.3058e+17
7.21759e+17
7.12234e+17
7.01793e+17
6.9054e+17
6.78492e+17
6.65562e+17
6.51473e+17
6.36724e+17
6.20901e+17
6.0417e+17
5.86212e+17
5.67385e+17
5.47455e+17
5.26798e+17
5.0534e+17
4.8286e+17
4.59561e+17
4.35789e+17
4.11571e+17
3.87263e+17
3.6326e+17
3.39426e+17
3.16422e+17
2.94027e+17
2.72677e+17
2.52112e+17
2.32516e+17
2.13021e+17
1.9351e+17
1.73276e+17
1.51443e+17
1.26775e+17
9.82857e+16
6.42744e+16
2.37033e+16
4.16443e+16
1.18771e+17
1.91038e+17
2.58905e+17
3.21905e+17
3.80655e+17
4.34775e+17
4.8408e+17
5.28624e+17
5.68188e+17
6.02933e+17
6.33089e+17
6.58726e+17
6.80705e+17
6.98962e+17
7.14985e+17
7.28293e+17
7.40009e+17
7.50099e+17
7.59106e+17
7.66974e+17
7.74069e+17
7.80175e+17
7.85523e+17
7.90209e+17
7.93846e+17
7.96942e+17
7.99191e+17
8.00916e+17
8.0192e+17
8.02417e+17
8.02118e+17
8.01457e+17
7.99927e+17
7.98041e+17
7.95562e+17
7.92389e+17
7.88773e+17
7.8456e+17
7.79863e+17
7.74461e+17
7.68457e+17
7.61684e+17
7.54346e+17
7.46216e+17
7.37541e+17
7.28017e+17
7.17805e+17
7.066e+17
6.9483e+17
6.81864e+17
6.68105e+17
6.53198e+17
6.37485e+17
6.20767e+17
6.02686e+17
5.83712e+17
5.6346e+17
5.42198e+17
5.20087e+17
4.97019e+17
4.73037e+17
4.48344e+17
4.23072e+17
3.97385e+17
3.72088e+17
3.46768e+17
3.22125e+17
2.98415e+17
2.75646e+17
2.5392e+17
2.33213e+17
2.13048e+17
1.93106e+17
1.72652e+17
1.50919e+17
1.26277e+17
9.79311e+16
6.42301e+16
2.36852e+16
4.27055e+16
1.21808e+17
1.95782e+17
2.65512e+17
3.30307e+17
3.90358e+17
4.45675e+17
4.95984e+17
5.41052e+17
5.80766e+17
6.15526e+17
6.45545e+17
6.70746e+17
6.92385e+17
7.10555e+17
7.26284e+17
7.39425e+17
7.51201e+17
7.61523e+17
7.70714e+17
7.78931e+17
7.86089e+17
7.92281e+17
7.97845e+17
8.02507e+17
8.06484e+17
8.09599e+17
8.12092e+17
8.14005e+17
8.15105e+17
8.15653e+17
8.15465e+17
8.14841e+17
8.13619e+17
8.11805e+17
8.09495e+17
8.06654e+17
8.03111e+17
7.99112e+17
7.94413e+17
7.89234e+17
7.83322e+17
7.76881e+17
7.69601e+17
7.6193e+17
7.53217e+17
7.44009e+17
7.33911e+17
7.22979e+17
7.11125e+17
6.98456e+17
6.84811e+17
6.70148e+17
6.5432e+17
6.37588e+17
6.19609e+17
6.00484e+17
5.80041e+17
5.58618e+17
5.35853e+17
5.12299e+17
4.87579e+17
4.61738e+17
4.35512e+17
4.08582e+17
3.81914e+17
3.55117e+17
3.2891e+17
3.03656e+17
2.79458e+17
2.56347e+17
2.34322e+17
2.13328e+17
1.92833e+17
1.72056e+17
1.50277e+17
1.25834e+17
9.75855e+16
6.40843e+16
2.36985e+16
4.37904e+16
1.24804e+17
2.00698e+17
2.72042e+17
3.38531e+17
4.00146e+17
4.5651e+17
5.07658e+17
5.53043e+17
5.93021e+17
6.27708e+17
6.57255e+17
6.82278e+17
7.03749e+17
7.21673e+17
7.37141e+17
7.50475e+17
7.62277e+17
7.72794e+17
7.82354e+17
7.90614e+17
7.97948e+17
8.04357e+17
8.09984e+17
8.14877e+17
8.18895e+17
8.22231e+17
8.24871e+17
8.26741e+17
8.27938e+17
8.28672e+17
8.28773e+17
8.28228e+17
8.27287e+17
8.25667e+17
8.2335e+17
8.20585e+17
8.17357e+17
8.13412e+17
8.08894e+17
8.03759e+17
7.97991e+17
7.91659e+17
7.84603e+17
7.76878e+17
7.6864e+17
7.59501e+17
7.49698e+17
7.38983e+17
7.27468e+17
7.14919e+17
7.01461e+17
6.87034e+17
6.7144e+17
6.54693e+17
6.3686e+17
6.1768e+17
5.97145e+17
5.75392e+17
5.52374e+17
5.28254e+17
5.02946e+17
4.76455e+17
4.49123e+17
4.2101e+17
3.92833e+17
3.64524e+17
3.36769e+17
3.09748e+17
2.83904e+17
2.59267e+17
2.35915e+17
2.13859e+17
1.9273e+17
1.7148e+17
1.49567e+17
1.25247e+17
9.72128e+16
6.39332e+16
2.36858e+16
4.48617e+16
1.27818e+17
2.05621e+17
2.78636e+17
3.46752e+17
4.09682e+17
4.67201e+17
5.19003e+17
5.64741e+17
6.04935e+17
6.39587e+17
6.68927e+17
6.93708e+17
7.14829e+17
7.32483e+17
7.47872e+17
7.61369e+17
7.73266e+17
7.84047e+17
7.93737e+17
8.02065e+17
8.09571e+17
8.16151e+17
8.22064e+17
8.26941e+17
8.31148e+17
8.34606e+17
8.37279e+17
8.39293e+17
8.40756e+17
8.41664e+17
8.41784e+17
8.41529e+17
8.40591e+17
8.39082e+17
8.36984e+17
8.34208e+17
8.31139e+17
8.27346e+17
8.22915e+17
8.18052e+17
8.12377e+17
8.06123e+17
7.99382e+17
7.91885e+17
7.83644e+17
7.74773e+17
7.65091e+17
7.5468e+17
7.4336e+17
7.31199e+17
7.17984e+17
7.03812e+17
6.88454e+17
6.71938e+17
6.54171e+17
6.3516e+17
6.14608e+17
5.92846e+17
5.69419e+17
5.44841e+17
5.19058e+17
4.91832e+17
4.63714e+17
4.34475e+17
4.04786e+17
3.7499e+17
3.45513e+17
3.16737e+17
2.8926e+17
2.62998e+17
2.38081e+17
2.1481e+17
1.92772e+17
1.70973e+17
1.48753e+17
1.24498e+17
9.67566e+16
6.36265e+16
2.36185e+16
4.57904e+16
1.30698e+17
2.10443e+17
2.85249e+17
3.5498e+17
4.19231e+17
4.77721e+17
5.30088e+17
5.76261e+17
6.16621e+17
6.50896e+17
6.80017e+17
7.04607e+17
7.25354e+17
7.43002e+17
7.58281e+17
7.71971e+17
7.84278e+17
7.95455e+17
8.04859e+17
8.13405e+17
8.21023e+17
8.27838e+17
8.3391e+17
8.38874e+17
8.43261e+17
8.46718e+17
8.49544e+17
8.51727e+17
8.53133e+17
8.54408e+17
8.54644e+17
8.54627e+17
8.53603e+17
8.52284e+17
8.50234e+17
8.47679e+17
8.44601e+17
8.40898e+17
8.36521e+17
8.31726e+17
8.261e+17
8.20261e+17
8.13525e+17
8.06393e+17
7.98339e+17
7.89756e+17
7.80239e+17
7.70177e+17
7.592e+17
7.47219e+17
7.34266e+17
7.20477e+17
7.05282e+17
6.89066e+17
6.71379e+17
6.52766e+17
6.32381e+17
6.10656e+17
5.87106e+17
5.62168e+17
5.35816e+17
5.08092e+17
4.79124e+17
4.48986e+17
4.18042e+17
3.86696e+17
3.55579e+17
3.24887e+17
2.95424e+17
2.67498e+17
2.40916e+17
2.16201e+17
1.93013e+17
1.70679e+17
1.48059e+17
1.23841e+17
9.61713e+16
6.33432e+16
2.3581e+16
4.6808e+16
1.33583e+17
2.15148e+17
2.91823e+17
3.63004e+17
4.28594e+17
4.8806e+17
5.41e+17
5.87513e+17
6.27766e+17
6.61982e+17
6.90929e+17
7.15139e+17
7.35698e+17
7.53314e+17
7.68777e+17
7.82744e+17
7.95239e+17
8.06221e+17
8.15896e+17
8.24647e+17
8.32563e+17
8.39436e+17
8.45656e+17
8.50715e+17
8.54985e+17
8.58444e+17
8.61505e+17
8.63751e+17
8.65754e+17
8.66812e+17
8.67419e+17
8.67115e+17
8.66359e+17
8.65132e+17
8.62957e+17
8.60607e+17
8.57523e+17
8.5392e+17
8.49569e+17
8.45059e+17
8.3952e+17
8.33956e+17
8.27332e+17
8.20404e+17
8.12632e+17
8.04305e+17
7.95169e+17
7.85293e+17
7.74582e+17
7.63055e+17
7.50462e+17
7.36974e+17
7.22163e+17
7.06162e+17
6.88814e+17
6.70226e+17
6.49986e+17
6.28434e+17
6.05088e+17
5.80025e+17
5.5338e+17
5.2515e+17
4.95503e+17
4.64364e+17
4.32331e+17
3.99569e+17
3.66637e+17
3.34079e+17
3.02776e+17
2.72777e+17
2.4452e+17
2.18218e+17
1.93661e+17
1.70553e+17
1.47499e+17
1.23145e+17
9.56767e+16
6.30717e+16
2.34847e+16
4.77757e+16
1.36469e+17
2.19966e+17
2.98283e+17
3.71036e+17
4.3794e+17
4.98254e+17
5.51859e+17
5.98637e+17
6.38733e+17
6.72663e+17
7.01343e+17
7.25323e+17
7.45786e+17
7.63435e+17
7.79066e+17
7.93115e+17
8.0574e+17
8.1694e+17
8.27008e+17
8.35803e+17
8.43941e+17
8.50849e+17
8.56896e+17
8.61847e+17
8.66325e+17
8.70258e+17
8.7339e+17
8.75941e+17
8.77833e+17
8.78947e+17
8.79393e+17
8.79193e+17
8.7846e+17
8.77035e+17
8.75217e+17
8.72851e+17
8.6985e+17
8.66344e+17
8.62276e+17
8.57767e+17
8.52722e+17
8.47091e+17
8.4085e+17
8.33928e+17
8.26585e+17
8.18508e+17
8.0967e+17
8.00062e+17
7.89732e+17
7.78462e+17
7.6622e+17
7.52982e+17
7.38755e+17
7.23111e+17
7.06073e+17
6.87787e+17
6.67867e+17
6.46388e+17
6.23364e+17
5.98289e+17
5.71478e+17
5.42737e+17
5.12586e+17
4.80786e+17
4.47497e+17
4.13421e+17
3.78937e+17
3.44508e+17
3.11015e+17
2.79103e+17
2.48946e+17
2.20933e+17
1.95027e+17
1.70685e+17
1.47103e+17
1.22426e+17
9.51096e+16
6.27608e+16
2.33605e+16
4.88048e+16
1.39441e+17
2.24654e+17
3.04759e+17
3.79001e+17
4.47043e+17
5.0827e+17
5.62201e+17
6.09115e+17
6.49183e+17
6.83043e+17
7.11412e+17
7.35363e+17
7.55753e+17
7.73334e+17
7.8918e+17
8.03438e+17
8.16102e+17
8.27518e+17
8.37589e+17
8.46681e+17
8.54844e+17
8.61631e+17
8.67778e+17
8.73018e+17
8.77919e+17
8.81887e+17
8.8509e+17
8.87532e+17
8.89281e+17
8.90603e+17
8.90829e+17
8.90776e+17
8.89904e+17
8.88553e+17
8.86793e+17
8.84471e+17
8.81544e+17
8.7807e+17
8.74219e+17
8.69822e+17
8.64929e+17
8.59534e+17
8.53406e+17
8.46879e+17
8.39685e+17
8.31915e+17
8.23398e+17
8.14191e+17
8.04288e+17
7.93268e+17
7.81569e+17
7.68678e+17
7.54874e+17
7.39741e+17
7.23204e+17
7.05298e+17
6.85806e+17
6.64471e+17
6.41658e+17
6.16695e+17
5.89937e+17
5.61088e+17
5.30269e+17
4.97918e+17
4.63815e+17
4.28346e+17
3.92251e+17
3.55943e+17
3.20562e+17
2.86336e+17
2.54147e+17
2.24239e+17
1.9662e+17
1.71262e+17
1.46847e+17
1.21971e+17
9.46926e+16
6.2456e+16
2.32549e+16
4.98299e+16
1.42318e+17
2.293e+17
3.11064e+17
3.8694e+17
4.56104e+17
5.18115e+17
5.72544e+17
6.19651e+17
6.5959e+17
6.93125e+17
7.21251e+17
7.45026e+17
7.65366e+17
7.83104e+17
7.99084e+17
8.13555e+17
8.26441e+17
8.37957e+17
8.48016e+17
8.57402e+17
8.65358e+17
8.72319e+17
8.78732e+17
8.84213e+17
8.89047e+17
8.92907e+17
8.96215e+17
8.98565e+17
9.00299e+17
9.01474e+17
9.01897e+17
9.01699e+17
9.0104e+17
8.99685e+17
8.97961e+17
8.95583e+17
8.92715e+17
8.89358e+17
8.85573e+17
8.81233e+17
8.76476e+17
8.71225e+17
8.65499e+17
8.59173e+17
8.52215e+17
8.44747e+17
8.36441e+17
8.27716e+17
8.18093e+17
8.07671e+17
7.96226e+17
7.8388e+17
7.70405e+17
7.5587e+17
7.39773e+17
7.22354e+17
7.03373e+17
6.82572e+17
6.59888e+17
6.35351e+17
6.08576e+17
5.79733e+17
5.48656e+17
5.15662e+17
4.8078e+17
4.44376e+17
4.06684e+17
3.68603e+17
3.30925e+17
2.94643e+17
2.60242e+17
2.2829e+17
1.98953e+17
1.72083e+17
1.46915e+17
1.21549e+17
9.41343e+16
6.20806e+16
2.32114e+16
5.07713e+16
1.45129e+17
2.34047e+17
3.17475e+17
3.94665e+17
4.65052e+17
5.2778e+17
5.82623e+17
6.29859e+17
6.69514e+17
7.02767e+17
7.30738e+17
7.54366e+17
7.7476e+17
7.92773e+17
8.08952e+17
8.23516e+17
8.36435e+17
8.47973e+17
8.58335e+17
8.67649e+17
8.7557e+17
8.82894e+17
8.8955e+17
8.95072e+17
8.99859e+17
9.03721e+17
9.0687e+17
9.09259e+17
9.10923e+17
9.12271e+17
9.1264e+17
9.12379e+17
9.11668e+17
9.10214e+17
9.08513e+17
9.06142e+17
9.03455e+17
9.00104e+17
8.96409e+17
8.92174e+17
8.87655e+17
8.82485e+17
8.77032e+17
8.70965e+17
8.64229e+17
8.57059e+17
8.4915e+17
8.40673e+17
8.31403e+17
8.21314e+17
8.10438e+17
7.98461e+17
7.8559e+17
7.71382e+17
7.55911e+17
7.39019e+17
7.20588e+17
7.0039e+17
6.78168e+17
6.53808e+17
6.27572e+17
5.98679e+17
5.67635e+17
5.34206e+17
4.98624e+17
4.61192e+17
4.22262e+17
3.82403e+17
3.42614e+17
3.04011e+17
2.67239e+17
2.33115e+17
2.01821e+17
1.73367e+17
1.47093e+17
1.21187e+17
9.35767e+16
6.17578e+16
2.3068e+16
5.17009e+16
1.47828e+17
2.38608e+17
3.23732e+17
4.0252e+17
4.73875e+17
5.37353e+17
5.92624e+17
6.39721e+17
6.79283e+17
7.12397e+17
7.40243e+17
7.63669e+17
7.84114e+17
8.02238e+17
8.18656e+17
8.33318e+17
8.46336e+17
8.57763e+17
8.68281e+17
8.77522e+17
8.85805e+17
8.93375e+17
8.99908e+17
9.05343e+17
9.10011e+17
9.13955e+17
9.17172e+17
9.1954e+17
9.2122e+17
9.22315e+17
9.22442e+17
9.22272e+17
9.21443e+17
9.20146e+17
9.18383e+17
9.16201e+17
9.13499e+17
9.10306e+17
9.06694e+17
9.02727e+17
8.98235e+17
8.93434e+17
8.88011e+17
8.82293e+17
8.75798e+17
8.68879e+17
8.61254e+17
8.53087e+17
8.44294e+17
8.34518e+17
8.24088e+17
8.12631e+17
8.00146e+17
7.8655e+17
7.71692e+17
7.55219e+17
7.37447e+17
7.17777e+17
6.96168e+17
6.72298e+17
6.46206e+17
6.17878e+17
5.86688e+17
5.53289e+17
5.17174e+17
4.78783e+17
4.38729e+17
3.97382e+17
3.55489e+17
3.14511e+17
2.75195e+17
2.38703e+17
2.05408e+17
1.75189e+17
1.47577e+17
1.20989e+17
9.31014e+16
6.13846e+16
2.2913e+16
5.25908e+16
1.50501e+17
2.43075e+17
3.29969e+17
4.1008e+17
4.82584e+17
5.46741e+17
6.02313e+17
6.4931e+17
6.88811e+17
7.21646e+17
7.49171e+17
7.72598e+17
7.93157e+17
8.11417e+17
8.28081e+17
8.42729e+17
8.55765e+17
8.6744e+17
8.78109e+17
8.87483e+17
8.9584e+17
9.03495e+17
9.09902e+17
9.15363e+17
9.20045e+17
9.23993e+17
9.27034e+17
9.29231e+17
9.30861e+17
9.31644e+17
9.31952e+17
9.3176e+17
9.30867e+17
9.29569e+17
9.27943e+17
9.25719e+17
9.23236e+17
9.20226e+17
9.16813e+17
9.13027e+17
9.08675e+17
9.04032e+17
8.98794e+17
8.93162e+17
8.87037e+17
8.80346e+17
8.72977e+17
8.65104e+17
8.56655e+17
8.4735e+17
8.37212e+17
8.26265e+17
8.14275e+17
8.01136e+17
7.8693e+17
7.71095e+17
7.53762e+17
7.34742e+17
7.13789e+17
6.90603e+17
6.65016e+17
6.37008e+17
6.06167e+17
5.72591e+17
5.36337e+17
4.9735e+17
4.56229e+17
4.13294e+17
3.69609e+17
3.26212e+17
2.84364e+17
2.4518e+17
2.09459e+17
1.77435e+17
1.48397e+17
1.21027e+17
9.27936e+16
6.10507e+16
2.28007e+16
5.35076e+16
1.53303e+17
2.47514e+17
3.3615e+17
4.17741e+17
4.91259e+17
5.55931e+17
6.11713e+17
6.58763e+17
6.98045e+17
7.3058e+17
7.57952e+17
7.81403e+17
8.02038e+17
8.20532e+17
8.37324e+17
8.52005e+17
8.6514e+17
8.76927e+17
8.8765e+17
8.97095e+17
9.05546e+17
9.13125e+17
9.1943e+17
9.24887e+17
9.29504e+17
9.33231e+17
9.36079e+17
9.38281e+17
9.39668e+17
9.40532e+17
9.40966e+17
9.40569e+17
9.39733e+17
9.38686e+17
9.37034e+17
9.35002e+17
9.32526e+17
9.29692e+17
9.2631e+17
9.22737e+17
9.18532e+17
9.14011e+17
9.09008e+17
9.0351e+17
8.97643e+17
8.91035e+17
8.8403e+17
8.7647e+17
8.68183e+17
8.59374e+17
8.49641e+17
8.39149e+17
8.27799e+17
8.15172e+17
8.01481e+17
7.86358e+17
7.69775e+17
7.51273e+17
7.3095e+17
7.08386e+17
6.83533e+17
6.55992e+17
6.25678e+17
5.92215e+17
5.55773e+17
5.16394e+17
4.7444e+17
4.30259e+17
3.84719e+17
3.39035e+17
2.94527e+17
2.52749e+17
2.14375e+17
1.80169e+17
1.49552e+17
1.21147e+17
9.24747e+16
6.07356e+16
2.26098e+16
5.4385e+16
1.55818e+17
2.51877e+17
3.42191e+17
4.25182e+17
4.99685e+17
5.64996e+17
6.21004e+17
6.67922e+17
7.06904e+17
7.39253e+17
7.66582e+17
7.9013e+17
8.10748e+17
8.29445e+17
8.46252e+17
8.60874e+17
8.741e+17
8.86146e+17
8.96884e+17
9.06365e+17
9.14995e+17
9.22289e+17
9.28599e+17
9.33993e+17
9.38506e+17
9.42146e+17
9.45025e+17
9.47067e+17
9.48401e+17
9.49184e+17
9.49422e+17
9.48974e+17
9.48382e+17
9.47117e+17
9.45733e+17
9.43797e+17
9.41481e+17
9.38713e+17
9.35575e+17
9.3202e+17
9.28091e+17
9.23735e+17
9.19011e+17
9.1371e+17
9.08059e+17
9.01842e+17
8.95019e+17
8.87688e+17
8.79723e+17
8.70991e+17
8.61767e+17
8.51517e+17
8.40617e+17
8.28604e+17
8.15523e+17
8.0102e+17
7.85066e+17
7.67421e+17
7.47789e+17
7.26033e+17
7.01709e+17
6.74876e+17
6.45036e+17
6.12064e+17
5.75771e+17
5.36142e+17
4.93424e+17
4.48085e+17
4.0103e+17
3.53105e+17
3.05865e+17
2.6123e+17
2.20195e+17
1.83593e+17
1.51187e+17
1.21599e+17
9.23882e+16
6.05238e+16
2.25006e+16
5.5227e+16
1.58402e+17
2.56238e+17
3.48118e+17
4.32488e+17
5.07998e+17
5.73735e+17
6.29928e+17
6.76841e+17
7.15641e+17
7.47752e+17
7.74901e+17
7.98395e+17
8.19379e+17
8.38155e+17
8.54823e+17
8.69507e+17
8.82995e+17
8.94973e+17
9.05693e+17
9.15402e+17
9.23774e+17
9.31109e+17
9.3736e+17
9.42712e+17
9.47181e+17
9.50619e+17
9.53281e+17
9.55033e+17
9.563e+17
9.57042e+17
9.57282e+17
9.57133e+17
9.5657e+17
9.5541e+17
9.54047e+17
9.52157e+17
9.49991e+17
9.47426e+17
9.4453e+17
9.41112e+17
9.37369e+17
9.33194e+17
9.2858e+17
9.23589e+17
9.18121e+17
9.12053e+17
9.05523e+17
8.98446e+17
8.9088e+17
8.8244e+17
8.73382e+17
8.63527e+17
8.52912e+17
8.41387e+17
8.28746e+17
8.14985e+17
7.99673e+17
7.82843e+17
7.6397e+17
7.43001e+17
7.19495e+17
6.93352e+17
6.64168e+17
6.31689e+17
5.95669e+17
5.5606e+17
5.13084e+17
4.66791e+17
4.18071e+17
3.68197e+17
3.18405e+17
2.70724e+17
2.26727e+17
1.87521e+17
1.53127e+17
1.22323e+17
9.24551e+16
6.0309e+16
2.25008e+16
5.60207e+16
1.61015e+17
2.60503e+17
3.54033e+17
4.39782e+17
5.16151e+17
5.82451e+17
6.38781e+17
6.85424e+17
7.24026e+17
7.55888e+17
7.83079e+17
8.0676e+17
8.2768e+17
8.46622e+17
8.63289e+17
8.7812e+17
8.91584e+17
9.03535e+17
9.14573e+17
9.24203e+17
9.32438e+17
9.39736e+17
9.45799e+17
9.50998e+17
9.55123e+17
9.5831e+17
9.60675e+17
9.62663e+17
9.63979e+17
9.64856e+17
9.65022e+17
9.65061e+17
9.6456e+17
9.63596e+17
9.62468e+17
9.60627e+17
9.58654e+17
9.56204e+17
9.53443e+17
9.50213e+17
9.46701e+17
9.42612e+17
9.3832e+17
9.33343e+17
9.28036e+17
9.22133e+17
9.15831e+17
9.08899e+17
9.01635e+17
8.93475e+17
8.84721e+17
8.75242e+17
8.6484e+17
8.53787e+17
8.41542e+17
8.28387e+17
8.13764e+17
7.97745e+17
7.79617e+17
7.59476e+17
7.36861e+17
7.11486e+17
6.83115e+17
6.51322e+17
6.15852e+17
5.76334e+17
5.33141e+17
4.86302e+17
4.36223e+17
3.84383e+17
3.32084e+17
2.81471e+17
2.34331e+17
1.92198e+17
1.55452e+17
1.23101e+17
9.25906e+16
6.02445e+16
2.25118e+16
5.69703e+16
1.63625e+17
2.64844e+17
3.5997e+17
4.46998e+17
5.24292e+17
5.91065e+17
6.4731e+17
6.93892e+17
7.32257e+17
7.64023e+17
7.91199e+17
8.14855e+17
8.35975e+17
8.54859e+17
8.71458e+17
8.86366e+17
8.99919e+17
9.12061e+17
9.23033e+17
9.32408e+17
9.40761e+17
9.47749e+17
9.53618e+17
9.58607e+17
9.62523e+17
9.65561e+17
9.6811e+17
9.70018e+17
9.71328e+17
9.72151e+17
9.72549e+17
9.72675e+17
9.72276e+17
9.71512e+17
9.7037e+17
9.68744e+17
9.66918e+17
9.64639e+17
9.62076e+17
9.59134e+17
9.55585e+17
9.51876e+17
9.47569e+17
9.42838e+17
9.3774e+17
9.32052e+17
9.25869e+17
9.19264e+17
9.11916e+17
9.04326e+17
8.95746e+17
8.86768e+17
8.76569e+17
8.65803e+17
8.53867e+17
8.41265e+17
8.27023e+17
8.11754e+17
7.94535e+17
7.75207e+17
7.53589e+17
7.29106e+17
7.01655e+17
6.70607e+17
6.3577e+17
5.96719e+17
5.53558e+17
5.0617e+17
4.55226e+17
4.01571e+17
3.46795e+17
2.93125e+17
2.42814e+17
1.97582e+17
1.5842e+17
1.24282e+17
9.28471e+16
6.01501e+16
2.2388e+16
5.78474e+16
1.66184e+17
2.69123e+17
3.65763e+17
4.54026e+17
5.3214e+17
5.99269e+17
6.5562e+17
7.01947e+17
7.40007e+17
7.71767e+17
7.98892e+17
8.22766e+17
8.43975e+17
8.62755e+17
8.79533e+17
8.94484e+17
9.08093e+17
9.20241e+17
9.3103e+17
9.40437e+17
9.48489e+17
9.55262e+17
9.60978e+17
9.65714e+17
9.6943e+17
9.72559e+17
9.74975e+17
9.76838e+17
9.78347e+17
9.79348e+17
9.79837e+17
9.80013e+17
9.79728e+17
9.79224e+17
9.78179e+17
9.76866e+17
9.75206e+17
9.7302e+17
9.7063e+17
9.67855e+17
9.64609e+17
9.61112e+17
9.56993e+17
9.52487e+17
9.47377e+17
9.41886e+17
9.35821e+17
9.29354e+17
9.22311e+17
9.14628e+17
9.06422e+17
8.97566e+17
8.87995e+17
8.77517e+17
8.66055e+17
8.53719e+17
8.40104e+17
8.25162e+17
8.08812e+17
7.90307e+17
7.69685e+17
7.46212e+17
7.19688e+17
6.89536e+17
6.55626e+17
6.17199e+17
5.74246e+17
5.26706e+17
4.74843e+17
4.19836e+17
3.62866e+17
3.06144e+17
2.52332e+17
2.03828e+17
1.61867e+17
1.25828e+17
9.32485e+16
6.01085e+16
2.22368e+16
5.86961e+16
1.68698e+17
2.73387e+17
3.71716e+17
4.61241e+17
5.40107e+17
6.07609e+17
6.63823e+17
7.09898e+17
7.47878e+17
7.79419e+17
8.06597e+17
8.30554e+17
8.51739e+17
8.70609e+17
8.87296e+17
9.02359e+17
9.16088e+17
9.27968e+17
9.38779e+17
9.47845e+17
9.55634e+17
9.62305e+17
9.67887e+17
9.72364e+17
9.76099e+17
9.79141e+17
9.81617e+17
9.83797e+17
9.85302e+17
9.86263e+17
9.86874e+17
9.87078e+17
9.86889e+17
9.86553e+17
9.85673e+17
9.8469e+17
9.83104e+17
9.81333e+17
9.79176e+17
9.76689e+17
9.73706e+17
9.70347e+17
9.66443e+17
9.62139e+17
9.5723e+17
9.51964e+17
9.45968e+17
9.39605e+17
9.32722e+17
9.25175e+17
9.17094e+17
9.08355e+17
8.98844e+17
8.88776e+17
8.77769e+17
8.65761e+17
8.52662e+17
8.38281e+17
8.224e+17
8.04702e+17
7.84972e+17
7.62685e+17
7.37159e+17
7.08034e+17
6.74874e+17
6.37285e+17
5.94914e+17
5.47476e+17
4.9517e+17
4.38831e+17
3.79648e+17
3.20084e+17
2.6294e+17
2.10869e+17
1.65901e+17
1.27643e+17
9.38223e+16
6.00801e+16
2.21674e+16
5.94451e+16
1.71161e+17
2.77526e+17
3.77338e+17
4.68087e+17
5.4764e+17
6.15461e+17
6.71643e+17
7.17518e+17
7.55244e+17
7.86762e+17
8.14016e+17
8.38027e+17
8.59241e+17
8.78158e+17
8.94835e+17
9.10078e+17
9.2362e+17
9.35584e+17
9.45971e+17
9.54785e+17
9.62467e+17
9.68872e+17
9.74263e+17
9.7867e+17
9.82313e+17
9.8541e+17
9.88099e+17
9.90195e+17
9.91783e+17
9.92828e+17
9.93579e+17
9.94008e+17
9.9418e+17
9.93974e+17
9.93438e+17
9.9255e+17
9.91248e+17
9.89637e+17
9.87731e+17
9.85396e+17
9.82638e+17
9.79325e+17
9.7567e+17
9.71466e+17
9.66893e+17
9.61756e+17
9.56073e+17
9.4984e+17
9.43135e+17
9.35681e+17
9.27773e+17
9.19171e+17
9.09867e+17
8.99699e+17
8.89045e+17
8.77382e+17
8.64763e+17
8.50722e+17
8.3567e+17
8.18617e+17
7.99586e+17
7.78274e+17
7.53974e+17
7.26003e+17
6.94005e+17
6.57298e+17
6.15569e+17
5.68447e+17
5.15818e+17
4.58705e+17
3.97724e+17
3.35351e+17
2.74634e+17
2.18785e+17
1.70561e+17
1.29851e+17
9.44798e+16
6.01649e+16
2.21332e+16
6.02315e+16
1.73647e+17
2.81836e+17
3.83509e+17
4.75371e+17
5.55688e+17
6.23726e+17
6.79736e+17
7.25268e+17
7.62788e+17
7.94136e+17
8.21429e+17
8.45532e+17
8.66581e+17
8.85488e+17
9.02363e+17
9.17388e+17
9.30881e+17
9.42523e+17
9.52736e+17
9.61418e+17
9.68891e+17
9.74966e+17
9.80272e+17
9.8459e+17
9.88289e+17
9.91591e+17
9.94217e+17
9.9632e+17
9.97881e+17
9.99265e+17
1.00027e+18
1.00112e+18
1.00126e+18
1.00132e+18
1.00104e+18
1.00024e+18
9.99267e+17
9.97839e+17
9.96199e+17
9.93938e+17
9.91484e+17
9.884e+17
9.85003e+17
9.80952e+17
9.76518e+17
9.71641e+17
9.66128e+17
9.60122e+17
9.53448e+17
9.46205e+17
9.38253e+17
9.29766e+17
9.20723e+17
9.10755e+17
9.0018e+17
8.88725e+17
8.76485e+17
8.62913e+17
8.48132e+17
8.3198e+17
8.13681e+17
7.93243e+17
7.70012e+17
7.43252e+17
7.12339e+17
6.76789e+17
6.35978e+17
5.89508e+17
5.36983e+17
4.78962e+17
4.16494e+17
3.51564e+17
2.87509e+17
2.27773e+17
1.75897e+17
1.32485e+17
9.55514e+16
6.03158e+16
2.21138e+16
6.09925e+16
1.75912e+17
2.8583e+17
3.88767e+17
4.81843e+17
5.62879e+17
6.3113e+17
6.86943e+17
7.32433e+17
7.69809e+17
8.01134e+17
8.28516e+17
8.52457e+17
8.73632e+17
8.92627e+17
9.09288e+17
9.24367e+17
9.37663e+17
9.49233e+17
9.59084e+17
9.67568e+17
9.74549e+17
9.80717e+17
9.85919e+17
9.90135e+17
9.94072e+17
9.97321e+17
9.99969e+17
1.00218e+18
1.00414e+18
1.00579e+18
1.00698e+18
1.00773e+18
1.0082e+18
1.00851e+18
1.00834e+18
1.0078e+18
1.00708e+18
1.00595e+18
1.00456e+18
1.0026e+18
1.00026e+18
9.97398e+17
9.94206e+17
9.90366e+17
9.86175e+17
9.81401e+17
9.76147e+17
9.70225e+17
9.63699e+17
9.56669e+17
9.48951e+17
9.40443e+17
9.31435e+17
9.21668e+17
9.11165e+17
8.99855e+17
8.87726e+17
8.74665e+17
8.60269e+17
8.44601e+17
8.27198e+17
8.07545e+17
7.85381e+17
7.59888e+17
7.30262e+17
6.95922e+17
6.56133e+17
6.10457e+17
5.58329e+17
4.99997e+17
4.36249e+17
3.68942e+17
3.01473e+17
2.37731e+17
1.82028e+17
1.35533e+17
9.67308e+16
6.05669e+16
2.21004e+16
6.17419e+16
1.78515e+17
2.90417e+17
3.95171e+17
4.89644e+17
5.71137e+17
6.39315e+17
6.94992e+17
7.40077e+17
7.77106e+17
8.08327e+17
8.35573e+17
8.59598e+17
8.80703e+17
8.99441e+17
9.16286e+17
9.31154e+17
9.44294e+17
9.55374e+17
9.64977e+17
9.73165e+17
9.80118e+17
9.86147e+17
9.91183e+17
9.95593e+17
9.99411e+17
1.00264e+18
1.00541e+18
1.00797e+18
1.01007e+18
1.01175e+18
1.01284e+18
1.01401e+18
1.01496e+18
1.01528e+18
1.01551e+18
1.01535e+18
1.01495e+18
1.01392e+18
1.01281e+18
1.01109e+18
1.00904e+18
1.00645e+18
1.00353e+18
9.99829e+17
9.9582e+17
9.91088e+17
9.85981e+17
9.8023e+17
9.73944e+17
9.66955e+17
9.59461e+17
9.51071e+17
9.42104e+17
9.32479e+17
9.21994e+17
9.10803e+17
8.98768e+17
8.85977e+17
8.72002e+17
8.56926e+17
8.40008e+17
8.21082e+17
7.99863e+17
7.7556e+17
7.47263e+17
7.14336e+17
6.75917e+17
6.3113e+17
5.79611e+17
5.21183e+17
4.56596e+17
3.87244e+17
3.1656e+17
2.4873e+17
1.88878e+17
1.39056e+17
9.82964e+16
6.09855e+16
2.20755e+16
6.25612e+16
1.80901e+17
2.94193e+17
4.00374e+17
4.95658e+17
5.77826e+17
6.46246e+17
7.01748e+17
7.46705e+17
7.83679e+17
8.14928e+17
8.422e+17
8.66225e+17
8.87254e+17
9.0608e+17
9.22588e+17
9.37344e+17
9.5027e+17
9.61149e+17
9.70483e+17
9.78457e+17
9.85186e+17
9.91081e+17
9.96223e+17
1.00055e+18
1.00439e+18
1.00775e+18
1.01081e+18
1.01334e+18
1.01557e+18
1.01734e+18
1.01899e+18
1.02072e+18
1.02142e+18
1.02225e+18
1.02263e+18
1.02274e+18
1.02246e+18
1.02192e+18
1.02096e+18
1.01953e+18
1.01779e+18
1.01539e+18
1.01263e+18
1.00922e+18
1.00516e+18
1.00097e+18
9.95793e+17
9.90217e+17
9.83981e+17
9.77092e+17
9.69667e+17
9.61614e+17
9.52673e+17
9.43201e+17
9.32909e+17
9.21717e+17
9.09835e+17
8.9708e+17
8.83335e+17
8.68615e+17
8.52492e+17
8.3428e+17
8.13843e+17
7.90661e+17
7.63668e+17
7.32065e+17
6.94997e+17
6.51597e+17
6.00938e+17
5.42794e+17
4.77586e+17
4.06506e+17
3.32806e+17
2.60814e+17
1.96572e+17
1.43051e+17
1.00027e+17
6.14023e+16
2.20222e+16
6.34528e+16
1.83779e+17
2.99379e+17
4.07551e+17
5.04134e+17
5.86631e+17
6.54823e+17
7.09907e+17
7.54348e+17
7.90986e+17
8.21967e+17
8.49117e+17
8.72968e+17
8.93841e+17
9.12461e+17
9.29021e+17
9.43543e+17
9.56044e+17
9.66491e+17
9.75533e+17
9.83214e+17
9.89918e+17
9.95821e+17
1.00077e+18
1.00516e+18
1.00919e+18
1.01271e+18
1.01563e+18
1.01839e+18
1.0209e+18
1.02305e+18
1.02514e+18
1.02657e+18
1.02763e+18
1.02891e+18
1.02945e+18
1.03003e+18
1.03005e+18
1.02976e+18
1.02904e+18
1.02773e+18
1.02614e+18
1.02404e+18
1.0215e+18
1.0185e+18
1.01477e+18
1.01052e+18
1.00577e+18
1.00021e+18
9.94152e+17
9.87294e+17
9.79874e+17
9.71811e+17
9.63043e+17
9.53538e+17
9.43465e+17
9.32528e+17
9.20697e+17
9.08016e+17
8.94431e+17
8.79798e+17
8.64023e+17
8.46641e+17
8.27037e+17
8.0478e+17
7.79164e+17
7.49013e+17
7.13469e+17
6.71402e+17
6.21891e+17
5.64382e+17
4.98969e+17
4.265e+17
3.50052e+17
2.74018e+17
2.05197e+17
1.47588e+17
1.02001e+17
6.19372e+16
2.20558e+16
6.42706e+16
1.86018e+17
3.02822e+17
4.11994e+17
5.09516e+17
5.92662e+17
6.61143e+17
7.16196e+17
7.60471e+17
7.97019e+17
8.28089e+17
8.55225e+17
8.78998e+17
8.99865e+17
9.18423e+17
9.34777e+17
9.4891e+17
9.61136e+17
9.71273e+17
9.80018e+17
9.87561e+17
9.94181e+17
9.99886e+17
1.0049e+18
1.00946e+18
1.01359e+18
1.017e+18
1.02024e+18
1.02343e+18
1.02608e+18
1.02858e+18
1.03062e+18
1.03231e+18
1.03396e+18
1.03548e+18
1.03624e+18
1.0371e+18
1.03718e+18
1.03722e+18
1.03651e+18
1.03574e+18
1.03438e+18
1.03247e+18
1.03033e+18
1.02737e+18
1.02397e+18
1.01988e+18
1.01513e+18
1.00985e+18
1.00379e+18
9.97062e+17
9.8985e+17
9.81917e+17
9.73121e+17
9.63781e+17
9.53613e+17
9.42819e+17
9.31248e+17
9.18753e+17
9.05402e+17
8.91016e+17
8.75554e+17
8.58571e+17
8.39745e+17
8.18397e+17
7.93907e+17
7.65193e+17
7.31152e+17
6.90724e+17
6.42603e+17
5.85961e+17
5.20736e+17
4.47207e+17
3.68327e+17
2.88289e+17
2.14725e+17
1.52713e+17
1.04403e+17
6.26728e+16
2.20898e+16
6.53441e+16
1.89607e+17
3.093e+17
4.20839e+17
5.19339e+17
6.02562e+17
6.70436e+17
7.24693e+17
7.6832e+17
8.04457e+17
8.35209e+17
8.61997e+17
8.85503e+17
9.06099e+17
9.24362e+17
9.40391e+17
9.54197e+17
9.65996e+17
9.75753e+17
9.84296e+17
9.91683e+17
9.98145e+17
1.00389e+18
1.00891e+18
1.01346e+18
1.01759e+18
1.02116e+18
1.02485e+18
1.02798e+18
1.03086e+18
1.03341e+18
1.03561e+18
1.03787e+18
1.03991e+18
1.04131e+18
1.04251e+18
1.04345e+18
1.04398e+18
1.04427e+18
1.04391e+18
1.04346e+18
1.04222e+18
1.04069e+18
1.03859e+18
1.03585e+18
1.03269e+18
1.02865e+18
1.02418e+18
1.019e+18
1.01325e+18
1.00666e+18
9.99481e+17
9.91597e+17
9.83046e+17
9.73744e+17
9.6372e+17
9.52836e+17
9.41332e+17
9.29013e+17
9.15816e+17
9.01524e+17
8.86337e+17
8.69903e+17
8.51642e+17
8.31212e+17
8.07822e+17
7.80552e+17
7.48146e+17
7.09278e+17
6.62745e+17
6.07312e+17
5.42593e+17
4.6852e+17
3.87534e+17
3.03716e+17
2.25337e+17
1.58473e+17
1.07175e+17
6.36228e+16
2.22064e+16
6.61624e+16
1.9153e+17
3.11739e+17
4.24095e+17
5.23836e+17
6.08024e+17
6.76167e+17
7.30426e+17
7.74037e+17
8.10062e+17
8.40813e+17
8.67587e+17
8.91003e+17
9.11527e+17
9.29652e+17
9.45236e+17
9.58695e+17
9.70086e+17
9.79654e+17
9.87932e+17
9.95204e+17
1.00166e+18
1.00726e+18
1.01231e+18
1.01707e+18
1.0213e+18
1.02502e+18
1.02881e+18
1.03214e+18
1.03528e+18
1.03804e+18
1.0407e+18
1.04313e+18
1.04503e+18
1.04684e+18
1.04833e+18
1.04935e+18
1.05036e+18
1.05073e+18
1.05064e+18
1.05041e+18
1.04937e+18
1.04799e+18
1.04611e+18
1.04377e+18
1.0405e+18
1.03691e+18
1.03263e+18
1.02756e+18
1.02192e+18
1.01566e+18
1.00848e+18
1.00077e+18
9.92234e+17
9.83127e+17
9.73267e+17
9.62585e+17
9.51146e+17
9.38991e+17
9.26039e+17
9.12061e+17
8.96889e+17
8.80766e+17
8.63156e+17
8.43385e+17
8.20999e+17
7.95012e+17
7.64205e+17
7.2705e+17
6.82331e+17
6.28247e+17
5.64475e+17
4.90178e+17
4.07636e+17
3.20208e+17
2.36933e+17
1.64896e+17
1.10179e+17
6.45801e+16
2.23067e+16
6.75826e+16
1.96485e+17
3.21003e+17
4.35852e+17
5.35973e+17
6.19416e+17
6.86495e+17
7.39643e+17
7.82361e+17
8.17768e+17
8.48042e+17
8.74378e+17
8.97327e+17
9.17476e+17
9.34999e+17
9.50202e+17
9.6327e+17
9.7418e+17
9.8337e+17
9.91423e+17
9.98623e+17
1.00477e+18
1.01038e+18
1.01556e+18
1.02031e+18
1.0245e+18
1.02851e+18
1.03251e+18
1.03592e+18
1.03912e+18
1.04208e+18
1.04493e+18
1.0472e+18
1.04961e+18
1.05168e+18
1.05318e+18
1.05459e+18
1.05588e+18
1.05644e+18
1.05676e+18
1.05652e+18
1.05579e+18
1.05444e+18
1.0528e+18
1.05049e+18
1.04771e+18
1.04417e+18
1.04007e+18
1.03533e+18
1.02984e+18
1.02381e+18
1.01696e+18
1.00948e+18
1.00112e+18
9.91965e+17
9.82275e+17
9.71746e+17
9.60419e+17
9.48352e+17
9.35514e+17
9.21823e+17
9.06932e+17
8.91002e+17
8.73856e+17
8.54859e+17
8.33403e+17
8.08631e+17
7.79382e+17
7.4402e+17
7.01125e+17
6.48762e+17
5.86165e+17
5.12183e+17
4.28399e+17
3.37779e+17
2.49675e+17
1.7211e+17
1.1372e+17
6.58102e+16
2.25399e+16
6.82478e+16
1.97373e+17
3.21119e+17
4.37093e+17
5.39263e+17
6.24061e+17
6.91571e+17
7.4481e+17
7.87547e+17
8.22874e+17
8.5311e+17
8.79292e+17
9.02151e+17
9.22074e+17
9.39263e+17
9.54128e+17
9.66704e+17
9.77272e+17
9.86292e+17
9.94191e+17
1.00106e+18
1.0072e+18
1.01293e+18
1.01809e+18
1.02284e+18
1.02718e+18
1.03135e+18
1.03545e+18
1.03901e+18
1.04243e+18
1.04558e+18
1.04825e+18
1.05123e+18
1.05374e+18
1.05569e+18
1.05769e+18
1.05947e+18
1.06066e+18
1.06123e+18
1.06159e+18
1.06142e+18
1.06081e+18
1.05962e+18
1.05813e+18
1.05588e+18
1.05343e+18
1.05025e+18
1.04621e+18
1.04176e+18
1.03671e+18
1.03081e+18
1.02424e+18
1.01698e+18
1.00894e+18
1.00008e+18
9.90409e+17
9.80185e+17
9.69109e+17
9.57202e+17
9.44678e+17
9.31129e+17
9.16533e+17
9.00834e+17
8.8407e+17
8.65578e+17
8.45045e+17
8.21341e+17
7.93569e+17
7.60029e+17
7.19151e+17
6.68648e+17
6.07666e+17
5.3427e+17
4.49925e+17
3.56362e+17
2.63574e+17
1.8013e+17
1.17633e+17
6.70796e+16
2.27314e+16
7.05815e+16
2.05644e+17
3.35754e+17
4.53625e+17
5.54789e+17
6.37756e+17
7.0357e+17
7.55204e+17
7.9663e+17
8.31144e+17
8.60691e+17
8.862e+17
9.08406e+17
9.27578e+17
9.4419e+17
9.58431e+17
9.70407e+17
9.80434e+17
9.89075e+17
9.96713e+17
1.0035e+18
1.00953e+18
1.01528e+18
1.02029e+18
1.02507e+18
1.02949e+18
1.03379e+18
1.03781e+18
1.04145e+18
1.04483e+18
1.04815e+18
1.05111e+18
1.05415e+18
1.05653e+18
1.05873e+18
1.06094e+18
1.06262e+18
1.06391e+18
1.06481e+18
1.06521e+18
1.06495e+18
1.0645e+18
1.06345e+18
1.06204e+18
1.06001e+18
1.05778e+18
1.05462e+18
1.05127e+18
1.04698e+18
1.0423e+18
1.03671e+18
1.03026e+18
1.02332e+18
1.01552e+18
1.00705e+18
9.97621e+17
9.87542e+17
9.76701e+17
9.65124e+17
9.5268e+17
9.39611e+17
9.2538e+17
9.09996e+17
8.93585e+17
8.757e+17
8.5583e+17
8.33184e+17
8.06861e+17
7.75017e+17
7.36195e+17
6.87721e+17
6.28615e+17
5.56385e+17
4.71887e+17
3.75974e+17
2.78604e+17
1.89021e+17
1.22056e+17
6.86284e+16
2.29576e+16
7.06763e+16
2.03088e+17
3.30779e+17
4.51545e+17
5.56264e+17
6.4125e+17
7.07722e+17
7.59595e+17
8.01195e+17
8.35598e+17
8.64923e+17
8.90287e+17
9.12216e+17
9.31071e+17
9.47284e+17
9.60994e+17
9.72513e+17
9.82294e+17
9.90734e+17
9.98165e+17
1.0048e+18
1.0108e+18
1.01648e+18
1.02145e+18
1.02637e+18
1.03083e+18
1.03514e+18
1.03918e+18
1.0429e+18
1.04639e+18
1.04974e+18
1.05282e+18
1.05579e+18
1.05827e+18
1.06068e+18
1.06276e+18
1.06452e+18
1.06592e+18
1.06697e+18
1.06744e+18
1.06726e+18
1.0666e+18
1.06568e+18
1.06423e+18
1.06245e+18
1.06014e+18
1.05734e+18
1.0541e+18
1.05028e+18
1.04578e+18
1.04081e+18
1.03508e+18
1.02837e+18
1.02079e+18
1.01261e+18
1.0036e+18
9.93943e+17
9.83323e+17
9.72098e+17
9.59994e+17
9.47246e+17
9.33408e+17
9.1838e+17
9.0239e+17
8.84989e+17
8.65951e+17
8.44159e+17
8.19158e+17
7.88976e+17
7.52307e+17
7.06004e+17
6.49015e+17
5.78277e+17
4.94293e+17
3.96489e+17
2.94965e+17
1.98912e+17
1.27034e+17
7.03477e+16
2.33454e+16
7.49711e+16
2.19084e+17
3.55336e+17
4.75234e+17
5.76639e+17
6.58304e+17
7.22079e+17
7.71671e+17
8.11456e+17
8.44573e+17
8.72954e+17
8.97301e+17
9.18267e+17
9.36209e+17
9.51524e+17
9.64471e+17
9.75342e+17
9.84582e+17
9.92514e+17
9.99736e+17
1.00622e+18
1.01214e+18
1.0175e+18
1.02242e+18
1.02732e+18
1.03168e+18
1.03592e+18
1.03988e+18
1.0435e+18
1.04709e+18
1.05027e+18
1.05343e+18
1.05617e+18
1.05864e+18
1.06104e+18
1.06317e+18
1.06487e+18
1.06623e+18
1.06725e+18
1.06757e+18
1.06771e+18
1.06747e+18
1.06668e+18
1.06531e+18
1.06373e+18
1.0614e+18
1.05885e+18
1.05564e+18
1.05204e+18
1.04753e+18
1.04305e+18
1.03762e+18
1.03132e+18
1.02425e+18
1.01649e+18
1.00778e+18
9.98551e+17
9.8858e+17
9.77599e+17
9.6598e+17
9.53651e+17
9.40275e+17
9.25796e+17
9.10259e+17
8.93369e+17
8.74983e+17
8.54175e+17
8.30382e+17
8.01856e+17
7.67201e+17
7.23212e+17
6.68616e+17
5.99804e+17
5.16903e+17
4.1788e+17
3.12538e+17
2.09844e+17
1.32598e+17
7.23232e+16
2.38344e+16
7.31245e+16
2.07519e+17
3.41107e+17
4.68484e+17
5.75603e+17
6.60179e+17
7.24946e+17
7.74929e+17
8.14976e+17
8.48064e+17
8.76121e+17
9.00202e+17
9.20721e+17
9.38166e+17
9.53042e+17
9.65423e+17
9.75857e+17
9.84797e+17
9.92585e+17
9.99564e+17
1.0059e+18
1.01164e+18
1.0169e+18
1.02187e+18
1.02664e+18
1.03096e+18
1.03504e+18
1.03889e+18
1.04252e+18
1.04603e+18
1.0492e+18
1.05227e+18
1.05504e+18
1.05725e+18
1.05967e+18
1.06185e+18
1.06357e+18
1.06473e+18
1.06561e+18
1.06594e+18
1.0661e+18
1.06593e+18
1.06524e+18
1.06421e+18
1.06275e+18
1.06076e+18
1.05831e+18
1.05531e+18
1.05182e+18
1.04783e+18
1.04333e+18
1.03827e+18
1.03233e+18
1.02561e+18
1.01824e+18
1.0101e+18
1.00146e+18
9.92008e+17
9.81611e+17
9.70493e+17
9.58612e+17
9.45881e+17
9.31867e+17
9.17019e+17
9.00686e+17
8.83112e+17
8.63097e+17
8.4059e+17
8.13518e+17
7.80989e+17
7.39324e+17
6.87395e+17
6.20779e+17
5.39543e+17
4.39983e+17
3.31493e+17
2.22018e+17
1.38943e+17
7.45143e+16
2.46137e+16
8.23202e+16
2.41059e+17
3.81882e+17
5.02144e+17
6.02664e+17
6.8182e+17
7.42547e+17
7.89309e+17
8.26781e+17
8.57959e+17
8.84627e+17
9.07267e+17
9.26458e+17
9.42756e+17
9.56472e+17
9.6789e+17
9.77605e+17
9.8589e+17
9.93185e+17
9.998e+17
1.00575e+18
1.01116e+18
1.01629e+18
1.02093e+18
1.02554e+18
1.02956e+18
1.03337e+18
1.03706e+18
1.04038e+18
1.04369e+18
1.0467e+18
1.04953e+18
1.05217e+18
1.0542e+18
1.05633e+18
1.05819e+18
1.05982e+18
1.06112e+18
1.06185e+18
1.06239e+18
1.06253e+18
1.0623e+18
1.06172e+18
1.06057e+18
1.05914e+18
1.05737e+18
1.05503e+18
1.05246e+18
1.04911e+18
1.04549e+18
1.04124e+18
1.0365e+18
1.03086e+18
1.0248e+18
1.01797e+18
1.01032e+18
1.00211e+18
9.93279e+17
9.83571e+17
9.73147e+17
9.61877e+17
9.49735e+17
9.36455e+17
9.22333e+17
9.06712e+17
8.89914e+17
8.70838e+17
8.49442e+17
8.2394e+17
7.93404e+17
7.54111e+17
7.04987e+17
6.40948e+17
5.62032e+17
4.62653e+17
3.51697e+17
2.35497e+17
1.4603e+17
7.703e+16
2.60613e+16
7.48102e+16
2.07634e+17
3.53413e+17
4.89467e+17
5.98358e+17
6.81404e+17
7.43405e+17
7.90687e+17
8.28556e+17
8.59794e+17
8.85999e+17
9.08077e+17
9.2677e+17
9.42543e+17
9.55614e+17
9.66498e+17
9.75728e+17
9.83758e+17
9.90815e+17
9.97119e+17
1.00288e+18
1.00802e+18
1.01295e+18
1.01752e+18
1.02189e+18
1.02561e+18
1.02927e+18
1.03273e+18
1.03584e+18
1.03895e+18
1.04159e+18
1.04408e+18
1.04659e+18
1.04867e+18
1.05043e+18
1.052e+18
1.05331e+18
1.05456e+18
1.0553e+18
1.05575e+18
1.05586e+18
1.05574e+18
1.05518e+18
1.05424e+18
1.05288e+18
1.05125e+18
1.04921e+18
1.04657e+18
1.04369e+18
1.04017e+18
1.03626e+18
1.03172e+18
1.02666e+18
1.02098e+18
1.0145e+18
1.0076e+18
1.00017e+18
9.92156e+17
9.83231e+17
9.73499e+17
9.62904e+17
9.51664e+17
9.39108e+17
9.26051e+17
9.11141e+17
8.95272e+17
8.77073e+17
8.56996e+17
8.32783e+17
8.04361e+17
7.67408e+17
7.21306e+17
6.60171e+17
5.84133e+17
4.8577e+17
3.73276e+17
2.50479e+17
1.54173e+17
7.98351e+16
2.83907e+16
9.57095e+16
2.78392e+17
4.16875e+17
5.35975e+17
6.34142e+17
7.08932e+17
7.65071e+17
8.07992e+17
8.42389e+17
8.70761e+17
8.94891e+17
9.15102e+17
9.31982e+17
9.46059e+17
9.57769e+17
9.67564e+17
9.75952e+17
9.83163e+17
9.89471e+17
9.95284e+17
1.0005e+18
1.00514e+18
1.00951e+18
1.01369e+18
1.0175e+18
1.021e+18
1.02405e+18
1.02707e+18
1.02981e+18
1.03237e+18
1.0348e+18
1.03685e+18
1.03886e+18
1.04064e+18
1.04222e+18
1.04351e+18
1.04461e+18
1.04544e+18
1.04601e+18
1.04631e+18
1.04631e+18
1.04614e+18
1.04553e+18
1.04469e+18
1.04336e+18
1.04179e+18
1.03974e+18
1.03743e+18
1.03468e+18
1.03147e+18
1.0278e+18
1.02376e+18
1.01911e+18
1.014e+18
1.00833e+18
1.00222e+18
9.95451e+17
9.88151e+17
9.79917e+17
9.7107e+17
9.61539e+17
9.51155e+17
9.39502e+17
9.2726e+17
9.13465e+17
8.98756e+17
8.81517e+17
8.62737e+17
8.39961e+17
8.13552e+17
7.79008e+17
7.36008e+17
6.77971e+17
6.05528e+17
5.09012e+17
3.9608e+17
2.67096e+17
1.63503e+17
8.29714e+16
3.22787e+16
7.35137e+16
1.99901e+17
3.70995e+17
5.1603e+17
6.25042e+17
7.0476e+17
7.62475e+17
8.06033e+17
8.40793e+17
8.69286e+17
8.92888e+17
9.12285e+17
9.28487e+17
9.42002e+17
9.53148e+17
9.62373e+17
9.70249e+17
9.77082e+17
9.83173e+17
9.88459e+17
9.93454e+17
9.97821e+17
1.00169e+18
1.00548e+18
1.00895e+18
1.01209e+18
1.01506e+18
1.01758e+18
1.01999e+18
1.02216e+18
1.02418e+18
1.026e+18
1.02754e+18
1.02908e+18
1.03026e+18
1.03132e+18
1.03213e+18
1.03282e+18
1.03319e+18
1.03343e+18
1.03326e+18
1.03292e+18
1.0323e+18
1.03141e+18
1.03017e+18
1.02876e+18
1.02685e+18
1.02478e+18
1.02221e+18
1.01941e+18
1.0161e+18
1.01255e+18
1.00842e+18
1.00397e+18
9.98935e+17
9.93532e+17
9.87409e+17
9.80886e+17
9.73518e+17
9.65787e+17
9.56996e+17
9.47654e+17
9.37024e+17
9.26183e+17
9.13333e+17
8.9972e+17
8.83642e+17
8.66477e+17
8.44999e+17
8.20697e+17
7.88381e+17
7.48735e+17
6.94059e+17
6.25783e+17
5.32116e+17
4.20126e+17
2.85538e+17
1.74321e+17
8.64241e+16
3.86972e+16
1.22397e+17
3.38112e+17
4.61638e+17
5.78914e+17
6.71998e+17
7.39592e+17
7.89064e+17
8.2674e+17
8.5678e+17
8.8124e+17
9.01662e+17
9.18554e+17
9.32468e+17
9.43793e+17
9.53278e+17
9.61211e+17
9.67971e+17
9.73711e+17
9.78792e+17
9.83329e+17
9.87436e+17
9.91158e+17
9.94369e+17
9.9729e+17
1.0001e+18
1.00251e+18
1.00483e+18
1.00697e+18
1.00877e+18
1.0105e+18
1.01193e+18
1.01327e+18
1.01435e+18
1.01535e+18
1.01613e+18
1.01677e+18
1.01724e+18
1.01759e+18
1.01762e+18
1.01752e+18
1.01719e+18
1.01671e+18
1.01593e+18
1.01504e+18
1.01375e+18
1.01238e+18
1.01059e+18
1.0087e+18
1.00633e+18
1.00386e+18
1.00086e+18
9.97743e+17
9.93992e+17
9.9016e+17
9.85638e+17
9.80973e+17
9.75521e+17
9.69889e+17
9.634e+17
9.56662e+17
9.48793e+17
9.40732e+17
9.31322e+17
9.21594e+17
9.09762e+17
8.97786e+17
8.82989e+17
8.67278e+17
8.47295e+17
8.25246e+17
7.95101e+17
7.58864e+17
7.07706e+17
6.44345e+17
5.5442e+17
4.45062e+17
3.0592e+17
1.86943e+17
9.00908e+16
4.86878e+16
6.20935e+16
1.86494e+17
3.97486e+17
5.49191e+17
6.5487e+17
7.28084e+17
7.79576e+17
8.17914e+17
8.48224e+17
8.72748e+17
8.92696e+17
9.08563e+17
9.21816e+17
9.32719e+17
9.41611e+17
9.49114e+17
9.55386e+17
9.60701e+17
9.6538e+17
9.69391e+17
9.7306e+17
9.76284e+17
9.79256e+17
9.81801e+17
9.84163e+17
9.86181e+17
9.88045e+17
9.89698e+17
9.91194e+17
9.92441e+17
9.93602e+17
9.94513e+17
9.9536e+17
9.95993e+17
9.96478e+17
9.96833e+17
9.97016e+17
9.97069e+17
9.96963e+17
9.96711e+17
9.96248e+17
9.95679e+17
9.94851e+17
9.93939e+17
9.92736e+17
9.91447e+17
9.898e+17
9.88123e+17
9.85966e+17
9.8387e+17
9.81172e+17
9.78562e+17
9.75242e+17
9.72076e+17
9.68029e+17
9.64223e+17
9.59404e+17
9.54851e+17
9.49061e+17
9.43538e+17
9.36537e+17
9.29854e+17
9.21325e+17
9.12948e+17
9.02342e+17
8.91883e+17
8.78156e+17
8.64416e+17
8.4591e+17
8.26028e+17
7.98094e+17
7.65529e+17
7.17953e+17
6.60212e+17
5.75095e+17
4.70512e+17
3.28284e+17
2.01806e+17
9.3988e+16
6.33501e+16
1.79041e+17
4.19169e+17
5.19853e+17
6.32782e+17
7.15656e+17
7.71808e+17
8.11778e+17
8.42106e+17
8.65967e+17
8.84779e+17
9.00278e+17
9.12797e+17
9.22957e+17
9.31285e+17
9.38151e+17
9.43795e+17
9.48625e+17
9.52636e+17
9.56068e+17
9.58905e+17
9.61459e+17
9.63668e+17
9.65612e+17
9.67334e+17
9.68777e+17
9.70072e+17
9.71163e+17
9.72132e+17
9.72894e+17
9.73602e+17
9.74055e+17
9.74512e+17
9.74692e+17
9.74967e+17
9.74879e+17
9.74931e+17
9.74626e+17
9.74419e+17
9.73893e+17
9.73487e+17
9.72701e+17
9.72094e+17
9.70991e+17
9.70105e+17
9.68707e+17
9.67537e+17
9.65851e+17
9.64325e+17
9.62253e+17
9.60406e+17
9.57895e+17
9.5565e+17
9.52623e+17
9.4996e+17
9.46342e+17
9.43201e+17
9.38847e+17
9.3512e+17
9.29918e+17
9.25423e+17
9.19112e+17
9.13648e+17
9.0591e+17
8.9906e+17
8.8943e+17
8.80591e+17
8.6814e+17
8.5636e+17
8.39091e+17
8.21818e+17
7.95787e+17
7.67058e+17
7.23224e+17
6.71833e+17
5.92496e+17
4.95202e+17
3.52267e+17
2.19371e+17
9.80315e+16
8.32611e+16
2.89423e+16
1.8348e+17
4.32457e+17
5.86309e+17
6.81617e+17
7.43581e+17
7.86221e+17
8.17144e+17
8.41249e+17
8.60133e+17
8.75074e+17
8.87155e+17
8.96897e+17
9.04849e+17
9.11422e+17
9.16805e+17
9.21317e+17
9.2511e+17
9.28344e+17
9.31079e+17
9.33364e+17
9.35349e+17
9.36997e+17
9.38457e+17
9.39622e+17
9.40701e+17
9.41472e+17
9.42237e+17
9.42731e+17
9.43228e+17
9.43453e+17
9.43715e+17
9.43694e+17
9.43771e+17
9.43518e+17
9.4342e+17
9.42947e+17
9.42687e+17
9.41977e+17
9.416e+17
9.40646e+17
9.40086e+17
9.38906e+17
9.38146e+17
9.36698e+17
9.35761e+17
9.34033e+17
9.32873e+17
9.30812e+17
9.29413e+17
9.26968e+17
9.2531e+17
9.22398e+17
9.20449e+17
9.17024e+17
9.14707e+17
9.1065e+17
9.07898e+17
9.03064e+17
8.99721e+17
8.93897e+17
8.89763e+17
8.82646e+17
8.77398e+17
8.68438e+17
8.61498e+17
8.49833e+17
8.40178e+17
8.23952e+17
8.09377e+17
7.84921e+17
7.6069e+17
7.2026e+17
6.76503e+17
6.03832e+17
5.17135e+17
3.76613e+17
2.39983e+17
1.02206e+17
1.08126e+17
2.7327e+17
5.10697e+17
5.99626e+17
6.9714e+17
7.59768e+17
7.9833e+17
8.24916e+17
8.44336e+17
8.5885e+17
8.70175e+17
8.79044e+17
8.86071e+17
8.9171e+17
8.96222e+17
8.99922e+17
9.0289e+17
9.05252e+17
9.0721e+17
9.08725e+17
9.10034e+17
9.10928e+17
9.11798e+17
9.12242e+17
9.12749e+17
9.12885e+17
9.13156e+17
9.13033e+17
9.13105e+17
9.12745e+17
9.12662e+17
9.12098e+17
9.11886e+17
9.11135e+17
9.10828e+17
9.09902e+17
9.09514e+17
9.08388e+17
9.07944e+17
9.06607e+17
9.06092e+17
9.0455e+17
9.03955e+17
9.02184e+17
9.0149e+17
8.995e+17
8.98711e+17
8.96436e+17
8.95543e+17
8.92934e+17
8.91928e+17
8.88985e+17
8.87799e+17
8.84442e+17
8.83081e+17
8.79222e+17
8.77644e+17
8.7319e+17
8.71323e+17
8.66114e+17
8.63862e+17
8.57705e+17
8.54878e+17
8.47443e+17
8.43751e+17
8.34528e+17
8.295e+17
8.17639e+17
8.10368e+17
7.94303e+17
7.8302e+17
7.59681e+17
7.40659e+17
7.03651e+17
6.68897e+17
6.03423e+17
5.31625e+17
3.97911e+17
2.6289e+17
1.05919e+17
1.3477e+17
-1.63609e+16
1.98209e+17
4.58091e+17
6.04186e+17
6.77647e+17
7.21761e+17
7.51423e+17
7.72671e+17
7.88502e+17
8.00585e+17
8.09998e+17
8.17496e+17
8.23391e+17
8.28307e+17
8.321e+17
8.35431e+17
8.37885e+17
8.40197e+17
8.41733e+17
8.43359e+17
8.44228e+17
8.45379e+17
8.45748e+17
8.46545e+17
8.46523e+17
8.4709e+17
8.46736e+17
8.47106e+17
8.46451e+17
8.46691e+17
8.45767e+17
8.45887e+17
8.44725e+17
8.44768e+17
8.43359e+17
8.43347e+17
8.417e+17
8.41645e+17
8.3975e+17
8.39659e+17
8.37503e+17
8.37373e+17
8.34931e+17
8.34793e+17
8.32032e+17
8.31894e+17
8.28793e+17
8.28635e+17
8.25163e+17
8.24986e+17
8.21076e+17
8.20908e+17
8.16506e+17
8.16293e+17
8.11325e+17
8.11061e+17
8.05408e+17
8.05082e+17
7.98625e+17
7.98156e+17
7.90685e+17
7.89962e+17
7.81166e+17
7.80031e+17
7.69464e+17
7.6757e+17
7.5451e+17
7.51244e+17
7.34373e+17
7.28539e+17
7.05378e+17
6.94369e+17
6.59771e+17
6.374e+17
5.78688e+17
5.27121e+17
4.05659e+17
2.83764e+17
1.06782e+17
1.53924e+17
3.53257e+17
6.13722e+17
6.88919e+17
7.30873e+17
7.55206e+17
7.70351e+17
7.78706e+17
7.83762e+17
7.85947e+17
7.87364e+17
7.87126e+17
7.87032e+17
7.8562e+17
7.84796e+17
7.82742e+17
7.81563e+17
7.7911e+17
7.77748e+17
7.75006e+17
7.7357e+17
7.70623e+17
7.69166e+17
7.66043e+17
7.64603e+17
7.61316e+17
7.59933e+17
7.56493e+17
7.55193e+17
7.51581e+17
7.50395e+17
7.46588e+17
7.45529e+17
7.4153e+17
7.40601e+17
7.36388e+17
7.35635e+17
7.31175e+17
7.30613e+17
7.25885e+17
7.25528e+17
7.20492e+17
7.20359e+17
7.14978e+17
7.15083e+17
7.09326e+17
7.09687e+17
7.03492e+17
7.04153e+17
6.97465e+17
6.98445e+17
6.91195e+17
6.92524e+17
6.8463e+17
6.86333e+17
6.77683e+17
6.79816e+17
6.70283e+17
6.72872e+17
6.62311e+17
6.65371e+17
6.53581e+17
6.57113e+17
6.43807e+17
6.47792e+17
6.32578e+17
6.36907e+17
6.19159e+17
6.2358e+17
6.02272e+17
6.06185e+17
5.79351e+17
5.81263e+17
5.44792e+17
5.40737e+17
4.84463e+17
4.62562e+17
3.59692e+17
2.85681e+17
1.01063e+17
1.73677e+17
1.1368e+16
2.25911e+17
3.07604e+17
3.43244e+17
3.65233e+17
3.80993e+17
3.90516e+17
3.97291e+17
4.00623e+17
4.03299e+17
4.03698e+17
4.04405e+17
4.03261e+17
4.02971e+17
4.00941e+17
4.00144e+17
3.97572e+17
3.96537e+17
3.9358e+17
3.92472e+17
3.89225e+17
3.88141e+17
3.84639e+17
3.83655e+17
3.79926e+17
3.7909e+17
3.75141e+17
3.74506e+17
3.70315e+17
3.69928e+17
3.65473e+17
3.65382e+17
3.6063e+17
3.60871e+17
3.55789e+17
3.56419e+17
3.50954e+17
3.52025e+17
3.46126e+17
3.47687e+17
3.41287e+17
3.43418e+17
3.36429e+17
3.39203e+17
3.31537e+17
3.35051e+17
3.26597e+17
3.30957e+17
3.21591e+17
3.26924e+17
3.16488e+17
3.2294e+17
3.11259e+17
3.18998e+17
3.05868e+17
3.15081e+17
3.00255e+17
3.11173e+17
2.94365e+17
3.07249e+17
2.88096e+17
3.03265e+17
2.81313e+17
2.99134e+17
2.7381e+17
2.94722e+17
2.65271e+17
2.89794e+17
2.55132e+17
2.83905e+17
2.42352e+17
2.76176e+17
2.24833e+17
2.6498e+17
1.98055e+17
2.4809e+17
1.53646e+17
2.35271e+17
7.29422e+16
3.1392e+17
)
;

boundaryField
{
    movingWall
    {
        type            fixedValue;
        value           uniform 0;
    }
    fixedWalls
    {
        type            fixedValue;
        value           uniform 0;
    }
    frontAndBack
    {
        type            empty;
    }
}


// ************************************************************************* //
