/*--------------------------------*- C++ -*----------------------------------*\
  =========                 |
  \\      /  F ield         | OpenFOAM: The Open Source CFD Toolbox
   \\    /   O peration     | Website:  https://openfoam.org
    \\  /    A nd           | Version:  6
     \\/     M anipulation  |
\*---------------------------------------------------------------------------*/
FoamFile
{
    version     2.0;
    format      ascii;
    class       volScalarField;
    location    "600";
    object      dnp2_s;
}
// * * * * * * * * * * * * * * * * * * * * * * * * * * * * * * * * * * * * * //

dimensions      [0 -3 -1 0 0 0 0];

internalField   nonuniform List<scalar> 
6400
(
1.57429e+14
2.55609e+14
3.45805e+14
4.37713e+14
5.55755e+14
6.47489e+14
7.14496e+14
8.20939e+14
9.0148e+14
1.00217e+15
1.05763e+15
1.19395e+15
1.23408e+15
1.29984e+15
1.41392e+15
1.47482e+15
1.60222e+15
1.60914e+15
1.73168e+15
1.75556e+15
1.88509e+15
1.91533e+15
1.91649e+15
1.97256e+15
2.06965e+15
2.06524e+15
2.15108e+15
2.16714e+15
2.23623e+15
2.28454e+15
2.44899e+15
2.33764e+15
2.39031e+15
2.42676e+15
2.47716e+15
2.39987e+15
2.51901e+15
2.45305e+15
2.4681e+15
2.42059e+15
2.55717e+15
2.44579e+15
2.52895e+15
2.42027e+15
2.41005e+15
2.39293e+15
2.43223e+15
2.41109e+15
2.3066e+15
2.37714e+15
2.26781e+15
2.35184e+15
2.20621e+15
2.17137e+15
2.10676e+15
2.06997e+15
2.00278e+15
1.97797e+15
1.87442e+15
1.8201e+15
1.74361e+15
1.68567e+15
1.61488e+15
1.54058e+15
1.48932e+15
1.37708e+15
1.35576e+15
1.20472e+15
1.20185e+15
1.08362e+15
1.00321e+15
9.13316e+14
7.98697e+14
7.3173e+14
6.28644e+14
5.885e+14
4.54357e+14
3.58367e+14
2.77576e+14
1.58443e+14
2.38925e+14
3.74243e+14
5.51536e+14
7.22116e+14
8.4838e+14
1.008e+15
1.10966e+15
1.26852e+15
1.46166e+15
1.51237e+15
1.65035e+15
1.79333e+15
1.98425e+15
2.01135e+15
2.17731e+15
2.35898e+15
2.44356e+15
2.57432e+15
2.62363e+15
2.75438e+15
2.8156e+15
2.98231e+15
2.98466e+15
3.06177e+15
3.2201e+15
3.25599e+15
3.35153e+15
3.36728e+15
3.56659e+15
3.52017e+15
3.61333e+15
3.56322e+15
3.79839e+15
3.65546e+15
3.73552e+15
3.74368e+15
3.80438e+15
3.79827e+15
3.88177e+15
3.8454e+15
3.89869e+15
3.91297e+15
3.87536e+15
3.79747e+15
3.72632e+15
3.70273e+15
3.77044e+15
3.63753e+15
3.65585e+15
3.61413e+15
3.57731e+15
3.53381e+15
3.48487e+15
3.36377e+15
3.25745e+15
3.16465e+15
3.08635e+15
2.99274e+15
2.95962e+15
2.80614e+15
2.6908e+15
2.58758e+15
2.47256e+15
2.32406e+15
2.29907e+15
2.19398e+15
2.03963e+15
1.9057e+15
1.76701e+15
1.71378e+15
1.54755e+15
1.38899e+15
1.21964e+15
1.10375e+15
9.94091e+14
8.30547e+14
6.93877e+14
5.34782e+14
4.46334e+14
2.31821e+14
3.25249e+14
5.27309e+14
7.10837e+14
9.63648e+14
1.08839e+15
1.28713e+15
1.46841e+15
1.67021e+15
1.89136e+15
1.9904e+15
2.15213e+15
2.3317e+15
2.57501e+15
2.66442e+15
2.94746e+15
3.11627e+15
3.21393e+15
3.35069e+15
3.51359e+15
3.69507e+15
3.73115e+15
3.97715e+15
3.94427e+15
4.07256e+15
4.25918e+15
4.34005e+15
4.46834e+15
4.6915e+15
4.67736e+15
4.66617e+15
4.75472e+15
4.90326e+15
4.9212e+15
4.95573e+15
5.00317e+15
5.07139e+15
5.11054e+15
5.13663e+15
4.98568e+15
5.0528e+15
5.02221e+15
5.10277e+15
5.09907e+15
5.10786e+15
4.98939e+15
4.91298e+15
4.92781e+15
4.85045e+15
4.7719e+15
4.77989e+15
4.75868e+15
4.64799e+15
4.60112e+15
4.46331e+15
4.3256e+15
4.22996e+15
4.03584e+15
4.04202e+15
3.94086e+15
3.7678e+15
3.53664e+15
3.49734e+15
3.34227e+15
3.09036e+15
3.00179e+15
2.9085e+15
2.70055e+15
2.53889e+15
2.32836e+15
2.25983e+15
2.08908e+15
1.91939e+15
1.63254e+15
1.56644e+15
1.30973e+15
1.11075e+15
9.64101e+14
7.2291e+14
5.54095e+14
3.28123e+14
3.947e+14
6.38515e+14
9.3197e+14
1.18809e+15
1.41669e+15
1.63318e+15
1.86385e+15
2.07185e+15
2.39078e+15
2.57024e+15
2.72583e+15
2.9764e+15
3.11527e+15
3.44894e+15
3.61036e+15
3.82225e+15
4.00775e+15
4.16436e+15
4.43728e+15
4.53009e+15
4.8055e+15
4.92305e+15
4.97153e+15
5.18231e+15
5.30595e+15
5.51477e+15
5.42683e+15
5.61573e+15
5.77359e+15
5.7885e+15
6.02673e+15
6.05582e+15
6.04091e+15
6.21305e+15
6.20231e+15
6.27083e+15
6.34361e+15
6.36389e+15
6.28439e+15
6.28072e+15
6.33487e+15
6.38865e+15
6.34304e+15
6.18869e+15
6.20522e+15
6.0891e+15
6.02731e+15
6.07581e+15
6.00184e+15
5.92364e+15
5.85946e+15
5.7851e+15
5.67802e+15
5.52343e+15
5.40254e+15
5.27308e+15
5.15744e+15
4.97976e+15
4.81467e+15
4.709e+15
4.47435e+15
4.30942e+15
4.0926e+15
3.91898e+15
3.80703e+15
3.56254e+15
3.37266e+15
3.24387e+15
2.96591e+15
2.78066e+15
2.58831e+15
2.36328e+15
2.10374e+15
1.88653e+15
1.66668e+15
1.38162e+15
1.18026e+15
9.18648e+14
6.45744e+14
4.01975e+14
4.64061e+14
8.48662e+14
1.07236e+15
1.38905e+15
1.6544e+15
1.97963e+15
2.23843e+15
2.51585e+15
2.7826e+15
3.07054e+15
3.35165e+15
3.5133e+15
3.73777e+15
4.10328e+15
4.40788e+15
4.61689e+15
4.84266e+15
5.06357e+15
5.18296e+15
5.43074e+15
5.57907e+15
5.80087e+15
5.9857e+15
6.16995e+15
6.39561e+15
6.55571e+15
6.65049e+15
6.77043e+15
6.86532e+15
7.05667e+15
7.06515e+15
7.10141e+15
7.27421e+15
7.19831e+15
7.35595e+15
7.38715e+15
7.45122e+15
7.65346e+15
7.61936e+15
7.68931e+15
7.59741e+15
7.6428e+15
7.62613e+15
7.48835e+15
7.26705e+15
7.36596e+15
7.35984e+15
7.1972e+15
7.2797e+15
7.07807e+15
7.04489e+15
6.76506e+15
6.7436e+15
6.82137e+15
6.58283e+15
6.3878e+15
6.23594e+15
5.99011e+15
5.77566e+15
5.6502e+15
5.43714e+15
5.0836e+15
4.89217e+15
4.67892e+15
4.49922e+15
4.28865e+15
4.08509e+15
3.94045e+15
3.54364e+15
3.34514e+15
3.04184e+15
2.75045e+15
2.55921e+15
2.19254e+15
1.89178e+15
1.65366e+15
1.38522e+15
1.11265e+15
7.58078e+14
4.62716e+14
5.59649e+14
9.52296e+14
1.29978e+15
1.66346e+15
1.91107e+15
2.26007e+15
2.58469e+15
2.94887e+15
3.24402e+15
3.55192e+15
3.83936e+15
4.09685e+15
4.40787e+15
4.80054e+15
5.10625e+15
5.23383e+15
5.61066e+15
5.78439e+15
5.96571e+15
6.35863e+15
6.61853e+15
6.7802e+15
6.91399e+15
7.17658e+15
7.3525e+15
7.59037e+15
7.69637e+15
7.86009e+15
8.00996e+15
8.17405e+15
8.12308e+15
8.28171e+15
8.4734e+15
8.55127e+15
8.63336e+15
8.69575e+15
8.77283e+15
8.90879e+15
9.03379e+15
8.77791e+15
8.85594e+15
8.8643e+15
8.7328e+15
8.74953e+15
8.68183e+15
8.6884e+15
8.55487e+15
8.45886e+15
8.40422e+15
8.26709e+15
8.17171e+15
8.00253e+15
7.78878e+15
7.73895e+15
7.573e+15
7.41336e+15
7.24966e+15
6.96056e+15
6.7264e+15
6.60209e+15
6.38891e+15
6.03078e+15
5.82787e+15
5.45531e+15
5.2486e+15
5.03262e+15
4.81876e+15
4.45104e+15
4.13993e+15
3.89099e+15
3.55823e+15
3.2184e+15
2.90602e+15
2.55708e+15
2.21681e+15
1.95455e+15
1.62521e+15
1.29763e+15
8.82615e+14
5.53882e+14
6.22483e+14
1.04013e+15
1.47633e+15
1.87543e+15
2.16761e+15
2.547e+15
2.9188e+15
3.32127e+15
3.65226e+15
4.07313e+15
4.36065e+15
4.692e+15
5.05871e+15
5.39264e+15
5.65441e+15
6.03922e+15
6.22582e+15
6.6183e+15
6.99564e+15
7.25796e+15
7.43678e+15
7.74757e+15
7.86134e+15
8.02106e+15
8.29171e+15
8.61874e+15
8.95022e+15
9.04724e+15
8.94389e+15
9.26325e+15
9.40788e+15
9.5128e+15
9.59239e+15
9.64938e+15
9.82044e+15
9.8829e+15
1.01181e+16
1.00941e+16
9.95545e+15
1.00359e+16
1.00601e+16
1.01041e+16
1.00431e+16
1.00499e+16
9.87649e+15
9.82247e+15
9.82904e+15
9.75148e+15
9.56424e+15
9.43423e+15
9.20665e+15
9.07945e+15
9.17319e+15
8.721e+15
8.50616e+15
8.56511e+15
8.3337e+15
7.95242e+15
7.58672e+15
7.55129e+15
7.31251e+15
6.98998e+15
6.57887e+15
6.26111e+15
5.99694e+15
5.66346e+15
5.58921e+15
5.18625e+15
4.73094e+15
4.49378e+15
4.02547e+15
3.68534e+15
3.32066e+15
2.94941e+15
2.50243e+15
2.2052e+15
1.78033e+15
1.50286e+15
1.0791e+15
6.6693e+14
7.01211e+14
1.20328e+15
1.68223e+15
2.10112e+15
2.46383e+15
2.92657e+15
3.34355e+15
3.66351e+15
4.17057e+15
4.56695e+15
4.89278e+15
5.2859e+15
5.76198e+15
5.98248e+15
6.35636e+15
6.80035e+15
7.14536e+15
7.48444e+15
7.72746e+15
8.10057e+15
8.29742e+15
8.5655e+15
8.90925e+15
9.10541e+15
9.35042e+15
9.56471e+15
9.95154e+15
9.8872e+15
1.03403e+16
1.05481e+16
1.04865e+16
1.0598e+16
1.06998e+16
1.08244e+16
1.10266e+16
1.09823e+16
1.11783e+16
1.1278e+16
1.13328e+16
1.13239e+16
1.13505e+16
1.12516e+16
1.11918e+16
1.14063e+16
1.11076e+16
1.08783e+16
1.10073e+16
1.08402e+16
1.07607e+16
1.0446e+16
1.04045e+16
1.03478e+16
9.95639e+15
9.77587e+15
9.56158e+15
9.42672e+15
9.21048e+15
9.09649e+15
8.75e+15
8.31697e+15
8.05037e+15
7.68836e+15
7.35898e+15
6.94174e+15
6.76937e+15
6.41974e+15
6.09663e+15
5.80211e+15
5.45609e+15
4.98388e+15
4.55659e+15
4.11961e+15
3.77426e+15
3.27036e+15
2.8993e+15
2.44603e+15
2.01232e+15
1.68712e+15
1.22639e+15
7.20384e+14
7.60095e+14
1.30188e+15
1.89117e+15
2.33586e+15
2.8286e+15
3.16582e+15
3.70197e+15
4.17469e+15
4.55302e+15
5.01872e+15
5.52726e+15
5.76786e+15
6.32203e+15
6.83286e+15
7.25344e+15
7.33675e+15
7.81487e+15
8.43001e+15
8.62961e+15
8.93169e+15
9.29093e+15
9.52789e+15
9.69926e+15
1.01812e+16
1.03222e+16
1.05932e+16
1.09568e+16
1.10436e+16
1.12283e+16
1.14568e+16
1.17125e+16
1.18064e+16
1.21189e+16
1.21433e+16
1.21437e+16
1.22713e+16
1.2415e+16
1.25539e+16
1.26433e+16
1.25878e+16
1.25294e+16
1.25401e+16
1.23628e+16
1.23205e+16
1.22912e+16
1.20681e+16
1.20147e+16
1.18457e+16
1.18706e+16
1.17218e+16
1.14689e+16
1.12353e+16
1.0998e+16
1.08881e+16
1.0634e+16
1.04377e+16
1.02669e+16
9.98665e+15
9.53852e+15
9.30891e+15
8.8113e+15
8.67863e+15
8.31845e+15
7.88847e+15
7.33422e+15
7.0134e+15
6.77759e+15
6.30628e+15
5.95759e+15
5.46247e+15
5.12102e+15
4.7069e+15
4.16636e+15
3.6461e+15
3.2079e+15
2.75943e+15
2.26348e+15
1.84376e+15
1.28629e+15
8.08008e+14
8.54775e+14
1.37947e+15
2.01013e+15
2.54075e+15
3.08495e+15
3.52727e+15
4.05514e+15
4.49321e+15
5.02781e+15
5.54239e+15
6.09838e+15
6.48038e+15
6.80881e+15
7.43219e+15
7.869e+15
8.28601e+15
8.70247e+15
9.10197e+15
9.48512e+15
9.84811e+15
1.02856e+16
1.04581e+16
1.07979e+16
1.11964e+16
1.15011e+16
1.18712e+16
1.20495e+16
1.22944e+16
1.25367e+16
1.26993e+16
1.29281e+16
1.30825e+16
1.32643e+16
1.33005e+16
1.3536e+16
1.34566e+16
1.36578e+16
1.36426e+16
1.36141e+16
1.37324e+16
1.38653e+16
1.3726e+16
1.37083e+16
1.35612e+16
1.35304e+16
1.33389e+16
1.32402e+16
1.30824e+16
1.30079e+16
1.28273e+16
1.26809e+16
1.24644e+16
1.22475e+16
1.20331e+16
1.16489e+16
1.16228e+16
1.11969e+16
1.07211e+16
1.05423e+16
1.01554e+16
9.72764e+15
9.24793e+15
8.8378e+15
8.48607e+15
8.16647e+15
7.86697e+15
7.39893e+15
6.99117e+15
6.35011e+15
6.03072e+15
5.57458e+15
5.062e+15
4.4043e+15
3.97568e+15
3.46717e+15
3.02499e+15
2.48512e+15
1.96029e+15
1.45396e+15
8.41625e+14
9.66885e+14
1.51589e+15
2.1794e+15
2.73516e+15
3.22061e+15
3.8399e+15
4.41e+15
4.88539e+15
5.5287e+15
6.04652e+15
6.76162e+15
7.0594e+15
7.36037e+15
7.96563e+15
8.50296e+15
8.91254e+15
9.40311e+15
9.81919e+15
1.02826e+16
1.08275e+16
1.11643e+16
1.15658e+16
1.17781e+16
1.1868e+16
1.23761e+16
1.27843e+16
1.31647e+16
1.3266e+16
1.36913e+16
1.37626e+16
1.39333e+16
1.40368e+16
1.42208e+16
1.44691e+16
1.46934e+16
1.47403e+16
1.47664e+16
1.50026e+16
1.48768e+16
1.52191e+16
1.50982e+16
1.49459e+16
1.50378e+16
1.48172e+16
1.47173e+16
1.43964e+16
1.44755e+16
1.43564e+16
1.4139e+16
1.40174e+16
1.38656e+16
1.35244e+16
1.32488e+16
1.29706e+16
1.27809e+16
1.25506e+16
1.1906e+16
1.17861e+16
1.1402e+16
1.10412e+16
1.07025e+16
1.00718e+16
9.77705e+15
9.29202e+15
8.89487e+15
8.63219e+15
8.03857e+15
7.4632e+15
7.08639e+15
6.49467e+15
6.04909e+15
5.47485e+15
4.88529e+15
4.37429e+15
3.84691e+15
3.30103e+15
2.64506e+15
2.15804e+15
1.54917e+15
9.07984e+14
1.1071e+15
1.67588e+15
2.30297e+15
2.96771e+15
3.56433e+15
4.1221e+15
4.7633e+15
5.29135e+15
5.81777e+15
6.46547e+15
7.08826e+15
7.63187e+15
7.95148e+15
8.5533e+15
9.11268e+15
9.72443e+15
1.03009e+16
1.06978e+16
1.11518e+16
1.15804e+16
1.19399e+16
1.25179e+16
1.25894e+16
1.30652e+16
1.35169e+16
1.38106e+16
1.41865e+16
1.43913e+16
1.44842e+16
1.49246e+16
1.51964e+16
1.54108e+16
1.57169e+16
1.57382e+16
1.57575e+16
1.58789e+16
1.62322e+16
1.62109e+16
1.59886e+16
1.61541e+16
1.61674e+16
1.63103e+16
1.61264e+16
1.59725e+16
1.57424e+16
1.5751e+16
1.5595e+16
1.5343e+16
1.53043e+16
1.50764e+16
1.49397e+16
1.46544e+16
1.43143e+16
1.41909e+16
1.38949e+16
1.34518e+16
1.31882e+16
1.26904e+16
1.22564e+16
1.20043e+16
1.16617e+16
1.1099e+16
1.06637e+16
1.01602e+16
9.68417e+15
9.15638e+15
8.71029e+15
8.07969e+15
7.52118e+15
7.04184e+15
6.46876e+15
6.00356e+15
5.29526e+15
4.71207e+15
4.11898e+15
3.51937e+15
2.96953e+15
2.32256e+15
1.65783e+15
9.97156e+14
1.1474e+15
1.82233e+15
2.51914e+15
3.14334e+15
3.81184e+15
4.47441e+15
5.09126e+15
5.88043e+15
6.28156e+15
6.95253e+15
7.60207e+15
8.1961e+15
8.76931e+15
9.32423e+15
9.76063e+15
1.04559e+16
1.0881e+16
1.13412e+16
1.18343e+16
1.23036e+16
1.27923e+16
1.35231e+16
1.37214e+16
1.41329e+16
1.4723e+16
1.49556e+16
1.529e+16
1.55105e+16
1.58065e+16
1.61036e+16
1.63641e+16
1.64241e+16
1.66272e+16
1.71326e+16
1.69957e+16
1.7268e+16
1.72747e+16
1.7234e+16
1.73461e+16
1.73121e+16
1.75067e+16
1.72798e+16
1.74196e+16
1.72803e+16
1.72909e+16
1.70692e+16
1.68797e+16
1.67817e+16
1.65665e+16
1.63768e+16
1.6164e+16
1.58351e+16
1.56171e+16
1.51699e+16
1.48896e+16
1.45641e+16
1.4183e+16
1.37211e+16
1.32631e+16
1.28339e+16
1.24195e+16
1.21767e+16
1.14596e+16
1.10758e+16
1.04411e+16
9.90964e+15
9.31477e+15
8.58755e+15
8.22174e+15
7.54207e+15
6.92458e+15
6.37445e+15
5.70609e+15
4.9593e+15
4.44339e+15
3.70617e+15
3.14795e+15
2.48611e+15
1.81786e+15
1.03958e+15
1.21407e+15
2.00753e+15
2.70123e+15
3.35617e+15
4.13773e+15
4.8332e+15
5.42632e+15
6.12086e+15
6.62514e+15
7.48468e+15
8.17921e+15
8.76431e+15
9.47301e+15
1.00653e+16
1.0479e+16
1.10257e+16
1.18716e+16
1.21947e+16
1.29421e+16
1.32987e+16
1.39895e+16
1.41861e+16
1.46626e+16
1.50617e+16
1.56352e+16
1.62304e+16
1.63469e+16
1.67492e+16
1.67722e+16
1.72623e+16
1.73564e+16
1.76999e+16
1.80251e+16
1.82355e+16
1.81054e+16
1.84675e+16
1.85776e+16
1.8576e+16
1.8735e+16
1.86642e+16
1.88056e+16
1.87245e+16
1.86163e+16
1.84656e+16
1.82367e+16
1.80441e+16
1.79907e+16
1.78405e+16
1.77584e+16
1.74866e+16
1.72408e+16
1.70814e+16
1.65456e+16
1.62935e+16
1.59505e+16
1.5565e+16
1.51265e+16
1.48539e+16
1.42216e+16
1.37389e+16
1.33739e+16
1.28941e+16
1.23144e+16
1.17911e+16
1.1098e+16
1.04757e+16
9.9338e+15
9.39905e+15
8.83014e+15
8.16741e+15
7.32841e+15
6.81727e+15
6.14779e+15
5.37631e+15
4.62378e+15
4.06966e+15
3.26023e+15
2.61407e+15
1.89126e+15
1.13521e+15
1.19561e+15
2.0829e+15
2.83087e+15
3.67068e+15
4.39416e+15
5.15289e+15
5.90317e+15
6.55457e+15
7.14632e+15
7.96727e+15
8.49631e+15
9.31923e+15
1.01009e+16
1.07081e+16
1.1242e+16
1.18382e+16
1.25216e+16
1.29897e+16
1.35112e+16
1.41574e+16
1.4813e+16
1.51187e+16
1.55755e+16
1.60352e+16
1.67018e+16
1.68959e+16
1.73858e+16
1.79138e+16
1.80767e+16
1.83718e+16
1.88405e+16
1.89146e+16
1.92261e+16
1.9428e+16
1.96447e+16
1.9555e+16
1.98287e+16
1.97386e+16
2.00649e+16
1.9948e+16
1.98991e+16
1.98678e+16
1.99541e+16
1.95618e+16
1.9584e+16
1.93349e+16
1.91528e+16
1.89714e+16
1.88727e+16
1.86736e+16
1.84416e+16
1.8066e+16
1.77252e+16
1.74354e+16
1.70877e+16
1.65077e+16
1.5935e+16
1.56136e+16
1.51083e+16
1.46583e+16
1.4182e+16
1.35918e+16
1.30204e+16
1.23899e+16
1.17688e+16
1.1156e+16
1.06065e+16
1.00131e+16
9.41938e+15
8.51617e+15
8.01074e+15
7.27362e+15
6.44164e+15
5.80805e+15
5.0777e+15
4.39145e+15
3.53765e+15
2.83404e+15
2.04958e+15
1.22069e+15
1.27448e+15
2.21125e+15
2.99816e+15
3.79869e+15
4.55632e+15
5.454e+15
6.26447e+15
7.03324e+15
7.60263e+15
8.32244e+15
9.12855e+15
9.88705e+15
1.05452e+16
1.12785e+16
1.19271e+16
1.2716e+16
1.32373e+16
1.37561e+16
1.44255e+16
1.49094e+16
1.56737e+16
1.60451e+16
1.6633e+16
1.72548e+16
1.77506e+16
1.80578e+16
1.87488e+16
1.85081e+16
1.90817e+16
1.94471e+16
1.96366e+16
2.01235e+16
2.02002e+16
2.07126e+16
2.06356e+16
2.08764e+16
2.11223e+16
2.08486e+16
2.11492e+16
2.10522e+16
2.09344e+16
2.11529e+16
2.10604e+16
2.09121e+16
2.09419e+16
2.0737e+16
2.04588e+16
2.00612e+16
2.00756e+16
1.9863e+16
1.93851e+16
1.93095e+16
1.881e+16
1.82743e+16
1.78991e+16
1.75285e+16
1.68104e+16
1.67031e+16
1.60728e+16
1.54608e+16
1.50032e+16
1.45637e+16
1.40675e+16
1.30733e+16
1.26492e+16
1.18763e+16
1.12289e+16
1.05423e+16
9.82005e+15
9.19398e+15
8.34402e+15
7.64028e+15
7.00362e+15
6.1562e+15
5.34612e+15
4.71874e+15
3.75491e+15
3.01185e+15
2.15409e+15
1.25762e+15
1.27935e+15
2.32363e+15
3.20928e+15
4.06606e+15
4.79306e+15
5.61196e+15
6.59328e+15
7.41378e+15
8.15803e+15
8.92137e+15
9.75883e+15
1.05782e+16
1.11264e+16
1.19265e+16
1.27046e+16
1.33896e+16
1.40506e+16
1.45737e+16
1.5406e+16
1.58612e+16
1.64404e+16
1.70126e+16
1.75826e+16
1.81708e+16
1.86765e+16
1.90258e+16
1.96664e+16
1.98052e+16
2.02706e+16
2.07181e+16
2.08761e+16
2.1253e+16
2.13241e+16
2.15893e+16
2.18394e+16
2.20192e+16
2.21873e+16
2.20468e+16
2.23221e+16
2.23605e+16
2.23209e+16
2.216e+16
2.22187e+16
2.21691e+16
2.18937e+16
2.18548e+16
2.16764e+16
2.11653e+16
2.10894e+16
2.08575e+16
2.0643e+16
2.03223e+16
1.99574e+16
1.94611e+16
1.88174e+16
1.84364e+16
1.77731e+16
1.7461e+16
1.6971e+16
1.64769e+16
1.58787e+16
1.52012e+16
1.47572e+16
1.3799e+16
1.30743e+16
1.25705e+16
1.18434e+16
1.11761e+16
1.04288e+16
9.52648e+15
8.89245e+15
8.16022e+15
7.3249e+15
6.58309e+15
5.70802e+15
4.85706e+15
4.03859e+15
3.12289e+15
2.28743e+15
1.34817e+15
1.43873e+15
2.48989e+15
3.336e+15
4.30525e+15
5.16787e+15
6.03683e+15
6.89308e+15
7.86056e+15
8.57082e+15
9.37638e+15
1.01754e+16
1.09913e+16
1.17312e+16
1.26735e+16
1.34531e+16
1.4063e+16
1.49079e+16
1.52996e+16
1.62437e+16
1.69106e+16
1.72994e+16
1.78979e+16
1.83538e+16
1.90972e+16
1.95968e+16
1.98954e+16
2.06268e+16
2.09215e+16
2.10992e+16
2.18353e+16
2.19422e+16
2.21203e+16
2.26946e+16
2.26894e+16
2.28106e+16
2.31057e+16
2.32847e+16
2.3424e+16
2.33553e+16
2.34249e+16
2.33503e+16
2.35503e+16
2.34857e+16
2.31127e+16
2.31389e+16
2.30444e+16
2.28004e+16
2.24918e+16
2.24637e+16
2.19816e+16
2.15819e+16
2.1245e+16
2.08002e+16
2.03027e+16
1.99019e+16
1.94698e+16
1.90028e+16
1.83453e+16
1.79316e+16
1.71394e+16
1.65275e+16
1.6066e+16
1.51917e+16
1.46153e+16
1.38811e+16
1.33178e+16
1.2437e+16
1.17112e+16
1.09364e+16
1.00431e+16
9.52523e+15
8.6067e+15
7.63442e+15
6.86553e+15
6.05362e+15
5.16913e+15
4.24335e+15
3.27516e+15
2.37922e+15
1.42205e+15
1.54312e+15
2.52458e+15
3.52552e+15
4.49089e+15
5.49119e+15
6.42718e+15
7.25848e+15
8.1137e+15
8.89104e+15
9.822e+15
1.08509e+16
1.14379e+16
1.24195e+16
1.32404e+16
1.39629e+16
1.46679e+16
1.55665e+16
1.61535e+16
1.68777e+16
1.76396e+16
1.82119e+16
1.88913e+16
1.95588e+16
1.99021e+16
2.03816e+16
2.10558e+16
2.15159e+16
2.21857e+16
2.22863e+16
2.28646e+16
2.31965e+16
2.34965e+16
2.37618e+16
2.38074e+16
2.40217e+16
2.41074e+16
2.46005e+16
2.46635e+16
2.47114e+16
2.47133e+16
2.48941e+16
2.46326e+16
2.46734e+16
2.42536e+16
2.42761e+16
2.41223e+16
2.38999e+16
2.35783e+16
2.36033e+16
2.3021e+16
2.27565e+16
2.21526e+16
2.20186e+16
2.15869e+16
2.10637e+16
2.06159e+16
1.99288e+16
1.91593e+16
1.85611e+16
1.79943e+16
1.77139e+16
1.66719e+16
1.60147e+16
1.53785e+16
1.4603e+16
1.38557e+16
1.31722e+16
1.21371e+16
1.15716e+16
1.08325e+16
9.98782e+15
8.96289e+15
8.03521e+15
7.14775e+15
6.29885e+15
5.33358e+15
4.40426e+15
3.46798e+15
2.49547e+15
1.51556e+15
1.61163e+15
2.66755e+15
3.69156e+15
4.74417e+15
5.63042e+15
6.63993e+15
7.47007e+15
8.34832e+15
9.31782e+15
1.0487e+16
1.1308e+16
1.19386e+16
1.29921e+16
1.3939e+16
1.47815e+16
1.54997e+16
1.62873e+16
1.7062e+16
1.7729e+16
1.8383e+16
1.92854e+16
1.96967e+16
2.03421e+16
2.08846e+16
2.16165e+16
2.20759e+16
2.2614e+16
2.31022e+16
2.34097e+16
2.42325e+16
2.41593e+16
2.45737e+16
2.47934e+16
2.47656e+16
2.5117e+16
2.52604e+16
2.56051e+16
2.56091e+16
2.58083e+16
2.58478e+16
2.57495e+16
2.58682e+16
2.572e+16
2.55364e+16
2.54e+16
2.49912e+16
2.51635e+16
2.4834e+16
2.45526e+16
2.40955e+16
2.36093e+16
2.33972e+16
2.29621e+16
2.24299e+16
2.20666e+16
2.13996e+16
2.08738e+16
2.01231e+16
1.95846e+16
1.9e+16
1.83072e+16
1.7446e+16
1.67976e+16
1.61975e+16
1.54331e+16
1.44057e+16
1.36105e+16
1.29648e+16
1.20217e+16
1.12344e+16
1.04437e+16
9.33924e+15
8.50569e+15
7.66367e+15
6.54752e+15
5.58635e+15
4.51304e+15
3.64525e+15
2.65245e+15
1.60954e+15
1.74041e+15
2.87661e+15
3.81356e+15
4.91412e+15
5.76337e+15
6.95631e+15
7.9754e+15
8.75454e+15
1.00052e+16
1.08755e+16
1.15804e+16
1.26344e+16
1.34109e+16
1.45667e+16
1.54905e+16
1.61816e+16
1.71171e+16
1.78474e+16
1.8476e+16
1.92831e+16
1.9806e+16
2.05127e+16
2.10348e+16
2.21258e+16
2.2689e+16
2.29841e+16
2.34137e+16
2.39571e+16
2.43384e+16
2.49432e+16
2.51547e+16
2.55936e+16
2.57791e+16
2.6183e+16
2.62706e+16
2.64674e+16
2.66536e+16
2.69515e+16
2.66927e+16
2.68941e+16
2.68183e+16
2.66771e+16
2.7024e+16
2.65265e+16
2.66209e+16
2.63092e+16
2.63658e+16
2.60511e+16
2.56375e+16
2.50603e+16
2.46726e+16
2.43805e+16
2.41091e+16
2.35445e+16
2.2868e+16
2.25011e+16
2.169e+16
2.11483e+16
2.03769e+16
1.99011e+16
1.90027e+16
1.82111e+16
1.73645e+16
1.6995e+16
1.61491e+16
1.52088e+16
1.43981e+16
1.3632e+16
1.2514e+16
1.17041e+16
1.08049e+16
9.77345e+15
8.80606e+15
7.91114e+15
6.89269e+15
5.80533e+15
4.84126e+15
3.79385e+15
2.71468e+15
1.67818e+15
1.72502e+15
2.97515e+15
4.15832e+15
5.04329e+15
6.0848e+15
7.27372e+15
8.21049e+15
9.29648e+15
1.02439e+16
1.12818e+16
1.21238e+16
1.31137e+16
1.41682e+16
1.50686e+16
1.6025e+16
1.68911e+16
1.78646e+16
1.86203e+16
1.94503e+16
2.02013e+16
2.0772e+16
2.14507e+16
2.18529e+16
2.28443e+16
2.3511e+16
2.39195e+16
2.44538e+16
2.49392e+16
2.53279e+16
2.59791e+16
2.63399e+16
2.67687e+16
2.68962e+16
2.69548e+16
2.73656e+16
2.76861e+16
2.7949e+16
2.78069e+16
2.79946e+16
2.7962e+16
2.78456e+16
2.79951e+16
2.80278e+16
2.79292e+16
2.77823e+16
2.73971e+16
2.71757e+16
2.6779e+16
2.65139e+16
2.61155e+16
2.59649e+16
2.54688e+16
2.51191e+16
2.45423e+16
2.38211e+16
2.3452e+16
2.26903e+16
2.21905e+16
2.13566e+16
2.07219e+16
2.00666e+16
1.92426e+16
1.83486e+16
1.76069e+16
1.69188e+16
1.59554e+16
1.51317e+16
1.4161e+16
1.31331e+16
1.22056e+16
1.14187e+16
1.01199e+16
9.21095e+15
8.07985e+15
7.14183e+15
6.06742e+15
5.05773e+15
3.95002e+15
2.84552e+15
1.7713e+15
1.84823e+15
3.15055e+15
4.21104e+15
5.23003e+15
6.4926e+15
7.56602e+15
8.55987e+15
9.61772e+15
1.04686e+16
1.1631e+16
1.25537e+16
1.35701e+16
1.47105e+16
1.55826e+16
1.66393e+16
1.76821e+16
1.84633e+16
1.94446e+16
2.01469e+16
2.07898e+16
2.15728e+16
2.22951e+16
2.29977e+16
2.3623e+16
2.43911e+16
2.52055e+16
2.54578e+16
2.59205e+16
2.64635e+16
2.70636e+16
2.74044e+16
2.75758e+16
2.8164e+16
2.85428e+16
2.8536e+16
2.89155e+16
2.89124e+16
2.92129e+16
2.91355e+16
2.91254e+16
2.90265e+16
2.91097e+16
2.9071e+16
2.9227e+16
2.87027e+16
2.86932e+16
2.8143e+16
2.78089e+16
2.75464e+16
2.7378e+16
2.70671e+16
2.63659e+16
2.5755e+16
2.52987e+16
2.47523e+16
2.41039e+16
2.3374e+16
2.2834e+16
2.2097e+16
2.14536e+16
2.07523e+16
1.99935e+16
1.89335e+16
1.84187e+16
1.74069e+16
1.64747e+16
1.55351e+16
1.47196e+16
1.35733e+16
1.27701e+16
1.1739e+16
1.05455e+16
9.60239e+15
8.46293e+15
7.48332e+15
6.31096e+15
5.13935e+15
4.06805e+15
3.01028e+15
1.86084e+15
1.9306e+15
3.23809e+15
4.43665e+15
5.60828e+15
6.64318e+15
7.85508e+15
8.86149e+15
9.90143e+15
1.09866e+16
1.22814e+16
1.31699e+16
1.43606e+16
1.53842e+16
1.61736e+16
1.72494e+16
1.80191e+16
1.91011e+16
2.00238e+16
2.08262e+16
2.15295e+16
2.23964e+16
2.31893e+16
2.4008e+16
2.47301e+16
2.52449e+16
2.58797e+16
2.66704e+16
2.69685e+16
2.73154e+16
2.76392e+16
2.84584e+16
2.86387e+16
2.89283e+16
2.9438e+16
2.97342e+16
2.99352e+16
2.99085e+16
3.02232e+16
3.01963e+16
3.04494e+16
3.02671e+16
3.01446e+16
2.98986e+16
3.00602e+16
2.98181e+16
2.96569e+16
2.91786e+16
2.87417e+16
2.87881e+16
2.82439e+16
2.78894e+16
2.73802e+16
2.6986e+16
2.61589e+16
2.57507e+16
2.52381e+16
2.41823e+16
2.35405e+16
2.31164e+16
2.22877e+16
2.15402e+16
2.08017e+16
1.97206e+16
1.91641e+16
1.82616e+16
1.72071e+16
1.61345e+16
1.51831e+16
1.4237e+16
1.3108e+16
1.20185e+16
1.10488e+16
1.01088e+16
8.79191e+15
7.87901e+15
6.57041e+15
5.42371e+15
4.28814e+15
3.11966e+15
1.80644e+15
1.99901e+15
3.26904e+15
4.58097e+15
5.66819e+15
6.87618e+15
8.10932e+15
9.29312e+15
1.03782e+16
1.14939e+16
1.25898e+16
1.35741e+16
1.46958e+16
1.57412e+16
1.68273e+16
1.78746e+16
1.89376e+16
1.98928e+16
2.04786e+16
2.14761e+16
2.23666e+16
2.33048e+16
2.39871e+16
2.47658e+16
2.55277e+16
2.60294e+16
2.6643e+16
2.73389e+16
2.79036e+16
2.82019e+16
2.88707e+16
2.92255e+16
2.96006e+16
3.00206e+16
3.03977e+16
3.07186e+16
3.11619e+16
3.1136e+16
3.11897e+16
3.12788e+16
3.11426e+16
3.11949e+16
3.13256e+16
3.14186e+16
3.11803e+16
3.11078e+16
3.09946e+16
3.03225e+16
2.98949e+16
2.96069e+16
2.91374e+16
2.88521e+16
2.84681e+16
2.78991e+16
2.73826e+16
2.65581e+16
2.62879e+16
2.53116e+16
2.46147e+16
2.38447e+16
2.3058e+16
2.21453e+16
2.1645e+16
2.04906e+16
1.96703e+16
1.87062e+16
1.78754e+16
1.6763e+16
1.56927e+16
1.46574e+16
1.36411e+16
1.2521e+16
1.14203e+16
1.01553e+16
9.04622e+15
8.00667e+15
6.7303e+15
5.64919e+15
4.43883e+15
3.2239e+15
1.87286e+15
2.05048e+15
3.37566e+15
4.65479e+15
5.92737e+15
7.1342e+15
8.36661e+15
9.54892e+15
1.07644e+16
1.17603e+16
1.296e+16
1.42563e+16
1.52955e+16
1.63524e+16
1.73691e+16
1.84167e+16
1.93846e+16
2.03627e+16
2.1059e+16
2.23349e+16
2.30563e+16
2.35835e+16
2.46401e+16
2.53985e+16
2.61145e+16
2.68974e+16
2.75375e+16
2.83225e+16
2.88428e+16
2.93109e+16
2.97165e+16
3.03861e+16
3.0993e+16
3.11935e+16
3.13307e+16
3.18746e+16
3.18405e+16
3.22518e+16
3.24161e+16
3.24573e+16
3.26115e+16
3.2441e+16
3.24894e+16
3.21884e+16
3.2401e+16
3.21254e+16
3.17004e+16
3.1469e+16
3.10987e+16
3.09129e+16
3.0449e+16
2.98392e+16
2.93905e+16
2.88133e+16
2.81194e+16
2.76586e+16
2.69754e+16
2.62668e+16
2.52662e+16
2.46036e+16
2.36872e+16
2.26378e+16
2.20722e+16
2.11676e+16
2.03049e+16
1.94038e+16
1.84334e+16
1.75293e+16
1.63717e+16
1.5375e+16
1.40976e+16
1.29359e+16
1.18343e+16
1.04487e+16
9.47535e+15
8.2212e+15
6.9838e+15
5.77075e+15
4.57417e+15
3.33728e+15
1.98244e+15
2.12087e+15
3.42697e+15
4.80751e+15
6.15963e+15
7.38708e+15
8.52735e+15
9.77212e+15
1.09912e+16
1.23104e+16
1.32665e+16
1.44354e+16
1.56578e+16
1.67272e+16
1.79227e+16
1.90421e+16
1.98896e+16
2.09737e+16
2.18197e+16
2.27039e+16
2.37639e+16
2.47306e+16
2.54039e+16
2.63272e+16
2.70018e+16
2.80327e+16
2.83795e+16
2.91529e+16
2.97142e+16
3.00741e+16
3.06486e+16
3.11406e+16
3.15664e+16
3.21601e+16
3.25611e+16
3.24213e+16
3.29715e+16
3.29817e+16
3.34911e+16
3.34665e+16
3.34944e+16
3.35472e+16
3.35309e+16
3.33324e+16
3.31965e+16
3.32613e+16
3.31531e+16
3.22307e+16
3.2288e+16
3.16884e+16
3.14167e+16
3.08284e+16
3.0511e+16
2.96646e+16
2.89656e+16
2.83827e+16
2.77879e+16
2.70216e+16
2.62778e+16
2.54694e+16
2.45622e+16
2.37002e+16
2.28641e+16
2.19411e+16
2.07666e+16
1.98624e+16
1.88779e+16
1.78207e+16
1.67776e+16
1.55723e+16
1.43777e+16
1.30574e+16
1.22419e+16
1.09013e+16
9.72435e+15
8.48654e+15
7.28245e+15
6.04295e+15
4.7327e+15
3.37718e+15
2.05504e+15
2.16091e+15
3.53883e+15
4.91474e+15
6.31505e+15
7.56938e+15
8.75274e+15
1.00932e+16
1.13449e+16
1.2618e+16
1.38157e+16
1.51365e+16
1.61043e+16
1.74238e+16
1.83708e+16
1.93103e+16
2.0561e+16
2.14435e+16
2.25716e+16
2.34395e+16
2.45889e+16
2.54194e+16
2.60481e+16
2.69505e+16
2.79333e+16
2.84982e+16
2.94257e+16
3.02021e+16
3.0578e+16
3.12483e+16
3.15793e+16
3.22349e+16
3.29336e+16
3.31595e+16
3.34257e+16
3.34434e+16
3.39541e+16
3.41965e+16
3.41759e+16
3.42089e+16
3.46642e+16
3.47558e+16
3.44243e+16
3.42631e+16
3.45595e+16
3.42104e+16
3.39698e+16
3.29924e+16
3.30898e+16
3.287e+16
3.23403e+16
3.17785e+16
3.13629e+16
3.06514e+16
2.9938e+16
2.91069e+16
2.86747e+16
2.78288e+16
2.69565e+16
2.61801e+16
2.54291e+16
2.44733e+16
2.33612e+16
2.24896e+16
2.14993e+16
2.03317e+16
1.96137e+16
1.86098e+16
1.71444e+16
1.60606e+16
1.49049e+16
1.36722e+16
1.24945e+16
1.12713e+16
9.92653e+15
8.80582e+15
7.44033e+15
6.21039e+15
4.80528e+15
3.4756e+15
2.06656e+15
2.21345e+15
3.65645e+15
5.09706e+15
6.46953e+15
7.75541e+15
9.05193e+15
1.04535e+16
1.17872e+16
1.2898e+16
1.43727e+16
1.55338e+16
1.65701e+16
1.78049e+16
1.89014e+16
1.99323e+16
2.11065e+16
2.20949e+16
2.29891e+16
2.41851e+16
2.51259e+16
2.60209e+16
2.68742e+16
2.7801e+16
2.89118e+16
2.94155e+16
2.99663e+16
3.0956e+16
3.14048e+16
3.18856e+16
3.24786e+16
3.29601e+16
3.33394e+16
3.39777e+16
3.42352e+16
3.47758e+16
3.50088e+16
3.53797e+16
3.53878e+16
3.5416e+16
3.57645e+16
3.57272e+16
3.54416e+16
3.54786e+16
3.53181e+16
3.4891e+16
3.459e+16
3.44064e+16
3.39647e+16
3.37906e+16
3.3165e+16
3.28506e+16
3.20555e+16
3.14039e+16
3.09015e+16
3.02337e+16
2.91915e+16
2.86603e+16
2.78618e+16
2.70208e+16
2.62154e+16
2.50266e+16
2.40905e+16
2.32678e+16
2.21664e+16
2.12328e+16
2.0055e+16
1.86818e+16
1.77309e+16
1.64351e+16
1.51951e+16
1.40081e+16
1.29369e+16
1.15993e+16
1.03977e+16
9.16709e+15
7.61816e+15
6.41327e+15
5.08109e+15
3.65942e+15
2.14209e+15
2.25332e+15
3.77497e+15
5.33896e+15
6.62146e+15
8.03146e+15
9.47355e+15
1.07446e+16
1.2256e+16
1.34111e+16
1.46071e+16
1.59405e+16
1.71107e+16
1.8478e+16
1.93052e+16
2.05487e+16
2.17551e+16
2.27139e+16
2.3796e+16
2.48286e+16
2.57832e+16
2.67695e+16
2.76396e+16
2.88293e+16
2.94557e+16
3.01617e+16
3.09854e+16
3.19585e+16
3.228e+16
3.26939e+16
3.36837e+16
3.40392e+16
3.45137e+16
3.49185e+16
3.53209e+16
3.57448e+16
3.62702e+16
3.64337e+16
3.63904e+16
3.63791e+16
3.62528e+16
3.6519e+16
3.66087e+16
3.64026e+16
3.60547e+16
3.5814e+16
3.55579e+16
3.52862e+16
3.51119e+16
3.44884e+16
3.40142e+16
3.33349e+16
3.29238e+16
3.22579e+16
3.16017e+16
3.10672e+16
3.02997e+16
2.93445e+16
2.84601e+16
2.76403e+16
2.66566e+16
2.58087e+16
2.48477e+16
2.39113e+16
2.29741e+16
2.17086e+16
2.06264e+16
1.93232e+16
1.8198e+16
1.67303e+16
1.55261e+16
1.42582e+16
1.32176e+16
1.20285e+16
1.0661e+16
9.2996e+15
7.89753e+15
6.63323e+15
5.18195e+15
3.71323e+15
2.21089e+15
2.28637e+15
3.93236e+15
5.40236e+15
6.88384e+15
8.29836e+15
9.57722e+15
1.09564e+16
1.24491e+16
1.36914e+16
1.49532e+16
1.62481e+16
1.77571e+16
1.88223e+16
1.99859e+16
2.12453e+16
2.22829e+16
2.33284e+16
2.43826e+16
2.5444e+16
2.65414e+16
2.72563e+16
2.84148e+16
2.9136e+16
3.02532e+16
3.09431e+16
3.15609e+16
3.25022e+16
3.30883e+16
3.38771e+16
3.45007e+16
3.5166e+16
3.54086e+16
3.57207e+16
3.65696e+16
3.65873e+16
3.69798e+16
3.70873e+16
3.72488e+16
3.73415e+16
3.70461e+16
3.7405e+16
3.71142e+16
3.71278e+16
3.70411e+16
3.68558e+16
3.66107e+16
3.60148e+16
3.5604e+16
3.54512e+16
3.49101e+16
3.45347e+16
3.37741e+16
3.31848e+16
3.24346e+16
3.18196e+16
3.09457e+16
2.99061e+16
2.90471e+16
2.83632e+16
2.73945e+16
2.64896e+16
2.52268e+16
2.43649e+16
2.35881e+16
2.21689e+16
2.10223e+16
2.02088e+16
1.86097e+16
1.71173e+16
1.61086e+16
1.46727e+16
1.35866e+16
1.22642e+16
1.10382e+16
9.67354e+15
8.05874e+15
6.8144e+15
5.26909e+15
3.82914e+15
2.29583e+15
2.34058e+15
3.95486e+15
5.41531e+15
6.95215e+15
8.31744e+15
9.77071e+15
1.1287e+16
1.26894e+16
1.4054e+16
1.52625e+16
1.65092e+16
1.79294e+16
1.91931e+16
2.0468e+16
2.18375e+16
2.27873e+16
2.39987e+16
2.50795e+16
2.61137e+16
2.72557e+16
2.81788e+16
2.8918e+16
2.97231e+16
3.08179e+16
3.14817e+16
3.20774e+16
3.30264e+16
3.3709e+16
3.48842e+16
3.50647e+16
3.55454e+16
3.60301e+16
3.66526e+16
3.70152e+16
3.72822e+16
3.76204e+16
3.77428e+16
3.81216e+16
3.82847e+16
3.84693e+16
3.84641e+16
3.80455e+16
3.80421e+16
3.78143e+16
3.75211e+16
3.73721e+16
3.68661e+16
3.6282e+16
3.58485e+16
3.56963e+16
3.5122e+16
3.44108e+16
3.40433e+16
3.32292e+16
3.25309e+16
3.13981e+16
3.05081e+16
3.00044e+16
2.87583e+16
2.80032e+16
2.71441e+16
2.59302e+16
2.50843e+16
2.38823e+16
2.26742e+16
2.16573e+16
2.01637e+16
1.90587e+16
1.75973e+16
1.65152e+16
1.51313e+16
1.37877e+16
1.26078e+16
1.1255e+16
9.78729e+15
8.23144e+15
6.79803e+15
5.36378e+15
4.00972e+15
2.2922e+15
2.34825e+15
3.96706e+15
5.50652e+15
7.05955e+15
8.47856e+15
9.91433e+15
1.14589e+16
1.2942e+16
1.4247e+16
1.55628e+16
1.71136e+16
1.81584e+16
1.95308e+16
2.10952e+16
2.20051e+16
2.35007e+16
2.45357e+16
2.55342e+16
2.67137e+16
2.77685e+16
2.84759e+16
2.96571e+16
3.07935e+16
3.13361e+16
3.24977e+16
3.31609e+16
3.40959e+16
3.47272e+16
3.54806e+16
3.61338e+16
3.66037e+16
3.70754e+16
3.75708e+16
3.79794e+16
3.81853e+16
3.85652e+16
3.86464e+16
3.88834e+16
3.88624e+16
3.92306e+16
3.9194e+16
3.87604e+16
3.88058e+16
3.84488e+16
3.81927e+16
3.78574e+16
3.77081e+16
3.72457e+16
3.65606e+16
3.65748e+16
3.58278e+16
3.53291e+16
3.46544e+16
3.40542e+16
3.30836e+16
3.20483e+16
3.13919e+16
3.04633e+16
2.95339e+16
2.85719e+16
2.73967e+16
2.62792e+16
2.52827e+16
2.39291e+16
2.29517e+16
2.20902e+16
2.06604e+16
1.93926e+16
1.84071e+16
1.69189e+16
1.54297e+16
1.41409e+16
1.27202e+16
1.15864e+16
9.91996e+15
8.4494e+15
6.99774e+15
5.54429e+15
4.03459e+15
2.36333e+15
2.41445e+15
4.00583e+15
5.57282e+15
7.21462e+15
8.5612e+15
1.00948e+16
1.17581e+16
1.32472e+16
1.46705e+16
1.6113e+16
1.72609e+16
1.88708e+16
2.02092e+16
2.15113e+16
2.2575e+16
2.40443e+16
2.50382e+16
2.62329e+16
2.73435e+16
2.81889e+16
2.93478e+16
3.02607e+16
3.13407e+16
3.21365e+16
3.30851e+16
3.39659e+16
3.46545e+16
3.53173e+16
3.62114e+16
3.69604e+16
3.73615e+16
3.7539e+16
3.83503e+16
3.85851e+16
3.87191e+16
3.93287e+16
3.92995e+16
3.94856e+16
3.94711e+16
3.9764e+16
3.96868e+16
3.97572e+16
3.93526e+16
3.94396e+16
3.91328e+16
3.85254e+16
3.84724e+16
3.82038e+16
3.77587e+16
3.71227e+16
3.70227e+16
3.60935e+16
3.54309e+16
3.45824e+16
3.38709e+16
3.30791e+16
3.21979e+16
3.1111e+16
3.00973e+16
2.92696e+16
2.83149e+16
2.70637e+16
2.59112e+16
2.46544e+16
2.35522e+16
2.23649e+16
2.0993e+16
1.99307e+16
1.84973e+16
1.71624e+16
1.56439e+16
1.45151e+16
1.30121e+16
1.15609e+16
1.00504e+16
8.53915e+15
7.05991e+15
5.66646e+15
4.05434e+15
2.51187e+15
2.44947e+15
4.15335e+15
5.75019e+15
7.41545e+15
8.77205e+15
1.03862e+16
1.18305e+16
1.32878e+16
1.49414e+16
1.62816e+16
1.76965e+16
1.92534e+16
2.03303e+16
2.20253e+16
2.28838e+16
2.44077e+16
2.53236e+16
2.65351e+16
2.75766e+16
2.89846e+16
2.99059e+16
3.09935e+16
3.18641e+16
3.26934e+16
3.37262e+16
3.44766e+16
3.53152e+16
3.59546e+16
3.66326e+16
3.72553e+16
3.81023e+16
3.84089e+16
3.90381e+16
3.94407e+16
3.95397e+16
4.00252e+16
4.01919e+16
4.01715e+16
4.01346e+16
4.02335e+16
4.03601e+16
4.04992e+16
4.0323e+16
4.0229e+16
3.97099e+16
3.94992e+16
3.90541e+16
3.88836e+16
3.81026e+16
3.79126e+16
3.7386e+16
3.68089e+16
3.59267e+16
3.50497e+16
3.46505e+16
3.36495e+16
3.28287e+16
3.19507e+16
3.06062e+16
2.97775e+16
2.86219e+16
2.74827e+16
2.66826e+16
2.54539e+16
2.40041e+16
2.27681e+16
2.14807e+16
2.01311e+16
1.86985e+16
1.73115e+16
1.59184e+16
1.47939e+16
1.32617e+16
1.1746e+16
1.02101e+16
8.80887e+15
7.12729e+15
5.68138e+15
4.19728e+15
2.47911e+15
2.50112e+15
4.27771e+15
5.68271e+15
7.417e+15
8.99556e+15
1.04288e+16
1.19864e+16
1.36885e+16
1.51897e+16
1.65456e+16
1.7961e+16
1.95335e+16
2.06699e+16
2.21389e+16
2.34782e+16
2.48029e+16
2.58684e+16
2.69593e+16
2.8246e+16
2.94116e+16
3.06571e+16
3.17037e+16
3.24283e+16
3.336e+16
3.40918e+16
3.52156e+16
3.59484e+16
3.66152e+16
3.74432e+16
3.8086e+16
3.87471e+16
3.91932e+16
3.94172e+16
4.0021e+16
4.02041e+16
4.03199e+16
4.08136e+16
4.08707e+16
4.104e+16
4.09424e+16
4.10328e+16
4.09248e+16
4.10568e+16
4.05686e+16
4.06963e+16
4.02459e+16
3.98521e+16
3.95657e+16
3.91965e+16
3.85361e+16
3.79066e+16
3.7328e+16
3.67022e+16
3.57485e+16
3.50465e+16
3.40805e+16
3.33916e+16
3.22443e+16
3.1345e+16
3.00974e+16
2.90219e+16
2.82219e+16
2.68391e+16
2.57588e+16
2.4244e+16
2.32066e+16
2.19046e+16
2.0341e+16
1.90665e+16
1.77419e+16
1.64309e+16
1.50462e+16
1.35653e+16
1.19879e+16
1.04411e+16
9.00416e+15
7.36368e+15
5.74877e+15
4.22807e+15
2.55068e+15
2.59113e+15
4.31487e+15
5.93743e+15
7.45906e+15
9.02394e+15
1.07423e+16
1.2208e+16
1.38926e+16
1.51874e+16
1.67937e+16
1.83719e+16
1.96072e+16
2.09698e+16
2.26022e+16
2.38068e+16
2.49467e+16
2.64476e+16
2.74673e+16
2.85311e+16
3.00239e+16
3.09774e+16
3.20469e+16
3.30603e+16
3.38711e+16
3.48678e+16
3.5681e+16
3.65337e+16
3.7404e+16
3.8089e+16
3.85534e+16
3.90883e+16
3.98263e+16
4.00456e+16
4.04791e+16
4.11943e+16
4.13305e+16
4.11594e+16
4.15324e+16
4.17535e+16
4.18455e+16
4.18549e+16
4.17226e+16
4.16833e+16
4.15669e+16
4.09525e+16
4.08372e+16
4.05013e+16
4.01958e+16
3.97027e+16
3.93183e+16
3.86812e+16
3.78677e+16
3.71801e+16
3.64592e+16
3.5487e+16
3.46844e+16
3.38908e+16
3.2886e+16
3.17269e+16
3.06438e+16
2.96489e+16
2.85723e+16
2.73435e+16
2.61483e+16
2.46871e+16
2.37326e+16
2.22793e+16
2.09167e+16
1.95671e+16
1.80884e+16
1.66931e+16
1.52969e+16
1.37554e+16
1.23105e+16
1.06692e+16
9.25207e+15
7.58582e+15
5.86809e+15
4.34886e+15
2.60091e+15
2.67917e+15
4.40209e+15
6.08548e+15
7.61175e+15
9.23307e+15
1.07678e+16
1.24165e+16
1.39609e+16
1.53541e+16
1.70171e+16
1.85506e+16
2.01098e+16
2.15406e+16
2.29388e+16
2.41695e+16
2.52661e+16
2.67652e+16
2.79852e+16
2.93129e+16
3.03528e+16
3.13887e+16
3.23637e+16
3.3245e+16
3.45412e+16
3.5304e+16
3.62155e+16
3.70927e+16
3.78529e+16
3.8465e+16
3.89642e+16
3.99327e+16
4.02102e+16
4.07714e+16
4.11329e+16
4.15217e+16
4.20812e+16
4.1883e+16
4.19834e+16
4.24257e+16
4.22676e+16
4.25237e+16
4.27088e+16
4.21792e+16
4.20746e+16
4.20093e+16
4.16293e+16
4.12067e+16
4.07869e+16
4.02323e+16
3.95995e+16
3.90976e+16
3.84278e+16
3.76397e+16
3.70459e+16
3.61321e+16
3.53802e+16
3.43166e+16
3.31676e+16
3.21973e+16
3.11847e+16
2.99262e+16
2.91104e+16
2.77385e+16
2.66308e+16
2.52162e+16
2.39063e+16
2.25194e+16
2.10992e+16
1.97006e+16
1.84536e+16
1.69748e+16
1.54963e+16
1.3989e+16
1.26295e+16
1.08368e+16
9.35574e+15
7.63357e+15
6.05257e+15
4.33694e+15
2.61543e+15
2.60451e+15
4.39688e+15
6.14173e+15
7.75497e+15
9.39053e+15
1.0991e+16
1.25865e+16
1.40447e+16
1.55855e+16
1.73306e+16
1.8617e+16
2.01816e+16
2.16898e+16
2.29751e+16
2.45333e+16
2.56163e+16
2.69372e+16
2.83136e+16
3.00638e+16
3.08552e+16
3.19173e+16
3.28912e+16
3.37298e+16
3.50432e+16
3.58749e+16
3.67647e+16
3.74701e+16
3.82599e+16
3.9194e+16
3.92869e+16
4.01225e+16
4.06947e+16
4.14472e+16
4.17942e+16
4.21485e+16
4.24679e+16
4.26404e+16
4.2804e+16
4.32085e+16
4.31113e+16
4.33366e+16
4.28898e+16
4.27906e+16
4.25429e+16
4.24547e+16
4.21476e+16
4.18778e+16
4.11743e+16
4.05178e+16
4.02516e+16
3.96844e+16
3.86138e+16
3.81024e+16
3.73677e+16
3.6716e+16
3.53915e+16
3.46457e+16
3.38342e+16
3.29809e+16
3.17112e+16
3.04242e+16
2.92717e+16
2.79435e+16
2.68102e+16
2.55966e+16
2.41355e+16
2.26427e+16
2.14664e+16
2.00657e+16
1.84948e+16
1.73247e+16
1.56536e+16
1.41364e+16
1.27388e+16
1.10505e+16
9.41953e+15
7.81175e+15
6.04214e+15
4.38592e+15
2.69354e+15
2.69559e+15
4.46066e+15
6.1381e+15
7.90645e+15
9.38685e+15
1.10876e+16
1.27295e+16
1.42925e+16
1.59062e+16
1.72989e+16
1.88644e+16
2.05833e+16
2.18963e+16
2.33604e+16
2.47565e+16
2.6069e+16
2.74011e+16
2.88863e+16
2.99405e+16
3.14005e+16
3.2245e+16
3.36382e+16
3.42996e+16
3.53628e+16
3.64218e+16
3.72485e+16
3.78521e+16
3.86752e+16
3.89771e+16
4.00961e+16
4.04508e+16
4.14939e+16
4.18179e+16
4.20412e+16
4.29208e+16
4.29671e+16
4.31033e+16
4.34409e+16
4.39195e+16
4.34559e+16
4.38718e+16
4.33128e+16
4.33677e+16
4.31544e+16
4.29032e+16
4.25194e+16
4.21029e+16
4.167e+16
4.1157e+16
4.04087e+16
3.98883e+16
3.90632e+16
3.86295e+16
3.77791e+16
3.70391e+16
3.59386e+16
3.52819e+16
3.40751e+16
3.31738e+16
3.18709e+16
3.06898e+16
2.94361e+16
2.83992e+16
2.7207e+16
2.57302e+16
2.45767e+16
2.31494e+16
2.17499e+16
2.01128e+16
1.88629e+16
1.74027e+16
1.57521e+16
1.4214e+16
1.25445e+16
1.12023e+16
9.51366e+15
7.94092e+15
6.17367e+15
4.45914e+15
2.69851e+15
2.68339e+15
4.50213e+15
6.33394e+15
7.93334e+15
9.53821e+15
1.12696e+16
1.28103e+16
1.44271e+16
1.60565e+16
1.75342e+16
1.90011e+16
2.0575e+16
2.21604e+16
2.3664e+16
2.49385e+16
2.63247e+16
2.7516e+16
2.87495e+16
3.01358e+16
3.17254e+16
3.25956e+16
3.38463e+16
3.47822e+16
3.57813e+16
3.64358e+16
3.71616e+16
3.83566e+16
3.90338e+16
3.97643e+16
4.03385e+16
4.12866e+16
4.16388e+16
4.2215e+16
4.27324e+16
4.28081e+16
4.31528e+16
4.35594e+16
4.38635e+16
4.40352e+16
4.4051e+16
4.38627e+16
4.39645e+16
4.3889e+16
4.39831e+16
4.33554e+16
4.29114e+16
4.27279e+16
4.23762e+16
4.1651e+16
4.09729e+16
4.06138e+16
3.97281e+16
3.88143e+16
3.80611e+16
3.74886e+16
3.62696e+16
3.52999e+16
3.41636e+16
3.31426e+16
3.21157e+16
3.11644e+16
2.99821e+16
2.8511e+16
2.74795e+16
2.6128e+16
2.47092e+16
2.33793e+16
2.20202e+16
2.05535e+16
1.88516e+16
1.7555e+16
1.59479e+16
1.43582e+16
1.28902e+16
1.11541e+16
9.67479e+15
7.86267e+15
6.16985e+15
4.51568e+15
2.68501e+15
2.743e+15
4.64987e+15
6.30227e+15
8.05405e+15
9.67674e+15
1.12569e+16
1.29833e+16
1.43675e+16
1.59592e+16
1.75411e+16
1.92376e+16
2.06678e+16
2.2404e+16
2.39947e+16
2.51207e+16
2.64272e+16
2.79811e+16
2.91756e+16
3.0615e+16
3.14453e+16
3.28273e+16
3.39962e+16
3.48376e+16
3.59202e+16
3.66871e+16
3.77286e+16
3.86243e+16
3.96196e+16
4.01936e+16
4.03025e+16
4.15901e+16
4.20499e+16
4.26342e+16
4.32051e+16
4.32549e+16
4.34724e+16
4.3931e+16
4.4343e+16
4.4253e+16
4.4258e+16
4.4288e+16
4.41645e+16
4.44267e+16
4.41089e+16
4.37482e+16
4.34305e+16
4.30892e+16
4.27399e+16
4.18577e+16
4.17153e+16
4.08279e+16
4.01841e+16
3.92227e+16
3.84982e+16
3.77108e+16
3.67324e+16
3.56835e+16
3.47915e+16
3.33608e+16
3.26525e+16
3.12716e+16
3.02321e+16
2.89599e+16
2.76541e+16
2.64349e+16
2.51451e+16
2.35212e+16
2.23419e+16
2.06262e+16
1.93476e+16
1.77296e+16
1.61294e+16
1.45657e+16
1.28468e+16
1.13528e+16
9.62123e+15
7.95507e+15
6.34713e+15
4.57993e+15
2.67971e+15
2.8143e+15
4.67494e+15
6.37507e+15
8.02309e+15
9.79956e+15
1.14175e+16
1.30439e+16
1.46565e+16
1.64273e+16
1.79028e+16
1.9301e+16
2.08626e+16
2.23539e+16
2.39049e+16
2.5436e+16
2.66428e+16
2.80589e+16
2.94594e+16
3.08686e+16
3.17213e+16
3.31686e+16
3.40762e+16
3.51044e+16
3.63538e+16
3.73644e+16
3.81661e+16
3.87174e+16
3.96802e+16
4.05158e+16
4.0905e+16
4.16195e+16
4.25879e+16
4.27564e+16
4.35016e+16
4.37245e+16
4.41039e+16
4.44821e+16
4.46897e+16
4.47127e+16
4.48154e+16
4.47504e+16
4.45361e+16
4.43242e+16
4.41944e+16
4.41383e+16
4.3719e+16
4.35565e+16
4.27783e+16
4.21319e+16
4.17675e+16
4.12964e+16
4.05288e+16
3.97379e+16
3.86498e+16
3.81678e+16
3.72289e+16
3.60183e+16
3.50191e+16
3.37846e+16
3.26773e+16
3.17259e+16
3.02494e+16
2.92498e+16
2.76279e+16
2.65166e+16
2.52022e+16
2.3836e+16
2.23801e+16
2.08547e+16
1.94611e+16
1.78123e+16
1.63086e+16
1.46429e+16
1.29515e+16
1.1371e+16
9.80331e+15
8.09056e+15
6.42312e+15
4.56979e+15
2.7965e+15
2.80037e+15
4.66728e+15
6.53151e+15
8.21565e+15
9.78322e+15
1.15272e+16
1.31423e+16
1.47766e+16
1.64771e+16
1.79273e+16
1.9443e+16
2.11667e+16
2.2523e+16
2.40151e+16
2.55723e+16
2.70564e+16
2.8428e+16
2.96887e+16
3.05346e+16
3.19898e+16
3.31318e+16
3.41776e+16
3.52094e+16
3.64694e+16
3.74293e+16
3.82475e+16
3.92653e+16
3.99764e+16
4.09215e+16
4.10445e+16
4.19678e+16
4.29348e+16
4.33264e+16
4.39477e+16
4.41069e+16
4.43804e+16
4.46026e+16
4.50225e+16
4.51773e+16
4.52013e+16
4.49102e+16
4.49462e+16
4.45619e+16
4.42727e+16
4.4382e+16
4.39337e+16
4.35498e+16
4.30534e+16
4.25376e+16
4.20082e+16
4.13312e+16
4.06715e+16
3.97643e+16
3.90425e+16
3.83505e+16
3.71267e+16
3.62351e+16
3.50063e+16
3.40906e+16
3.30738e+16
3.16902e+16
3.07614e+16
2.92292e+16
2.80702e+16
2.65257e+16
2.52738e+16
2.41904e+16
2.25863e+16
2.0914e+16
1.93844e+16
1.79348e+16
1.64875e+16
1.48325e+16
1.29937e+16
1.13316e+16
9.87547e+15
8.16186e+15
6.41676e+15
4.66553e+15
2.77344e+15
2.83078e+15
4.62458e+15
6.48528e+15
8.15686e+15
1.00096e+16
1.15572e+16
1.32504e+16
1.50449e+16
1.64118e+16
1.81663e+16
1.97663e+16
2.14212e+16
2.27543e+16
2.42216e+16
2.54457e+16
2.71058e+16
2.84304e+16
2.99534e+16
3.08352e+16
3.21954e+16
3.3186e+16
3.43333e+16
3.56517e+16
3.66885e+16
3.76413e+16
3.82368e+16
3.91287e+16
4.01248e+16
4.09537e+16
4.16181e+16
4.24079e+16
4.28982e+16
4.33968e+16
4.38131e+16
4.42378e+16
4.44001e+16
4.47968e+16
4.51639e+16
4.53623e+16
4.51701e+16
4.52081e+16
4.48646e+16
4.48177e+16
4.43678e+16
4.43565e+16
4.40809e+16
4.36988e+16
4.32175e+16
4.23795e+16
4.20928e+16
4.13491e+16
4.06581e+16
3.99305e+16
3.91023e+16
3.81591e+16
3.73801e+16
3.62016e+16
3.52178e+16
3.43374e+16
3.32841e+16
3.19548e+16
3.06711e+16
2.94228e+16
2.80355e+16
2.67947e+16
2.54697e+16
2.39939e+16
2.24452e+16
2.11536e+16
1.93313e+16
1.79767e+16
1.6371e+16
1.48978e+16
1.33041e+16
1.14541e+16
9.87321e+15
8.15396e+15
6.36776e+15
4.68237e+15
2.75226e+15
2.81816e+15
4.64388e+15
6.45575e+15
8.27373e+15
9.90151e+15
1.16715e+16
1.32655e+16
1.49891e+16
1.6491e+16
1.82963e+16
1.97492e+16
2.10958e+16
2.2619e+16
2.41045e+16
2.538e+16
2.71448e+16
2.84615e+16
2.9697e+16
3.09762e+16
3.23107e+16
3.36645e+16
3.44366e+16
3.56466e+16
3.67107e+16
3.77034e+16
3.84605e+16
3.93821e+16
4.02892e+16
4.0932e+16
4.17589e+16
4.22827e+16
4.29822e+16
4.36653e+16
4.4203e+16
4.42903e+16
4.47579e+16
4.48419e+16
4.50282e+16
4.53154e+16
4.5229e+16
4.54176e+16
4.51967e+16
4.5087e+16
4.48806e+16
4.44407e+16
4.41399e+16
4.41402e+16
4.35588e+16
4.26186e+16
4.23173e+16
4.17776e+16
4.10183e+16
4.01749e+16
3.93086e+16
3.82158e+16
3.74783e+16
3.65021e+16
3.52682e+16
3.42942e+16
3.33165e+16
3.22362e+16
3.06429e+16
2.96715e+16
2.80115e+16
2.6924e+16
2.56476e+16
2.40724e+16
2.27014e+16
2.11995e+16
1.9498e+16
1.80332e+16
1.64952e+16
1.48149e+16
1.33326e+16
1.16111e+16
9.88556e+15
8.26545e+15
6.4517e+15
4.68469e+15
2.80173e+15
2.82305e+15
4.78555e+15
6.4213e+15
8.26036e+15
1.00535e+16
1.17589e+16
1.33062e+16
1.49812e+16
1.66649e+16
1.82495e+16
1.97209e+16
2.1314e+16
2.29104e+16
2.40965e+16
2.55523e+16
2.71444e+16
2.84165e+16
2.97439e+16
3.10663e+16
3.22354e+16
3.34247e+16
3.45793e+16
3.55072e+16
3.665e+16
3.75666e+16
3.85306e+16
3.94558e+16
4.02412e+16
4.1217e+16
4.1729e+16
4.21222e+16
4.31476e+16
4.3758e+16
4.38116e+16
4.42067e+16
4.47107e+16
4.50378e+16
4.51022e+16
4.5465e+16
4.52202e+16
4.53321e+16
4.53426e+16
4.50627e+16
4.49745e+16
4.44698e+16
4.44326e+16
4.4009e+16
4.32107e+16
4.28356e+16
4.20595e+16
4.16693e+16
4.08926e+16
3.99947e+16
3.93793e+16
3.84423e+16
3.74433e+16
3.63195e+16
3.54703e+16
3.43306e+16
3.32664e+16
3.18781e+16
3.07771e+16
2.94519e+16
2.82492e+16
2.68324e+16
2.54559e+16
2.39196e+16
2.27229e+16
2.1259e+16
1.94613e+16
1.79622e+16
1.64923e+16
1.48826e+16
1.31631e+16
1.15387e+16
9.82192e+15
8.21541e+15
6.38156e+15
4.67745e+15
2.7218e+15
2.84544e+15
4.61569e+15
6.42311e+15
8.17679e+15
9.91566e+15
1.16176e+16
1.32433e+16
1.50323e+16
1.66823e+16
1.82334e+16
1.9733e+16
2.12312e+16
2.28465e+16
2.42154e+16
2.5583e+16
2.69629e+16
2.81339e+16
2.94184e+16
3.07649e+16
3.19919e+16
3.31873e+16
3.4492e+16
3.55166e+16
3.66166e+16
3.76376e+16
3.86723e+16
3.94788e+16
4.05625e+16
4.1281e+16
4.19977e+16
4.25322e+16
4.32813e+16
4.35709e+16
4.42217e+16
4.40855e+16
4.43751e+16
4.48083e+16
4.51393e+16
4.52794e+16
4.53944e+16
4.52661e+16
4.51762e+16
4.48892e+16
4.48877e+16
4.44897e+16
4.4073e+16
4.39512e+16
4.34259e+16
4.28431e+16
4.237e+16
4.14881e+16
4.09396e+16
4.0118e+16
3.93072e+16
3.83488e+16
3.76622e+16
3.65821e+16
3.55801e+16
3.42457e+16
3.31656e+16
3.2041e+16
3.08667e+16
2.95026e+16
2.83568e+16
2.6907e+16
2.56358e+16
2.42445e+16
2.26276e+16
2.10995e+16
1.97629e+16
1.81118e+16
1.63809e+16
1.49958e+16
1.33069e+16
1.16347e+16
9.90206e+15
8.12723e+15
6.32886e+15
4.70372e+15
2.69044e+15
2.82494e+15
4.65812e+15
6.45436e+15
8.113e+15
9.87782e+15
1.16355e+16
1.31345e+16
1.48964e+16
1.65612e+16
1.83231e+16
1.97239e+16
2.12024e+16
2.25213e+16
2.41105e+16
2.57212e+16
2.69375e+16
2.81359e+16
2.96087e+16
3.06249e+16
3.1923e+16
3.35319e+16
3.42697e+16
3.56406e+16
3.6577e+16
3.75185e+16
3.86017e+16
3.94473e+16
4.03104e+16
4.11455e+16
4.16708e+16
4.23533e+16
4.26722e+16
4.34156e+16
4.41355e+16
4.44599e+16
4.47212e+16
4.48499e+16
4.49108e+16
4.49525e+16
4.52241e+16
4.52257e+16
4.50388e+16
4.49638e+16
4.45509e+16
4.4201e+16
4.41492e+16
4.38412e+16
4.32197e+16
4.25213e+16
4.21697e+16
4.17359e+16
4.10477e+16
4.00554e+16
3.93237e+16
3.8381e+16
3.75443e+16
3.64319e+16
3.53234e+16
3.4079e+16
3.31536e+16
3.20754e+16
3.06665e+16
2.95464e+16
2.8198e+16
2.69325e+16
2.54923e+16
2.41145e+16
2.25897e+16
2.09935e+16
1.97421e+16
1.81102e+16
1.63602e+16
1.47876e+16
1.32191e+16
1.16433e+16
1.00117e+16
8.31587e+15
6.38683e+15
4.5961e+15
2.77572e+15
2.73383e+15
4.72575e+15
6.40119e+15
8.14403e+15
9.94748e+15
1.15946e+16
1.33303e+16
1.50098e+16
1.64913e+16
1.82459e+16
1.96495e+16
2.12815e+16
2.29287e+16
2.40431e+16
2.55896e+16
2.68948e+16
2.82821e+16
2.95368e+16
3.05287e+16
3.21695e+16
3.34177e+16
3.46581e+16
3.56961e+16
3.65444e+16
3.75572e+16
3.84463e+16
3.93788e+16
3.98128e+16
4.07631e+16
4.1503e+16
4.25486e+16
4.28324e+16
4.32555e+16
4.39785e+16
4.41204e+16
4.47965e+16
4.50058e+16
4.50119e+16
4.51085e+16
4.51887e+16
4.50368e+16
4.51323e+16
4.46993e+16
4.46983e+16
4.45159e+16
4.41702e+16
4.36997e+16
4.32888e+16
4.22931e+16
4.21648e+16
4.15171e+16
4.07297e+16
3.98926e+16
3.90233e+16
3.81653e+16
3.73205e+16
3.60744e+16
3.52581e+16
3.42759e+16
3.32055e+16
3.20682e+16
3.06571e+16
2.94094e+16
2.78811e+16
2.66627e+16
2.54534e+16
2.39984e+16
2.25049e+16
2.12815e+16
1.94536e+16
1.80792e+16
1.64619e+16
1.49209e+16
1.32202e+16
1.16585e+16
9.86891e+15
8.23761e+15
6.4172e+15
4.63012e+15
2.87436e+15
2.84754e+15
4.70909e+15
6.44843e+15
8.12605e+15
9.80222e+15
1.15151e+16
1.32006e+16
1.47066e+16
1.63831e+16
1.79358e+16
1.96488e+16
2.11604e+16
2.26133e+16
2.42199e+16
2.54373e+16
2.68632e+16
2.80089e+16
2.93149e+16
3.07091e+16
3.19512e+16
3.29743e+16
3.44114e+16
3.53749e+16
3.62268e+16
3.71566e+16
3.82307e+16
3.90041e+16
3.98908e+16
4.06497e+16
4.15614e+16
4.21173e+16
4.25604e+16
4.30358e+16
4.36076e+16
4.412e+16
4.44947e+16
4.46936e+16
4.47444e+16
4.47652e+16
4.46269e+16
4.51271e+16
4.47443e+16
4.45736e+16
4.45916e+16
4.4049e+16
4.38521e+16
4.36001e+16
4.29103e+16
4.25961e+16
4.15793e+16
4.12112e+16
4.03435e+16
4.0048e+16
3.90277e+16
3.82641e+16
3.67569e+16
3.61293e+16
3.49413e+16
3.41357e+16
3.30596e+16
3.1949e+16
3.05314e+16
2.91109e+16
2.78592e+16
2.6752e+16
2.524e+16
2.35847e+16
2.23755e+16
2.10379e+16
1.95435e+16
1.78563e+16
1.60921e+16
1.46712e+16
1.32447e+16
1.1509e+16
9.81168e+15
8.06711e+15
6.41316e+15
4.64035e+15
2.83459e+15
2.83946e+15
4.66418e+15
6.41482e+15
8.07797e+15
9.77814e+15
1.14102e+16
1.30134e+16
1.47131e+16
1.61625e+16
1.77256e+16
1.93368e+16
2.07507e+16
2.25062e+16
2.39927e+16
2.52392e+16
2.67549e+16
2.80259e+16
2.94495e+16
3.03815e+16
3.16139e+16
3.29342e+16
3.38742e+16
3.50519e+16
3.61455e+16
3.70549e+16
3.79168e+16
3.89342e+16
3.97113e+16
4.03953e+16
4.11025e+16
4.19668e+16
4.24738e+16
4.28299e+16
4.30245e+16
4.36763e+16
4.40152e+16
4.42887e+16
4.47281e+16
4.47341e+16
4.4469e+16
4.46097e+16
4.42888e+16
4.42744e+16
4.42328e+16
4.41117e+16
4.37416e+16
4.32491e+16
4.26527e+16
4.19782e+16
4.15045e+16
4.092e+16
3.99548e+16
3.93612e+16
3.86784e+16
3.80215e+16
3.65621e+16
3.5898e+16
3.47142e+16
3.35873e+16
3.28291e+16
3.17036e+16
3.04607e+16
2.88202e+16
2.77853e+16
2.62952e+16
2.52843e+16
2.38556e+16
2.23508e+16
2.09007e+16
1.93074e+16
1.76691e+16
1.63305e+16
1.47766e+16
1.30998e+16
1.14716e+16
9.77533e+15
8.08376e+15
6.37366e+15
4.67075e+15
2.73716e+15
2.837e+15
4.59599e+15
6.30843e+15
8.0392e+15
9.75555e+15
1.12685e+16
1.30091e+16
1.45099e+16
1.59448e+16
1.77678e+16
1.91458e+16
2.07297e+16
2.23162e+16
2.36338e+16
2.53425e+16
2.6386e+16
2.77969e+16
2.93611e+16
3.02587e+16
3.14846e+16
3.24807e+16
3.34711e+16
3.45471e+16
3.58729e+16
3.67545e+16
3.77367e+16
3.85415e+16
3.91912e+16
4.02283e+16
4.1248e+16
4.16875e+16
4.22359e+16
4.27576e+16
4.28997e+16
4.33082e+16
4.34747e+16
4.39047e+16
4.40257e+16
4.39889e+16
4.39428e+16
4.40259e+16
4.4009e+16
4.40018e+16
4.38314e+16
4.37929e+16
4.32793e+16
4.31068e+16
4.2563e+16
4.16443e+16
4.11165e+16
4.04825e+16
3.96471e+16
3.91629e+16
3.81453e+16
3.7487e+16
3.65351e+16
3.56751e+16
3.44388e+16
3.367e+16
3.24368e+16
3.12003e+16
3.01394e+16
2.88673e+16
2.76234e+16
2.62256e+16
2.49315e+16
2.34707e+16
2.21137e+16
2.0785e+16
1.93624e+16
1.76313e+16
1.61434e+16
1.44801e+16
1.29769e+16
1.14817e+16
9.71036e+15
8.03271e+15
6.44182e+15
4.60196e+15
2.7219e+15
2.73429e+15
4.55388e+15
6.24082e+15
7.96492e+15
9.67205e+15
1.12305e+16
1.2941e+16
1.45533e+16
1.59837e+16
1.74894e+16
1.89355e+16
2.05474e+16
2.22105e+16
2.33365e+16
2.49711e+16
2.63619e+16
2.76035e+16
2.87283e+16
3.01705e+16
3.11381e+16
3.2195e+16
3.34629e+16
3.42104e+16
3.53636e+16
3.65019e+16
3.72998e+16
3.81161e+16
3.90143e+16
3.96327e+16
4.04642e+16
4.12716e+16
4.17261e+16
4.22731e+16
4.26446e+16
4.29928e+16
4.3445e+16
4.36094e+16
4.38584e+16
4.36159e+16
4.36192e+16
4.36248e+16
4.38477e+16
4.36112e+16
4.34401e+16
4.30612e+16
4.26596e+16
4.23907e+16
4.19251e+16
4.11086e+16
4.08009e+16
4.00383e+16
3.93348e+16
3.87701e+16
3.81017e+16
3.70545e+16
3.59673e+16
3.51467e+16
3.43306e+16
3.29917e+16
3.20838e+16
3.09348e+16
2.97762e+16
2.85456e+16
2.73094e+16
2.58911e+16
2.46646e+16
2.32981e+16
2.1986e+16
2.05695e+16
1.88832e+16
1.76773e+16
1.59836e+16
1.44112e+16
1.27919e+16
1.11799e+16
9.62092e+15
7.93952e+15
6.19192e+15
4.57214e+15
2.71268e+15
2.69824e+15
4.44844e+15
6.09754e+15
7.92576e+15
9.4243e+15
1.11158e+16
1.27776e+16
1.42208e+16
1.57618e+16
1.74529e+16
1.87438e+16
2.03162e+16
2.18895e+16
2.31076e+16
2.45534e+16
2.60539e+16
2.70646e+16
2.84764e+16
2.95831e+16
3.06128e+16
3.19108e+16
3.28306e+16
3.39136e+16
3.5024e+16
3.59001e+16
3.68346e+16
3.78559e+16
3.86339e+16
3.95175e+16
4.00502e+16
4.07998e+16
4.11215e+16
4.20675e+16
4.23365e+16
4.23992e+16
4.30054e+16
4.30177e+16
4.31922e+16
4.30695e+16
4.33367e+16
4.31182e+16
4.31093e+16
4.29806e+16
4.29398e+16
4.27007e+16
4.19789e+16
4.17252e+16
4.12261e+16
4.08094e+16
4.03772e+16
3.97791e+16
3.89978e+16
3.79738e+16
3.74664e+16
3.64674e+16
3.56616e+16
3.45996e+16
3.40613e+16
3.28047e+16
3.17952e+16
3.06654e+16
2.92684e+16
2.81144e+16
2.69444e+16
2.56068e+16
2.43578e+16
2.28233e+16
2.15262e+16
2.01629e+16
1.85445e+16
1.73743e+16
1.57339e+16
1.41477e+16
1.25867e+16
1.09745e+16
9.39569e+15
7.82107e+15
6.16402e+15
4.48192e+15
2.70423e+15
2.67089e+15
4.26803e+15
6.06924e+15
7.51184e+15
9.41179e+15
1.09697e+16
1.24949e+16
1.39366e+16
1.56247e+16
1.71266e+16
1.85196e+16
2.00528e+16
2.14178e+16
2.28677e+16
2.429e+16
2.55564e+16
2.68481e+16
2.81032e+16
2.93245e+16
3.02347e+16
3.15606e+16
3.21439e+16
3.34348e+16
3.46484e+16
3.54176e+16
3.6287e+16
3.71433e+16
3.79791e+16
3.87176e+16
3.94711e+16
4.0177e+16
4.07538e+16
4.11344e+16
4.15371e+16
4.18109e+16
4.23868e+16
4.2406e+16
4.24472e+16
4.23293e+16
4.25225e+16
4.2724e+16
4.26789e+16
4.23467e+16
4.22329e+16
4.18946e+16
4.14118e+16
4.1033e+16
4.06738e+16
4.04011e+16
3.95519e+16
3.89043e+16
3.84541e+16
3.76854e+16
3.68862e+16
3.60032e+16
3.53908e+16
3.44383e+16
3.36087e+16
3.24944e+16
3.13474e+16
2.99094e+16
2.89652e+16
2.8008e+16
2.6712e+16
2.5472e+16
2.41194e+16
2.2607e+16
2.09363e+16
2.00014e+16
1.85224e+16
1.71448e+16
1.54967e+16
1.39161e+16
1.24652e+16
1.08356e+16
9.30805e+15
7.71992e+15
5.9877e+15
4.35919e+15
2.68735e+15
2.54508e+15
4.29514e+15
5.99285e+15
7.61091e+15
9.34784e+15
1.07488e+16
1.21547e+16
1.38114e+16
1.52946e+16
1.67596e+16
1.82625e+16
1.9495e+16
2.13441e+16
2.27003e+16
2.37028e+16
2.51353e+16
2.62688e+16
2.79778e+16
2.88254e+16
2.98475e+16
3.08422e+16
3.1976e+16
3.30125e+16
3.40226e+16
3.50773e+16
3.57148e+16
3.65233e+16
3.72221e+16
3.79439e+16
3.8757e+16
3.96061e+16
3.97151e+16
4.01162e+16
4.08493e+16
4.11283e+16
4.13085e+16
4.15113e+16
4.1999e+16
4.18692e+16
4.17957e+16
4.18672e+16
4.18376e+16
4.14923e+16
4.16274e+16
4.13147e+16
4.1096e+16
4.04347e+16
3.99461e+16
3.93954e+16
3.89504e+16
3.82918e+16
3.79267e+16
3.71102e+16
3.62353e+16
3.54912e+16
3.46447e+16
3.38463e+16
3.26256e+16
3.18589e+16
3.05836e+16
2.95848e+16
2.85743e+16
2.72089e+16
2.61089e+16
2.49622e+16
2.36192e+16
2.22276e+16
2.0898e+16
1.95026e+16
1.81761e+16
1.67732e+16
1.52444e+16
1.36332e+16
1.21194e+16
1.06466e+16
9.21165e+15
7.59384e+15
5.92736e+15
4.35287e+15
2.63584e+15
2.54543e+15
4.22611e+15
5.74179e+15
7.53346e+15
8.96281e+15
1.05234e+16
1.21163e+16
1.34714e+16
1.49466e+16
1.65465e+16
1.78836e+16
1.92987e+16
2.08099e+16
2.19438e+16
2.35998e+16
2.46903e+16
2.58746e+16
2.71634e+16
2.83587e+16
2.93421e+16
3.03948e+16
3.13945e+16
3.22709e+16
3.34073e+16
3.42095e+16
3.51293e+16
3.58587e+16
3.66333e+16
3.72313e+16
3.80816e+16
3.8572e+16
3.89148e+16
4.00625e+16
4.01036e+16
4.05909e+16
4.07085e+16
4.10594e+16
4.09414e+16
4.11166e+16
4.11691e+16
4.09395e+16
4.10577e+16
4.08983e+16
4.0721e+16
4.08765e+16
3.97857e+16
3.96173e+16
3.92728e+16
3.86156e+16
3.81806e+16
3.74809e+16
3.67377e+16
3.63756e+16
3.55738e+16
3.48243e+16
3.40877e+16
3.30089e+16
3.19226e+16
3.13024e+16
3.00434e+16
2.92111e+16
2.83573e+16
2.69663e+16
2.55974e+16
2.46738e+16
2.3251e+16
2.2024e+16
2.05492e+16
1.91666e+16
1.79247e+16
1.63376e+16
1.49671e+16
1.34186e+16
1.19491e+16
1.04076e+16
8.96648e+15
7.47321e+15
5.95694e+15
4.30226e+15
2.52327e+15
2.47226e+15
4.12229e+15
5.74494e+15
7.20244e+15
8.81458e+15
1.01809e+16
1.16971e+16
1.32868e+16
1.4564e+16
1.60483e+16
1.73606e+16
1.87567e+16
2.01783e+16
2.15499e+16
2.26719e+16
2.43855e+16
2.55172e+16
2.685e+16
2.76927e+16
2.85719e+16
2.94128e+16
3.04869e+16
3.16078e+16
3.24413e+16
3.33e+16
3.43026e+16
3.52505e+16
3.56592e+16
3.64951e+16
3.72098e+16
3.78594e+16
3.87239e+16
3.90277e+16
3.90991e+16
3.97422e+16
3.97287e+16
4.00418e+16
4.02205e+16
4.02988e+16
4.05645e+16
4.04371e+16
4.01287e+16
3.991e+16
3.94598e+16
3.94978e+16
3.92547e+16
3.85874e+16
3.84457e+16
3.79181e+16
3.75604e+16
3.70668e+16
3.62054e+16
3.55864e+16
3.50583e+16
3.40614e+16
3.33833e+16
3.25993e+16
3.16381e+16
3.05774e+16
2.93625e+16
2.83724e+16
2.73236e+16
2.62832e+16
2.50467e+16
2.39773e+16
2.27427e+16
2.14235e+16
2.02068e+16
1.8934e+16
1.74765e+16
1.60438e+16
1.45449e+16
1.32148e+16
1.17426e+16
1.02414e+16
8.82474e+15
7.32299e+15
5.71955e+15
4.12986e+15
2.48425e+15
2.43577e+15
3.98906e+15
5.55788e+15
7.05008e+15
8.50249e+15
9.96382e+15
1.14642e+16
1.28774e+16
1.41769e+16
1.56184e+16
1.71125e+16
1.83274e+16
1.96629e+16
2.09939e+16
2.22747e+16
2.35882e+16
2.45592e+16
2.60032e+16
2.70669e+16
2.79609e+16
2.89399e+16
2.99232e+16
3.08137e+16
3.16653e+16
3.25044e+16
3.36154e+16
3.40457e+16
3.4845e+16
3.57173e+16
3.63156e+16
3.70412e+16
3.73726e+16
3.79044e+16
3.83036e+16
3.88241e+16
3.89858e+16
3.93057e+16
3.93015e+16
3.96177e+16
3.92857e+16
3.92501e+16
3.93716e+16
3.87615e+16
3.86969e+16
3.85194e+16
3.82409e+16
3.81101e+16
3.75548e+16
3.72002e+16
3.68207e+16
3.59047e+16
3.51274e+16
3.49032e+16
3.40602e+16
3.32751e+16
3.25549e+16
3.18073e+16
3.09594e+16
2.98875e+16
2.87454e+16
2.77821e+16
2.68021e+16
2.56476e+16
2.45853e+16
2.32585e+16
2.22519e+16
2.0838e+16
1.94218e+16
1.82787e+16
1.69758e+16
1.55576e+16
1.42365e+16
1.27707e+16
1.14777e+16
9.99775e+15
8.51937e+15
7.11276e+15
5.45317e+15
3.92296e+15
2.37469e+15
2.35326e+15
3.98374e+15
5.44225e+15
6.88803e+15
8.28124e+15
9.9671e+15
1.12555e+16
1.25297e+16
1.39364e+16
1.52865e+16
1.66536e+16
1.78413e+16
1.92263e+16
2.05334e+16
2.1763e+16
2.27308e+16
2.40509e+16
2.53061e+16
2.63754e+16
2.72529e+16
2.83099e+16
2.91837e+16
3.01658e+16
3.10649e+16
3.19058e+16
3.27724e+16
3.31505e+16
3.42353e+16
3.47172e+16
3.55304e+16
3.6012e+16
3.62987e+16
3.67075e+16
3.73849e+16
3.76103e+16
3.79027e+16
3.78461e+16
3.81767e+16
3.83935e+16
3.82082e+16
3.83559e+16
3.82158e+16
3.7966e+16
3.78743e+16
3.7462e+16
3.75215e+16
3.70772e+16
3.65336e+16
3.60708e+16
3.57324e+16
3.50422e+16
3.45552e+16
3.38971e+16
3.32489e+16
3.25285e+16
3.1833e+16
3.10054e+16
3.01088e+16
2.90753e+16
2.81979e+16
2.69014e+16
2.60597e+16
2.50086e+16
2.37698e+16
2.26565e+16
2.14896e+16
2.02193e+16
1.89165e+16
1.802e+16
1.64659e+16
1.5356e+16
1.39318e+16
1.25869e+16
1.10986e+16
9.71622e+15
8.33237e+15
6.92454e+15
5.45318e+15
3.91448e+15
2.32237e+15
2.30382e+15
3.78355e+15
5.27301e+15
6.65238e+15
8.0134e+15
9.50357e+15
1.07676e+16
1.20736e+16
1.35426e+16
1.47555e+16
1.6085e+16
1.74232e+16
1.86349e+16
2.00051e+16
2.11984e+16
2.22268e+16
2.357e+16
2.45888e+16
2.57623e+16
2.65109e+16
2.7542e+16
2.83627e+16
2.91495e+16
2.99448e+16
3.09158e+16
3.18282e+16
3.24661e+16
3.3059e+16
3.36865e+16
3.43624e+16
3.48322e+16
3.54826e+16
3.57941e+16
3.59571e+16
3.63979e+16
3.67802e+16
3.65965e+16
3.70871e+16
3.73126e+16
3.70699e+16
3.71609e+16
3.71814e+16
3.68248e+16
3.64753e+16
3.67103e+16
3.62505e+16
3.58015e+16
3.56815e+16
3.51837e+16
3.45527e+16
3.41895e+16
3.35381e+16
3.27848e+16
3.20723e+16
3.14464e+16
3.07772e+16
2.99342e+16
2.90871e+16
2.80954e+16
2.72536e+16
2.62314e+16
2.53348e+16
2.43401e+16
2.31905e+16
2.2054e+16
2.07792e+16
1.96689e+16
1.84995e+16
1.71849e+16
1.60658e+16
1.48655e+16
1.3625e+16
1.22026e+16
1.09485e+16
9.53016e+15
8.12769e+15
6.68172e+15
5.22055e+15
3.75412e+15
2.20454e+15
2.19425e+15
3.70636e+15
5.22788e+15
6.50831e+15
7.93944e+15
9.30555e+15
1.05527e+16
1.17896e+16
1.31141e+16
1.4325e+16
1.55949e+16
1.67833e+16
1.80272e+16
1.94045e+16
2.01499e+16
2.14805e+16
2.27587e+16
2.39717e+16
2.4992e+16
2.57411e+16
2.66461e+16
2.72381e+16
2.81939e+16
2.90954e+16
2.99061e+16
3.04806e+16
3.11274e+16
3.20946e+16
3.27961e+16
3.3239e+16
3.36674e+16
3.40798e+16
3.43157e+16
3.47861e+16
3.52862e+16
3.54888e+16
3.55344e+16
3.58223e+16
3.58439e+16
3.59926e+16
3.59015e+16
3.60528e+16
3.56764e+16
3.55201e+16
3.52446e+16
3.51463e+16
3.48581e+16
3.45065e+16
3.41533e+16
3.34245e+16
3.30186e+16
3.23071e+16
3.17893e+16
3.12458e+16
3.03863e+16
2.98417e+16
2.90428e+16
2.81448e+16
2.73204e+16
2.61655e+16
2.55537e+16
2.44476e+16
2.35103e+16
2.24522e+16
2.14388e+16
2.00566e+16
1.90881e+16
1.79693e+16
1.65843e+16
1.55028e+16
1.42304e+16
1.29394e+16
1.18473e+16
1.04979e+16
9.27639e+15
7.77757e+15
6.38525e+15
5.00298e+15
3.68824e+15
2.19894e+15
2.10143e+15
3.62291e+15
4.97495e+15
6.26823e+15
7.57361e+15
8.85961e+15
1.01613e+16
1.13642e+16
1.26168e+16
1.38719e+16
1.52069e+16
1.62466e+16
1.75633e+16
1.86047e+16
1.97505e+16
2.09799e+16
2.18753e+16
2.28434e+16
2.38973e+16
2.48967e+16
2.55468e+16
2.62613e+16
2.74433e+16
2.79741e+16
2.87485e+16
2.95202e+16
3.00993e+16
3.07022e+16
3.13912e+16
3.18534e+16
3.27591e+16
3.24886e+16
3.34703e+16
3.39103e+16
3.37719e+16
3.4178e+16
3.45886e+16
3.47752e+16
3.47649e+16
3.46477e+16
3.45409e+16
3.45608e+16
3.4316e+16
3.43044e+16
3.38433e+16
3.36307e+16
3.37824e+16
3.31742e+16
3.26327e+16
3.21985e+16
3.17742e+16
3.12877e+16
3.07146e+16
3.01741e+16
2.94221e+16
2.87482e+16
2.80119e+16
2.73469e+16
2.61922e+16
2.55544e+16
2.46402e+16
2.35669e+16
2.24876e+16
2.16173e+16
2.04725e+16
1.95044e+16
1.85303e+16
1.72244e+16
1.60631e+16
1.49406e+16
1.38553e+16
1.25623e+16
1.13618e+16
1.01085e+16
8.89323e+15
7.64058e+15
6.19905e+15
4.87825e+15
3.52416e+15
2.15341e+15
2.05416e+15
3.4216e+15
4.75541e+15
5.99903e+15
7.32418e+15
8.44276e+15
9.75187e+15
1.09838e+16
1.21599e+16
1.33184e+16
1.44065e+16
1.56364e+16
1.68285e+16
1.77105e+16
1.88932e+16
1.98524e+16
2.09374e+16
2.19527e+16
2.27686e+16
2.3484e+16
2.45819e+16
2.52235e+16
2.62717e+16
2.67452e+16
2.76896e+16
2.83089e+16
2.90061e+16
2.94718e+16
3.01865e+16
3.04263e+16
3.10319e+16
3.15611e+16
3.19758e+16
3.21009e+16
3.24127e+16
3.26811e+16
3.2785e+16
3.29437e+16
3.33134e+16
3.34467e+16
3.31441e+16
3.30863e+16
3.29422e+16
3.28471e+16
3.24685e+16
3.25349e+16
3.2088e+16
3.19729e+16
3.14244e+16
3.11733e+16
3.06853e+16
2.97657e+16
2.92772e+16
2.88116e+16
2.82882e+16
2.75189e+16
2.67561e+16
2.61678e+16
2.52932e+16
2.45111e+16
2.34431e+16
2.26657e+16
2.16585e+16
2.06248e+16
1.95998e+16
1.85184e+16
1.75517e+16
1.64058e+16
1.54754e+16
1.42666e+16
1.31883e+16
1.21181e+16
1.08544e+16
9.70739e+15
8.51836e+15
7.23244e+15
5.91934e+15
4.63808e+15
3.38408e+15
2.01397e+15
1.96363e+15
3.27703e+15
4.5433e+15
5.73519e+15
6.92535e+15
8.10791e+15
9.28741e+15
1.04233e+16
1.17468e+16
1.27398e+16
1.3768e+16
1.48654e+16
1.59616e+16
1.7059e+16
1.809e+16
1.90243e+16
1.99625e+16
2.1038e+16
2.17806e+16
2.27039e+16
2.35586e+16
2.44077e+16
2.496e+16
2.55678e+16
2.65746e+16
2.71758e+16
2.76797e+16
2.82688e+16
2.88063e+16
2.9482e+16
2.97585e+16
3.02777e+16
3.04159e+16
3.06974e+16
3.11302e+16
3.11995e+16
3.13827e+16
3.15259e+16
3.17271e+16
3.17665e+16
3.18172e+16
3.15642e+16
3.15069e+16
3.12343e+16
3.10608e+16
3.08292e+16
3.05721e+16
3.03525e+16
3.00439e+16
2.97933e+16
2.92031e+16
2.86984e+16
2.82425e+16
2.75446e+16
2.6974e+16
2.63238e+16
2.5676e+16
2.46693e+16
2.42178e+16
2.31396e+16
2.24697e+16
2.18039e+16
2.06268e+16
1.96972e+16
1.87768e+16
1.78348e+16
1.67909e+16
1.58789e+16
1.45723e+16
1.37415e+16
1.26318e+16
1.16317e+16
1.04105e+16
9.16881e+15
8.04006e+15
6.86621e+15
5.70174e+15
4.48982e+15
3.23139e+15
1.97946e+15
1.83906e+15
3.17257e+15
4.32052e+15
5.41532e+15
6.51679e+15
7.55518e+15
8.79871e+15
9.93036e+15
1.10773e+16
1.20572e+16
1.31745e+16
1.42963e+16
1.52455e+16
1.61804e+16
1.71878e+16
1.80869e+16
1.90541e+16
2.00369e+16
2.06291e+16
2.14575e+16
2.23877e+16
2.33101e+16
2.37645e+16
2.45305e+16
2.53347e+16
2.59378e+16
2.63654e+16
2.69067e+16
2.73122e+16
2.80343e+16
2.82575e+16
2.88596e+16
2.90162e+16
2.91452e+16
2.95211e+16
2.98917e+16
3.00024e+16
2.99999e+16
3.00183e+16
2.97944e+16
3.00543e+16
3.01999e+16
3.00467e+16
2.98227e+16
2.97039e+16
2.92598e+16
2.91511e+16
2.87431e+16
2.85449e+16
2.78978e+16
2.78997e+16
2.73818e+16
2.68421e+16
2.63007e+16
2.5901e+16
2.51976e+16
2.4462e+16
2.35824e+16
2.29096e+16
2.20032e+16
2.15029e+16
2.06373e+16
1.98387e+16
1.87741e+16
1.79669e+16
1.7e+16
1.6073e+16
1.49209e+16
1.39611e+16
1.31316e+16
1.20518e+16
1.08397e+16
9.82302e+15
8.78448e+15
7.60067e+15
6.45242e+15
5.37829e+15
4.18657e+15
3.14033e+15
1.88854e+15
1.75511e+15
2.98477e+15
4.18962e+15
5.26792e+15
6.14294e+15
7.23336e+15
8.42298e+15
9.3795e+15
1.04528e+16
1.14175e+16
1.23532e+16
1.34548e+16
1.43645e+16
1.53129e+16
1.63568e+16
1.71097e+16
1.80025e+16
1.88106e+16
1.97689e+16
2.04376e+16
2.11375e+16
2.17356e+16
2.25972e+16
2.32807e+16
2.39697e+16
2.44928e+16
2.4831e+16
2.53867e+16
2.58682e+16
2.63456e+16
2.68101e+16
2.71783e+16
2.76436e+16
2.7567e+16
2.81218e+16
2.83595e+16
2.84545e+16
2.83827e+16
2.83136e+16
2.83375e+16
2.84934e+16
2.84264e+16
2.82849e+16
2.83053e+16
2.8067e+16
2.78048e+16
2.75683e+16
2.71472e+16
2.68866e+16
2.64612e+16
2.62408e+16
2.58149e+16
2.53233e+16
2.46304e+16
2.41541e+16
2.35265e+16
2.30757e+16
2.24204e+16
2.15714e+16
2.08563e+16
2.03454e+16
1.96282e+16
1.87843e+16
1.77475e+16
1.68714e+16
1.60576e+16
1.51466e+16
1.43004e+16
1.31424e+16
1.23062e+16
1.13066e+16
1.02618e+16
9.4218e+15
8.32478e+15
7.25111e+15
6.10802e+15
5.03336e+15
4.07005e+15
2.9755e+15
1.69952e+15
1.65648e+15
2.80401e+15
3.82635e+15
4.9573e+15
5.91647e+15
6.77874e+15
7.86775e+15
8.80285e+15
9.78182e+15
1.06762e+16
1.17207e+16
1.25469e+16
1.3538e+16
1.46884e+16
1.53211e+16
1.60311e+16
1.6842e+16
1.76686e+16
1.84216e+16
1.9141e+16
1.98724e+16
2.03351e+16
2.129e+16
2.18955e+16
2.27393e+16
2.29475e+16
2.34336e+16
2.4022e+16
2.42932e+16
2.48777e+16
2.51564e+16
2.542e+16
2.57546e+16
2.59966e+16
2.63392e+16
2.63519e+16
2.65442e+16
2.67075e+16
2.65963e+16
2.69067e+16
2.68327e+16
2.67712e+16
2.65953e+16
2.62798e+16
2.63073e+16
2.61375e+16
2.59037e+16
2.57742e+16
2.51994e+16
2.5148e+16
2.4725e+16
2.43298e+16
2.36357e+16
2.32922e+16
2.27881e+16
2.2107e+16
2.16904e+16
2.10562e+16
2.02439e+16
1.96616e+16
1.91143e+16
1.84196e+16
1.77761e+16
1.65468e+16
1.57455e+16
1.50915e+16
1.43247e+16
1.33963e+16
1.25603e+16
1.16662e+16
1.07349e+16
9.76157e+15
8.65298e+15
7.76522e+15
6.773e+15
5.73522e+15
4.73573e+15
3.83659e+15
2.78546e+15
1.65831e+15
1.49675e+15
2.60164e+15
3.63882e+15
4.59439e+15
5.42277e+15
6.37915e+15
7.36001e+15
8.19868e+15
9.24183e+15
1.00637e+16
1.10137e+16
1.18253e+16
1.26459e+16
1.34768e+16
1.42128e+16
1.5007e+16
1.5695e+16
1.64935e+16
1.71593e+16
1.77865e+16
1.86282e+16
1.91544e+16
1.96807e+16
2.05184e+16
2.09534e+16
2.13909e+16
2.19085e+16
2.22938e+16
2.27489e+16
2.31158e+16
2.32027e+16
2.36092e+16
2.40536e+16
2.42725e+16
2.43415e+16
2.45259e+16
2.48134e+16
2.50432e+16
2.48888e+16
2.49188e+16
2.5019e+16
2.51077e+16
2.48572e+16
2.46945e+16
2.46058e+16
2.46404e+16
2.424e+16
2.39194e+16
2.38313e+16
2.33651e+16
2.31352e+16
2.2647e+16
2.22368e+16
2.16138e+16
2.1032e+16
2.07352e+16
2.03638e+16
1.97117e+16
1.89805e+16
1.83716e+16
1.76273e+16
1.71947e+16
1.64302e+16
1.58293e+16
1.4831e+16
1.41504e+16
1.34153e+16
1.25226e+16
1.18262e+16
1.09203e+16
9.83896e+15
8.99322e+15
8.13168e+15
7.22986e+15
6.34478e+15
5.39646e+15
4.40724e+15
3.51533e+15
2.59145e+15
1.58912e+15
1.42986e+15
2.3854e+15
3.41937e+15
4.26099e+15
5.06937e+15
5.97682e+15
6.77435e+15
7.64595e+15
8.5336e+15
9.15888e+15
1.01899e+16
1.10254e+16
1.17672e+16
1.24229e+16
1.31663e+16
1.3775e+16
1.44878e+16
1.50793e+16
1.58705e+16
1.65041e+16
1.71531e+16
1.78065e+16
1.81706e+16
1.88646e+16
1.91518e+16
1.97527e+16
2.00631e+16
2.04834e+16
2.088e+16
2.11443e+16
2.15586e+16
2.17631e+16
2.20737e+16
2.24001e+16
2.26378e+16
2.27881e+16
2.30086e+16
2.296e+16
2.30539e+16
2.30763e+16
2.32653e+16
2.32939e+16
2.30636e+16
2.29217e+16
2.26326e+16
2.2474e+16
2.22462e+16
2.22414e+16
2.18541e+16
2.1403e+16
2.12503e+16
2.08843e+16
2.03469e+16
1.99537e+16
1.95473e+16
1.91449e+16
1.87732e+16
1.82201e+16
1.75134e+16
1.69266e+16
1.65193e+16
1.57605e+16
1.50918e+16
1.45031e+16
1.38451e+16
1.31811e+16
1.24681e+16
1.16611e+16
1.08221e+16
1.00305e+16
9.23182e+15
8.37873e+15
7.55182e+15
6.75024e+15
5.8314e+15
4.96634e+15
4.08349e+15
3.23565e+15
2.3499e+15
1.4127e+15
1.3133e+15
2.2097e+15
3.08781e+15
3.921e+15
4.59825e+15
5.47956e+15
6.25612e+15
7.01528e+15
7.74759e+15
8.60717e+15
9.35034e+15
1.00406e+16
1.0697e+16
1.12648e+16
1.19524e+16
1.26654e+16
1.33635e+16
1.38593e+16
1.45791e+16
1.50374e+16
1.57982e+16
1.63528e+16
1.67122e+16
1.72436e+16
1.76575e+16
1.80084e+16
1.85782e+16
1.87183e+16
1.91693e+16
1.952e+16
1.9832e+16
2.00397e+16
2.03401e+16
2.0742e+16
2.06338e+16
2.09598e+16
2.12068e+16
2.13797e+16
2.13827e+16
2.13456e+16
2.10994e+16
2.12299e+16
2.11081e+16
2.09016e+16
2.09552e+16
2.07115e+16
2.03864e+16
2.03048e+16
1.99575e+16
1.97413e+16
1.94582e+16
1.92548e+16
1.87699e+16
1.84203e+16
1.80674e+16
1.75704e+16
1.71509e+16
1.66998e+16
1.6217e+16
1.5647e+16
1.51829e+16
1.43866e+16
1.38348e+16
1.33304e+16
1.26865e+16
1.19256e+16
1.12854e+16
1.05287e+16
9.87274e+15
9.17952e+15
8.44635e+15
7.66749e+15
6.87974e+15
6.07901e+15
5.34762e+15
4.58677e+15
3.77626e+15
2.96296e+15
2.1832e+15
1.26211e+15
1.17311e+15
2.00886e+15
2.75376e+15
3.4886e+15
4.22258e+15
4.84175e+15
5.6001e+15
6.29033e+15
7.06051e+15
7.6545e+15
8.40304e+15
8.96195e+15
9.65329e+15
1.02168e+16
1.08469e+16
1.15301e+16
1.21337e+16
1.25873e+16
1.30968e+16
1.37588e+16
1.42044e+16
1.46437e+16
1.50858e+16
1.55383e+16
1.59814e+16
1.61823e+16
1.68167e+16
1.71122e+16
1.73383e+16
1.77233e+16
1.78051e+16
1.80628e+16
1.83336e+16
1.85866e+16
1.87134e+16
1.89563e+16
1.92873e+16
1.91907e+16
1.89621e+16
1.90946e+16
1.91874e+16
1.91289e+16
1.91532e+16
1.90077e+16
1.88287e+16
1.87826e+16
1.8585e+16
1.84413e+16
1.81491e+16
1.7978e+16
1.76622e+16
1.72903e+16
1.69525e+16
1.6756e+16
1.63681e+16
1.59772e+16
1.55403e+16
1.51505e+16
1.4787e+16
1.40596e+16
1.37061e+16
1.31208e+16
1.26537e+16
1.20328e+16
1.14577e+16
1.08949e+16
1.02643e+16
9.58473e+15
8.94991e+15
8.33213e+15
7.6598e+15
7.0508e+15
6.31511e+15
5.49669e+15
4.92019e+15
4.05457e+15
3.39422e+15
2.73219e+15
1.95335e+15
1.12343e+15
1.00612e+15
1.76612e+15
2.42278e+15
3.11498e+15
3.77744e+15
4.40265e+15
5.0745e+15
5.66014e+15
6.26362e+15
6.83912e+15
7.51896e+15
7.96148e+15
8.61147e+15
9.2287e+15
9.75109e+15
1.03038e+16
1.07448e+16
1.12922e+16
1.17791e+16
1.20958e+16
1.2659e+16
1.30702e+16
1.36189e+16
1.3975e+16
1.42473e+16
1.45304e+16
1.49356e+16
1.52208e+16
1.54577e+16
1.5646e+16
1.59273e+16
1.61162e+16
1.64669e+16
1.643e+16
1.66542e+16
1.67904e+16
1.6857e+16
1.70129e+16
1.71404e+16
1.70438e+16
1.70815e+16
1.70481e+16
1.70216e+16
1.69821e+16
1.69458e+16
1.67163e+16
1.66201e+16
1.63402e+16
1.62656e+16
1.60523e+16
1.57282e+16
1.54282e+16
1.51531e+16
1.48138e+16
1.44557e+16
1.43201e+16
1.39932e+16
1.36588e+16
1.31229e+16
1.26793e+16
1.2223e+16
1.17834e+16
1.1095e+16
1.05742e+16
1.00819e+16
9.64961e+15
9.0689e+15
8.53712e+15
7.84812e+15
7.41306e+15
6.79115e+15
6.15482e+15
5.62477e+15
4.98844e+15
4.29273e+15
3.77546e+15
2.98425e+15
2.44964e+15
1.71362e+15
1.05109e+15
9.55541e+14
1.54449e+15
2.0993e+15
2.7588e+15
3.24243e+15
3.80696e+15
4.47608e+15
4.92877e+15
5.49692e+15
5.96229e+15
6.384e+15
7.12834e+15
7.57615e+15
7.94522e+15
8.50241e+15
8.88916e+15
9.49544e+15
9.9098e+15
1.01573e+16
1.05546e+16
1.11254e+16
1.15065e+16
1.1865e+16
1.21706e+16
1.23649e+16
1.27881e+16
1.30527e+16
1.33069e+16
1.35552e+16
1.37346e+16
1.38522e+16
1.40427e+16
1.43022e+16
1.44839e+16
1.44899e+16
1.48112e+16
1.46609e+16
1.49214e+16
1.50291e+16
1.51431e+16
1.52405e+16
1.51605e+16
1.48995e+16
1.49987e+16
1.48266e+16
1.49991e+16
1.45766e+16
1.44216e+16
1.43093e+16
1.41046e+16
1.38138e+16
1.34713e+16
1.33034e+16
1.30088e+16
1.28618e+16
1.24157e+16
1.21607e+16
1.19088e+16
1.15009e+16
1.10755e+16
1.06845e+16
1.03674e+16
9.73186e+15
9.42782e+15
8.8238e+15
8.49076e+15
8.0743e+15
7.51368e+15
6.92199e+15
6.52262e+15
6.00386e+15
5.41484e+15
4.85108e+15
4.31988e+15
3.7569e+15
3.27283e+15
2.65882e+15
2.05804e+15
1.52942e+15
9.03747e+14
8.03091e+14
1.29864e+15
1.87793e+15
2.32819e+15
2.81884e+15
3.30719e+15
3.73664e+15
4.19183e+15
4.58041e+15
5.06906e+15
5.50908e+15
5.96272e+15
6.3702e+15
6.79704e+15
7.17831e+15
7.51113e+15
7.87416e+15
8.35848e+15
8.78886e+15
9.14027e+15
9.40382e+15
9.76094e+15
1.00297e+16
1.03141e+16
1.0659e+16
1.08738e+16
1.10712e+16
1.14522e+16
1.15989e+16
1.18011e+16
1.19025e+16
1.20346e+16
1.2213e+16
1.22941e+16
1.24364e+16
1.25169e+16
1.26211e+16
1.26075e+16
1.28765e+16
1.28773e+16
1.27584e+16
1.28923e+16
1.27244e+16
1.26592e+16
1.26616e+16
1.26752e+16
1.24456e+16
1.23459e+16
1.21588e+16
1.19466e+16
1.18134e+16
1.14502e+16
1.13021e+16
1.11205e+16
1.08511e+16
1.05734e+16
1.0385e+16
1.01081e+16
9.72451e+15
9.42743e+15
9.04935e+15
8.82396e+15
8.40859e+15
8.04733e+15
7.56923e+15
7.27538e+15
6.98933e+15
6.47267e+15
5.93348e+15
5.51999e+15
5.06321e+15
4.58602e+15
4.07539e+15
3.71881e+15
3.16893e+15
2.78166e+15
2.25654e+15
1.78973e+15
1.28594e+15
7.75082e+14
6.42967e+14
1.10343e+15
1.5202e+15
1.87284e+15
2.23997e+15
2.62582e+15
3.05381e+15
3.44037e+15
3.80247e+15
4.13812e+15
4.51218e+15
4.8299e+15
5.14743e+15
5.61968e+15
5.99046e+15
6.18313e+15
6.48357e+15
6.853e+15
7.21268e+15
7.41489e+15
7.77883e+15
8.03873e+15
8.13559e+15
8.52664e+15
8.78284e+15
9.07023e+15
9.20532e+15
9.34167e+15
9.47512e+15
9.63046e+15
9.71372e+15
9.83513e+15
9.99603e+15
1.01457e+16
1.02927e+16
1.02785e+16
1.04911e+16
1.0449e+16
1.05009e+16
1.05594e+16
1.05172e+16
1.05136e+16
1.03457e+16
1.0503e+16
1.04223e+16
1.03108e+16
1.01589e+16
9.98258e+15
9.84733e+15
9.93067e+15
9.51053e+15
9.39686e+15
9.20227e+15
9.03856e+15
8.83881e+15
8.69551e+15
8.46465e+15
8.25481e+15
8.02004e+15
7.89753e+15
7.54082e+15
7.31252e+15
6.88338e+15
6.60949e+15
6.25582e+15
5.97172e+15
5.60831e+15
5.29717e+15
4.94634e+15
4.5685e+15
4.1453e+15
3.7902e+15
3.44556e+15
3.03702e+15
2.64578e+15
2.29008e+15
1.89204e+15
1.4617e+15
1.03299e+15
6.45744e+14
5.03602e+14
8.19352e+14
1.12889e+15
1.44577e+15
1.7935e+15
2.14371e+15
2.41434e+15
2.73896e+15
2.98365e+15
3.28108e+15
3.56079e+15
3.79483e+15
4.07728e+15
4.33995e+15
4.5244e+15
4.8313e+15
5.08929e+15
5.31308e+15
5.56137e+15
5.74649e+15
5.99006e+15
6.17229e+15
6.3378e+15
6.55562e+15
6.8831e+15
7.04065e+15
7.1541e+15
7.20466e+15
7.42142e+15
7.52131e+15
7.53119e+15
7.69403e+15
7.84117e+15
7.8808e+15
7.99729e+15
8.08673e+15
8.14716e+15
8.21361e+15
8.22315e+15
8.24919e+15
8.16952e+15
8.11925e+15
8.16264e+15
8.06132e+15
8.11636e+15
8.04154e+15
7.86384e+15
7.86704e+15
7.69388e+15
7.52396e+15
7.558e+15
7.4601e+15
7.13944e+15
7.06681e+15
6.82544e+15
6.61917e+15
6.54437e+15
6.49362e+15
6.25598e+15
6.10596e+15
5.81687e+15
5.54686e+15
5.38068e+15
5.15084e+15
4.84785e+15
4.67756e+15
4.39854e+15
4.08797e+15
3.90618e+15
3.53267e+15
3.26565e+15
3.01661e+15
2.66761e+15
2.30645e+15
2.0087e+15
1.75027e+15
1.44243e+15
1.1548e+15
8.44831e+14
4.84068e+14
3.52773e+14
5.92883e+14
8.15717e+14
1.03798e+15
1.25355e+15
1.49379e+15
1.71303e+15
1.97538e+15
2.10689e+15
2.31898e+15
2.51194e+15
2.6845e+15
2.82035e+15
3.00799e+15
3.21957e+15
3.44764e+15
3.59145e+15
3.73084e+15
3.89019e+15
4.15801e+15
4.24121e+15
4.4574e+15
4.52398e+15
4.69513e+15
4.78349e+15
5.00582e+15
5.09216e+15
5.17398e+15
5.3377e+15
5.29531e+15
5.37423e+15
5.49324e+15
5.44586e+15
5.50163e+15
5.63411e+15
5.63226e+15
5.75761e+15
5.7849e+15
5.81369e+15
5.80386e+15
5.79811e+15
5.79978e+15
5.71735e+15
5.79339e+15
5.63672e+15
5.5858e+15
5.56542e+15
5.53973e+15
5.42909e+15
5.40166e+15
5.28434e+15
5.23778e+15
5.04224e+15
4.88619e+15
4.8863e+15
4.68111e+15
4.64166e+15
4.4991e+15
4.37952e+15
4.26936e+15
4.0776e+15
3.87819e+15
3.75968e+15
3.63843e+15
3.41183e+15
3.22616e+15
2.9962e+15
2.93232e+15
2.70363e+15
2.50045e+15
2.18411e+15
2.02296e+15
1.85371e+15
1.66585e+15
1.49578e+15
1.28363e+15
9.97187e+14
8.03865e+14
5.87611e+14
3.53874e+14
1.89412e+14
3.39451e+14
4.75404e+14
5.94352e+14
6.88464e+14
8.18711e+14
8.99838e+14
1.03512e+15
1.15029e+15
1.264e+15
1.41058e+15
1.51515e+15
1.6081e+15
1.67822e+15
1.75052e+15
1.9241e+15
2.03779e+15
2.07963e+15
2.23295e+15
2.30929e+15
2.42841e+15
2.40153e+15
2.52356e+15
2.5918e+15
2.64127e+15
2.75817e+15
2.82046e+15
2.83445e+15
2.93306e+15
2.94749e+15
3.04882e+15
3.04744e+15
3.03843e+15
3.11229e+15
3.16602e+15
3.16986e+15
3.18681e+15
3.26534e+15
3.17474e+15
3.24847e+15
3.22288e+15
3.21422e+15
3.12991e+15
3.16187e+15
3.11839e+15
3.10666e+15
3.05222e+15
3.05994e+15
3.02016e+15
2.93931e+15
2.92937e+15
2.84554e+15
2.84157e+15
2.77311e+15
2.68545e+15
2.59331e+15
2.53857e+15
2.53995e+15
2.42073e+15
2.36712e+15
2.31009e+15
2.1892e+15
2.10533e+15
1.97193e+15
1.88729e+15
1.81217e+15
1.70052e+15
1.59942e+15
1.54216e+15
1.37914e+15
1.26412e+15
1.18154e+15
1.05115e+15
9.4562e+14
8.30274e+14
7.08286e+14
5.87218e+14
4.49815e+14
3.2416e+14
2.09322e+14
)
;

boundaryField
{
    movingWall
    {
        type            fixedValue;
        value           uniform 0;
    }
    fixedWalls
    {
        type            fixedValue;
        value           uniform 0;
    }
    frontAndBack
    {
        type            empty;
    }
}


// ************************************************************************* //
