/*--------------------------------*- C++ -*----------------------------------*\
  =========                 |
  \\      /  F ield         | OpenFOAM: The Open Source CFD Toolbox
   \\    /   O peration     | Website:  https://openfoam.org
    \\  /    A nd           | Version:  6
     \\/     M anipulation  |
\*---------------------------------------------------------------------------*/
FoamFile
{
    version     2.0;
    format      ascii;
    class       volScalarField;
    location    "600";
    object      dnp3;
}
// * * * * * * * * * * * * * * * * * * * * * * * * * * * * * * * * * * * * * //

dimensions      [0 -3 0 0 0 0 0];

internalField   nonuniform List<scalar> 
6400
(
4.22707e+14
1.12553e+15
1.75888e+15
2.34615e+15
2.89728e+15
3.41684e+15
3.90714e+15
4.40498e+15
4.88632e+15
5.34091e+15
5.78492e+15
6.25597e+15
6.69822e+15
7.12653e+15
7.57969e+15
8.00431e+15
8.41668e+15
8.78201e+15
9.1635e+15
9.51165e+15
9.86873e+15
1.01867e+16
1.0458e+16
1.07549e+16
1.10629e+16
1.13094e+16
1.1569e+16
1.17946e+16
1.20256e+16
1.22179e+16
1.24396e+16
1.25538e+16
1.27174e+16
1.28335e+16
1.29539e+16
1.30211e+16
1.31295e+16
1.3156e+16
1.31908e+16
1.32012e+16
1.32581e+16
1.32194e+16
1.31995e+16
1.30996e+16
1.30202e+16
1.29483e+16
1.28912e+16
1.27764e+16
1.26356e+16
1.25293e+16
1.23541e+16
1.22072e+16
1.19676e+16
1.17267e+16
1.14643e+16
1.12001e+16
1.09167e+16
1.06356e+16
1.03144e+16
9.9734e+15
9.61308e+15
9.25536e+15
8.88052e+15
8.49574e+15
8.12755e+15
7.71981e+15
7.30944e+15
6.84877e+15
6.41978e+15
5.95862e+15
5.47805e+15
4.9761e+15
4.45454e+15
3.95252e+15
3.42958e+15
2.90657e+15
2.33992e+15
1.75331e+15
1.13573e+15
4.22917e+14
1.16786e+15
3.17711e+15
5.00608e+15
6.69702e+15
8.24444e+15
9.73042e+15
1.11421e+16
1.2554e+16
1.39427e+16
1.52091e+16
1.64922e+16
1.7797e+16
1.91065e+16
2.03269e+16
2.16048e+16
2.28317e+16
2.39576e+16
2.50501e+16
2.60934e+16
2.71202e+16
2.8078e+16
2.90283e+16
2.98324e+16
3.0683e+16
3.15438e+16
3.22777e+16
3.29902e+16
3.36477e+16
3.42924e+16
3.47888e+16
3.53244e+16
3.57496e+16
3.62302e+16
3.65152e+16
3.6848e+16
3.71097e+16
3.7345e+16
3.74708e+16
3.75708e+16
3.7626e+16
3.76874e+16
3.76597e+16
3.75336e+16
3.73184e+16
3.7086e+16
3.68767e+16
3.66803e+16
3.63373e+16
3.60062e+16
3.56308e+16
3.51844e+16
3.46758e+16
3.40839e+16
3.33922e+16
3.26544e+16
3.18924e+16
3.10928e+16
3.02762e+16
2.94103e+16
2.84274e+16
2.74036e+16
2.63835e+16
2.53152e+16
2.42113e+16
2.31686e+16
2.20401e+16
2.08239e+16
1.95615e+16
1.82709e+16
1.6997e+16
1.562e+16
1.41875e+16
1.27089e+16
1.12657e+16
9.77586e+15
8.23295e+15
6.64687e+15
4.96477e+15
3.19195e+15
1.16256e+15
1.85873e+15
5.10633e+15
8.04151e+15
1.07678e+16
1.32483e+16
1.5635e+16
1.79307e+16
2.01893e+16
2.24063e+16
2.44684e+16
2.65226e+16
2.8598e+16
3.06879e+16
3.27064e+16
3.47568e+16
3.66846e+16
3.8485e+16
4.02398e+16
4.19598e+16
4.36116e+16
4.5146e+16
4.66664e+16
4.79813e+16
4.93652e+16
5.07147e+16
5.19087e+16
5.30249e+16
5.41298e+16
5.50518e+16
5.58687e+16
5.67108e+16
5.74657e+16
5.81177e+16
5.8676e+16
5.91891e+16
5.96337e+16
5.99792e+16
6.01853e+16
6.02484e+16
6.03644e+16
6.04039e+16
6.03799e+16
6.01913e+16
5.99072e+16
5.95553e+16
5.92002e+16
5.88332e+16
5.83322e+16
5.77683e+16
5.71556e+16
5.64419e+16
5.55949e+16
5.46756e+16
5.3607e+16
5.2451e+16
5.12448e+16
4.99434e+16
4.86523e+16
4.72434e+16
4.57005e+16
4.40474e+16
4.24316e+16
4.07199e+16
3.89434e+16
3.72343e+16
3.54289e+16
3.34867e+16
3.14807e+16
2.93766e+16
2.73071e+16
2.51126e+16
2.28314e+16
2.04526e+16
1.81366e+16
1.5699e+16
1.32144e+16
1.06768e+16
7.95785e+15
5.06686e+15
1.84183e+15
2.50801e+15
6.93597e+15
1.09449e+16
1.46325e+16
1.80353e+16
2.12793e+16
2.44056e+16
2.74531e+16
3.04653e+16
3.33127e+16
3.60952e+16
3.88913e+16
4.16663e+16
4.44976e+16
4.72003e+16
4.97883e+16
5.22612e+16
5.46451e+16
5.69929e+16
5.92037e+16
6.13554e+16
6.3355e+16
6.52086e+16
6.71024e+16
6.88744e+16
7.05025e+16
7.19007e+16
7.33417e+16
7.46322e+16
7.57784e+16
7.69175e+16
7.78811e+16
7.87412e+16
7.95469e+16
8.02196e+16
8.08086e+16
8.12784e+16
8.15772e+16
8.16943e+16
8.18126e+16
8.1857e+16
8.1785e+16
8.15057e+16
8.10933e+16
8.06876e+16
8.0217e+16
7.96732e+16
7.90383e+16
7.82697e+16
7.73675e+16
7.63738e+16
7.52334e+16
7.40081e+16
7.26286e+16
7.11056e+16
6.94877e+16
6.77604e+16
6.59197e+16
6.39954e+16
6.19831e+16
5.97808e+16
5.75301e+16
5.52167e+16
5.28732e+16
5.05384e+16
4.80497e+16
4.54601e+16
4.27718e+16
3.98895e+16
3.70145e+16
3.40263e+16
3.09342e+16
2.77587e+16
2.45488e+16
2.12642e+16
1.78955e+16
1.44466e+16
1.07725e+16
6.81166e+15
2.46801e+15
3.13576e+15
8.7253e+15
1.37208e+16
1.834e+16
2.2609e+16
2.67042e+16
3.06258e+16
3.44469e+16
3.81701e+16
4.17847e+16
4.53084e+16
4.87577e+16
5.22409e+16
5.57815e+16
5.91674e+16
6.23702e+16
6.54822e+16
6.84671e+16
7.13303e+16
7.41387e+16
7.67747e+16
7.92909e+16
8.16764e+16
8.40183e+16
8.62278e+16
8.82339e+16
9.0019e+16
9.17338e+16
9.33118e+16
9.47847e+16
9.60654e+16
9.72675e+16
9.83904e+16
9.93041e+16
1.00185e+17
1.00885e+17
1.01468e+17
1.01908e+17
1.02087e+17
1.02199e+17
1.02178e+17
1.0205e+17
1.01713e+17
1.01232e+17
1.00677e+17
1.00171e+17
9.94621e+16
9.8578e+16
9.76386e+16
9.64413e+16
9.51859e+16
9.37118e+16
9.22428e+16
9.06413e+16
8.87486e+16
8.6743e+16
8.4586e+16
8.22499e+16
7.98512e+16
7.73879e+16
7.46906e+16
7.18217e+16
6.89652e+16
6.60438e+16
6.31078e+16
6.00352e+16
5.68336e+16
5.34605e+16
4.98347e+16
4.62187e+16
4.24404e+16
3.85695e+16
3.4653e+16
3.05889e+16
2.64774e+16
2.23207e+16
1.80078e+16
1.34421e+16
8.47693e+15
3.0607e+15
3.74809e+15
1.04253e+16
1.64442e+16
2.19707e+16
2.70528e+16
3.19415e+16
3.66432e+16
4.12241e+16
4.56567e+16
4.99848e+16
5.41946e+16
5.8345e+16
6.25268e+16
6.67015e+16
7.06924e+16
7.44775e+16
7.82276e+16
8.17849e+16
8.52182e+16
8.86008e+16
9.17393e+16
9.46983e+16
9.75109e+16
1.0028e+17
1.02871e+17
1.05277e+17
1.07414e+17
1.09403e+17
1.11254e+17
1.12977e+17
1.14442e+17
1.15898e+17
1.17219e+17
1.18324e+17
1.19321e+17
1.20125e+17
1.20786e+17
1.21237e+17
1.2146e+17
1.21465e+17
1.21466e+17
1.21267e+17
1.20856e+17
1.20379e+17
1.19743e+17
1.1907e+17
1.18158e+17
1.17077e+17
1.15867e+17
1.14449e+17
1.12929e+17
1.11227e+17
1.09409e+17
1.07448e+17
1.05285e+17
1.02982e+17
1.0043e+17
9.76548e+16
9.48194e+16
9.19393e+16
8.8792e+16
8.54262e+16
8.2037e+16
7.8526e+16
7.5031e+16
7.13997e+16
6.76192e+16
6.35311e+16
5.9271e+16
5.49609e+16
5.04563e+16
4.5851e+16
4.11686e+16
3.63555e+16
3.14712e+16
2.65449e+16
2.14061e+16
1.59923e+16
1.00904e+16
3.6456e+15
4.33417e+15
1.20708e+16
1.90921e+16
2.5507e+16
3.14124e+16
3.7075e+16
4.25279e+16
4.78232e+16
5.2969e+16
5.8018e+16
6.28945e+16
6.77323e+16
7.25773e+16
7.73119e+16
8.18837e+16
8.63461e+16
9.06292e+16
9.48293e+16
9.88396e+16
1.02651e+17
1.06212e+17
1.09652e+17
1.12869e+17
1.15984e+17
1.18969e+17
1.21763e+17
1.24284e+17
1.26475e+17
1.28524e+17
1.30526e+17
1.32229e+17
1.33826e+17
1.35243e+17
1.36476e+17
1.37592e+17
1.38461e+17
1.392e+17
1.39573e+17
1.39739e+17
1.39828e+17
1.39764e+17
1.39507e+17
1.39057e+17
1.38492e+17
1.37662e+17
1.36812e+17
1.35795e+17
1.34502e+17
1.33022e+17
1.31369e+17
1.29584e+17
1.27669e+17
1.2561e+17
1.2321e+17
1.20771e+17
1.18241e+17
1.1532e+17
1.12154e+17
1.08871e+17
1.05587e+17
1.02017e+17
9.82312e+16
9.43047e+16
9.03112e+16
8.62894e+16
8.20952e+16
7.78086e+16
7.3127e+16
6.82327e+16
6.32767e+16
5.80787e+16
5.28004e+16
4.7408e+16
4.18797e+16
3.62485e+16
3.05637e+16
2.46276e+16
1.84424e+16
1.16729e+16
4.2203e+15
4.91497e+15
1.37113e+16
2.17055e+16
2.89947e+16
3.57403e+16
4.21753e+16
4.83655e+16
5.43252e+16
6.02067e+16
6.59272e+16
7.14795e+16
7.69692e+16
8.24767e+16
8.77723e+16
9.29622e+16
9.80204e+16
1.02921e+17
1.07647e+17
1.12083e+17
1.16362e+17
1.20355e+17
1.24206e+17
1.27899e+17
1.31382e+17
1.34656e+17
1.3771e+17
1.40526e+17
1.42932e+17
1.45393e+17
1.4752e+17
1.49326e+17
1.51046e+17
1.52573e+17
1.53888e+17
1.55041e+17
1.55902e+17
1.56656e+17
1.57068e+17
1.57266e+17
1.57271e+17
1.57096e+17
1.56698e+17
1.56161e+17
1.55518e+17
1.54473e+17
1.53394e+17
1.52255e+17
1.50743e+17
1.49095e+17
1.47167e+17
1.45198e+17
1.43012e+17
1.4054e+17
1.3797e+17
1.3523e+17
1.32341e+17
1.29136e+17
1.25743e+17
1.22071e+17
1.18254e+17
1.14278e+17
1.1013e+17
1.05817e+17
1.01353e+17
9.68679e+16
9.21694e+16
8.72862e+16
8.21161e+16
7.6721e+16
7.11148e+16
6.53519e+16
5.94295e+16
5.33774e+16
4.71483e+16
4.0869e+16
3.44281e+16
2.77484e+16
2.07811e+16
1.31646e+16
4.74958e+15
5.48165e+15
1.52998e+16
2.42693e+16
3.24362e+16
4.00356e+16
4.71755e+16
5.41214e+16
6.08101e+16
6.73321e+16
7.37467e+16
8.0018e+16
8.60616e+16
9.22019e+16
9.82189e+16
1.0399e+17
1.0947e+17
1.14975e+17
1.20291e+17
1.25154e+17
1.29849e+17
1.34308e+17
1.38504e+17
1.42533e+17
1.46444e+17
1.49955e+17
1.53271e+17
1.56305e+17
1.58965e+17
1.6154e+17
1.63833e+17
1.65883e+17
1.67691e+17
1.6933e+17
1.70602e+17
1.71699e+17
1.7259e+17
1.73295e+17
1.73687e+17
1.73839e+17
1.73736e+17
1.73413e+17
1.72895e+17
1.7216e+17
1.71294e+17
1.70194e+17
1.68897e+17
1.67514e+17
1.6583e+17
1.64036e+17
1.61919e+17
1.59624e+17
1.57136e+17
1.54473e+17
1.5168e+17
1.48625e+17
1.45416e+17
1.41908e+17
1.38179e+17
1.34203e+17
1.3009e+17
1.25698e+17
1.21276e+17
1.16604e+17
1.11735e+17
1.06703e+17
1.01573e+17
9.62041e+16
9.04944e+16
8.46059e+16
7.85031e+16
7.22628e+16
6.57743e+16
5.90373e+16
5.2196e+16
4.52753e+16
3.81715e+16
3.0765e+16
2.30061e+16
1.45563e+16
5.25707e+15
6.05873e+15
1.68582e+16
2.67557e+16
3.58066e+16
4.423e+16
5.21589e+16
5.98159e+16
6.71822e+16
7.44343e+16
8.15427e+16
8.84972e+16
9.51481e+16
1.01771e+17
1.08449e+17
1.14822e+17
1.20943e+17
1.26928e+17
1.32649e+17
1.38039e+17
1.43184e+17
1.48054e+17
1.52573e+17
1.56957e+17
1.61145e+17
1.64985e+17
1.68532e+17
1.71692e+17
1.74588e+17
1.77285e+17
1.79644e+17
1.81785e+17
1.83635e+17
1.8525e+17
1.86528e+17
1.87637e+17
1.88389e+17
1.89015e+17
1.89271e+17
1.89319e+17
1.892e+17
1.88754e+17
1.8804e+17
1.8718e+17
1.8607e+17
1.84824e+17
1.83329e+17
1.81729e+17
1.79838e+17
1.77796e+17
1.75473e+17
1.72965e+17
1.70224e+17
1.67331e+17
1.64239e+17
1.60884e+17
1.57416e+17
1.53527e+17
1.49535e+17
1.45405e+17
1.40981e+17
1.36294e+17
1.31413e+17
1.26431e+17
1.21272e+17
1.15957e+17
1.10436e+17
1.04535e+17
9.83881e+16
9.19871e+16
8.54884e+16
7.87413e+16
7.17001e+16
6.43714e+16
5.70104e+16
4.94835e+16
4.17548e+16
3.36554e+16
2.51381e+16
1.59279e+16
5.73272e+15
6.65165e+15
1.84423e+16
2.92364e+16
3.91363e+16
4.83376e+16
5.70899e+16
6.54767e+16
7.3538e+16
8.14976e+16
8.92816e+16
9.69284e+16
1.04139e+17
1.11276e+17
1.1853e+17
1.25514e+17
1.32203e+17
1.38684e+17
1.44841e+17
1.50727e+17
1.56334e+17
1.61534e+17
1.66437e+17
1.70996e+17
1.75343e+17
1.79503e+17
1.83233e+17
1.86586e+17
1.89564e+17
1.92388e+17
1.94759e+17
1.96899e+17
1.98733e+17
2.00334e+17
2.01628e+17
2.0265e+17
2.03335e+17
2.03799e+17
2.03995e+17
2.03881e+17
2.03689e+17
2.02977e+17
2.02107e+17
2.01069e+17
1.9971e+17
1.98245e+17
1.96534e+17
1.94762e+17
1.92642e+17
1.90329e+17
1.87802e+17
1.85049e+17
1.82022e+17
1.7888e+17
1.75549e+17
1.71995e+17
1.68185e+17
1.64051e+17
1.59948e+17
1.55548e+17
1.50951e+17
1.46068e+17
1.40857e+17
1.35622e+17
1.3012e+17
1.24456e+17
1.18584e+17
1.12274e+17
1.05715e+17
9.90293e+16
9.20432e+16
8.48578e+16
7.73609e+16
6.95681e+16
6.16639e+16
5.357e+16
4.52039e+16
3.64342e+16
2.7231e+16
1.72421e+16
6.2043e+15
7.25227e+15
2.00446e+16
3.17088e+16
4.24788e+16
5.25134e+16
6.20064e+16
7.11226e+16
7.98844e+16
8.84352e+16
9.69094e+16
1.05172e+17
1.13085e+17
1.20797e+17
1.28583e+17
1.36127e+17
1.43426e+17
1.50383e+17
1.56938e+17
1.63223e+17
1.6916e+17
1.7472e+17
1.79991e+17
1.84733e+17
1.89417e+17
1.93704e+17
1.97488e+17
2.00944e+17
2.03991e+17
2.0678e+17
2.09322e+17
2.11457e+17
2.13272e+17
2.148e+17
2.15892e+17
2.16723e+17
2.17352e+17
2.17688e+17
2.17607e+17
2.17291e+17
2.16872e+17
2.16056e+17
2.15039e+17
2.13706e+17
2.12163e+17
2.10465e+17
2.08606e+17
2.06493e+17
2.04132e+17
2.01628e+17
1.9883e+17
1.95861e+17
1.92621e+17
1.89244e+17
1.85728e+17
1.81922e+17
1.7787e+17
1.73675e+17
1.69233e+17
1.64636e+17
1.59922e+17
1.54883e+17
1.49506e+17
1.43952e+17
1.38194e+17
1.32194e+17
1.25955e+17
1.19431e+17
1.12567e+17
1.05542e+17
9.82172e+16
9.06127e+16
8.2773e+16
7.4518e+16
6.60862e+16
5.74521e+16
4.85026e+16
3.91742e+16
2.92618e+16
1.85282e+16
6.67461e+15
7.80996e+15
2.1643e+16
3.42168e+16
4.58078e+16
5.66767e+16
6.69542e+16
7.67696e+16
8.62951e+16
9.54207e+16
1.04556e+17
1.13458e+17
1.22055e+17
1.30454e+17
1.38712e+17
1.46691e+17
1.54502e+17
1.6184e+17
1.68802e+17
1.75484e+17
1.8177e+17
1.87714e+17
1.933e+17
1.98298e+17
2.03144e+17
2.07556e+17
2.11351e+17
2.1483e+17
2.17921e+17
2.20723e+17
2.23189e+17
2.25215e+17
2.26891e+17
2.28303e+17
2.29368e+17
2.29941e+17
2.30436e+17
2.30437e+17
2.30198e+17
2.29767e+17
2.29024e+17
2.28063e+17
2.2671e+17
2.25277e+17
2.23505e+17
2.21617e+17
2.19431e+17
2.17093e+17
2.14533e+17
2.11728e+17
2.08697e+17
2.05475e+17
2.02013e+17
1.98408e+17
1.94595e+17
1.90626e+17
1.86441e+17
1.8207e+17
1.77478e+17
1.72667e+17
1.67747e+17
1.62582e+17
1.57154e+17
1.51316e+17
1.45403e+17
1.39145e+17
1.32702e+17
1.25966e+17
1.18898e+17
1.11679e+17
1.03982e+17
9.60227e+16
8.7833e+16
7.92183e+16
7.02902e+16
6.11887e+16
5.16798e+16
4.17656e+16
3.1222e+16
1.97962e+16
7.12362e+15
8.3561e+15
2.32352e+16
3.67112e+16
4.9159e+16
6.08696e+16
7.19159e+16
8.24135e+16
9.25719e+16
1.02374e+17
1.12233e+17
1.21779e+17
1.31033e+17
1.40091e+17
1.48836e+17
1.57235e+17
1.65463e+17
1.73357e+17
1.80654e+17
1.87771e+17
1.94315e+17
2.00543e+17
2.06137e+17
2.11443e+17
2.16375e+17
2.20868e+17
2.24773e+17
2.28169e+17
2.31275e+17
2.33906e+17
2.36335e+17
2.38194e+17
2.39818e+17
2.41042e+17
2.41824e+17
2.42217e+17
2.42528e+17
2.42332e+17
2.41888e+17
2.41231e+17
2.4017e+17
2.38968e+17
2.37364e+17
2.35583e+17
2.33528e+17
2.31327e+17
2.28907e+17
2.26377e+17
2.23575e+17
2.20575e+17
2.17273e+17
2.13829e+17
2.10178e+17
2.06269e+17
2.02336e+17
1.98153e+17
1.93784e+17
1.89278e+17
1.84639e+17
1.7961e+17
1.74546e+17
1.69264e+17
1.63648e+17
1.5774e+17
1.51637e+17
1.45271e+17
1.38696e+17
1.31889e+17
1.24759e+17
1.17278e+17
1.09342e+17
1.01082e+17
9.2613e+16
8.3688e+16
7.4385e+16
6.47713e+16
5.48318e+16
4.42604e+16
3.31133e+16
2.10046e+16
7.57758e+15
8.86033e+15
2.47592e+16
3.91663e+16
5.25295e+16
6.50185e+16
7.68607e+16
8.81351e+16
9.89381e+16
1.09412e+17
1.1988e+17
1.29997e+17
1.39971e+17
1.49638e+17
1.58887e+17
1.67777e+17
1.76413e+17
1.84643e+17
1.92308e+17
1.99677e+17
2.06566e+17
2.12972e+17
2.18706e+17
2.24163e+17
2.29144e+17
2.33628e+17
2.37424e+17
2.40934e+17
2.43969e+17
2.46512e+17
2.48747e+17
2.50533e+17
2.51856e+17
2.52863e+17
2.53437e+17
2.53651e+17
2.53559e+17
2.53196e+17
2.52452e+17
2.51585e+17
2.50183e+17
2.48693e+17
2.4689e+17
2.44857e+17
2.42492e+17
2.40104e+17
2.37357e+17
2.34525e+17
2.31484e+17
2.2828e+17
2.24757e+17
2.2108e+17
2.17183e+17
2.13117e+17
2.08961e+17
2.04599e+17
2.00014e+17
1.9534e+17
1.90634e+17
1.85526e+17
1.80347e+17
1.7494e+17
1.69229e+17
1.63262e+17
1.57017e+17
1.50673e+17
1.44033e+17
1.3714e+17
1.29899e+17
1.2227e+17
1.14154e+17
1.05836e+17
9.70644e+16
8.78468e+16
7.82936e+16
6.83032e+16
5.78824e+16
4.675e+16
3.49991e+16
2.22145e+16
8.02054e+15
9.39536e+15
2.62954e+16
4.16196e+16
5.58105e+16
6.90875e+16
8.17559e+16
9.38209e+16
1.05354e+17
1.16465e+17
1.27509e+17
1.38334e+17
1.48878e+17
1.59033e+17
1.68848e+17
1.78254e+17
1.87318e+17
1.95793e+17
2.03795e+17
2.11442e+17
2.18486e+17
2.25088e+17
2.30975e+17
2.36547e+17
2.41529e+17
2.45876e+17
2.49633e+17
2.53045e+17
2.55684e+17
2.58282e+17
2.60256e+17
2.61789e+17
2.62991e+17
2.6367e+17
2.64108e+17
2.63979e+17
2.63705e+17
2.63013e+17
2.61935e+17
2.60816e+17
2.59147e+17
2.57402e+17
2.55427e+17
2.531e+17
2.50573e+17
2.47894e+17
2.44881e+17
2.41714e+17
2.38382e+17
2.35008e+17
2.31236e+17
2.27322e+17
2.23302e+17
2.18953e+17
2.1453e+17
2.10036e+17
2.05387e+17
2.00538e+17
1.95791e+17
1.90549e+17
1.85227e+17
1.79772e+17
1.74074e+17
1.68091e+17
1.61686e+17
1.55381e+17
1.48676e+17
1.41686e+17
1.34364e+17
1.26653e+17
1.18561e+17
1.10049e+17
1.01124e+17
9.17715e+16
8.1908e+16
7.15605e+16
6.07449e+16
4.91132e+16
3.67889e+16
2.33597e+16
8.43061e+15
9.92298e+15
2.78369e+16
4.40991e+16
5.91455e+16
7.31854e+16
8.65831e+16
9.94603e+16
1.11748e+17
1.23593e+17
1.35267e+17
1.46723e+17
1.57822e+17
1.68436e+17
1.78794e+17
1.88681e+17
1.98056e+17
2.06866e+17
2.15147e+17
2.23049e+17
2.30165e+17
2.36815e+17
2.42847e+17
2.48378e+17
2.53266e+17
2.57494e+17
2.61163e+17
2.64424e+17
2.66951e+17
2.69324e+17
2.71048e+17
2.72274e+17
2.73196e+17
2.73583e+17
2.73729e+17
2.73449e+17
2.7286e+17
2.71885e+17
2.70586e+17
2.69181e+17
2.67308e+17
2.65261e+17
2.62939e+17
2.60425e+17
2.57643e+17
2.54654e+17
2.51478e+17
2.4806e+17
2.44446e+17
2.40829e+17
2.36858e+17
2.32831e+17
2.28546e+17
2.241e+17
2.19475e+17
2.14748e+17
2.09958e+17
2.04961e+17
1.99998e+17
1.94768e+17
1.89351e+17
1.83768e+17
1.77965e+17
1.72005e+17
1.65649e+17
1.59217e+17
1.5262e+17
1.45588e+17
1.38275e+17
1.3056e+17
1.22383e+17
1.13908e+17
1.04828e+17
9.5246e+16
8.523e+16
7.45927e+16
6.33408e+16
5.13455e+16
3.84587e+16
2.44594e+16
8.84367e+15
1.05153e+16
2.94012e+16
4.65518e+16
6.24926e+16
7.73853e+16
9.15324e+16
1.0508e+17
1.18127e+17
1.30647e+17
1.42962e+17
1.5499e+17
1.66629e+17
1.7784e+17
1.88729e+17
1.98994e+17
2.0865e+17
2.17805e+17
2.26253e+17
2.34369e+17
2.41578e+17
2.48148e+17
2.5419e+17
2.59586e+17
2.64407e+17
2.6848e+17
2.72002e+17
2.75108e+17
2.77447e+17
2.79463e+17
2.81033e+17
2.81909e+17
2.82557e+17
2.82798e+17
2.82527e+17
2.82036e+17
2.81216e+17
2.8001e+17
2.78482e+17
2.76681e+17
2.74625e+17
2.72317e+17
2.69806e+17
2.66967e+17
2.63902e+17
2.60811e+17
2.57363e+17
2.53747e+17
2.49952e+17
2.46067e+17
2.41787e+17
2.37557e+17
2.33096e+17
2.28518e+17
2.23754e+17
2.18936e+17
2.13944e+17
2.08808e+17
2.03556e+17
1.98268e+17
1.92691e+17
1.87068e+17
1.81237e+17
1.75204e+17
1.69036e+17
1.62541e+17
1.55902e+17
1.48865e+17
1.41554e+17
1.33912e+17
1.25799e+17
1.17317e+17
1.08069e+17
9.83378e+16
8.81766e+16
7.7354e+16
6.57839e+16
5.3399e+16
4.00495e+16
2.54964e+16
9.23866e+15
1.10902e+16
3.09149e+16
4.90108e+16
6.58079e+16
8.1559e+16
9.6475e+16
1.10678e+17
1.24373e+17
1.37615e+17
1.50644e+17
1.63313e+17
1.75392e+17
1.87218e+17
1.98474e+17
2.09053e+17
2.19033e+17
2.28473e+17
2.37113e+17
2.45248e+17
2.52553e+17
2.5914e+17
2.65132e+17
2.70394e+17
2.74918e+17
2.78894e+17
2.82334e+17
2.85134e+17
2.8736e+17
2.88993e+17
2.90308e+17
2.90951e+17
2.91311e+17
2.91185e+17
2.90685e+17
2.89973e+17
2.88869e+17
2.87533e+17
2.85697e+17
2.83682e+17
2.81364e+17
2.78831e+17
2.7594e+17
2.72928e+17
2.69615e+17
2.66312e+17
2.62635e+17
2.58848e+17
2.54801e+17
2.50719e+17
2.4624e+17
2.41863e+17
2.37192e+17
2.32542e+17
2.2759e+17
2.22562e+17
2.1737e+17
2.12016e+17
2.06596e+17
2.01168e+17
1.95613e+17
1.89924e+17
1.83882e+17
1.77959e+17
1.71776e+17
1.65219e+17
1.58501e+17
1.51598e+17
1.44267e+17
1.36737e+17
1.28743e+17
1.20147e+17
1.1085e+17
1.0113e+17
9.08368e+16
7.98119e+16
6.79712e+16
5.52786e+16
4.15723e+16
2.6503e+16
9.62855e+15
1.16571e+16
3.24769e+16
5.1462e+16
6.91036e+16
8.55889e+16
1.01285e+17
1.16181e+17
1.30574e+17
1.44633e+17
1.58396e+17
1.71535e+17
1.8413e+17
1.96505e+17
2.08191e+17
2.19111e+17
2.29337e+17
2.38937e+17
2.47747e+17
2.55844e+17
2.63151e+17
2.69767e+17
2.75505e+17
2.80644e+17
2.85054e+17
2.88899e+17
2.92013e+17
2.94563e+17
2.96511e+17
2.97919e+17
2.98955e+17
2.99178e+17
2.99329e+17
2.98882e+17
2.98166e+17
2.97232e+17
2.95862e+17
2.9425e+17
2.9219e+17
2.89993e+17
2.87443e+17
2.84659e+17
2.81687e+17
2.78407e+17
2.74942e+17
2.71359e+17
2.67474e+17
2.6361e+17
2.5926e+17
2.54908e+17
2.50309e+17
2.45692e+17
2.40935e+17
2.35953e+17
2.30826e+17
2.25672e+17
2.203e+17
2.14862e+17
2.09332e+17
2.03733e+17
1.98031e+17
1.92087e+17
1.86096e+17
1.80122e+17
1.73985e+17
1.67394e+17
1.60585e+17
1.5372e+17
1.46561e+17
1.38903e+17
1.30984e+17
1.22482e+17
1.13237e+17
1.03599e+17
9.32797e+16
8.20522e+16
7.00171e+16
5.70292e+16
4.30044e+16
2.74729e+16
1.0003e+16
1.22428e+16
3.40806e+16
5.39015e+16
7.23389e+16
8.95791e+16
1.06129e+17
1.21827e+17
1.36902e+17
1.51762e+17
1.66001e+17
1.79619e+17
1.92893e+17
2.05634e+17
2.17793e+17
2.29023e+17
2.39436e+17
2.49199e+17
2.58027e+17
2.66056e+17
2.73324e+17
2.79721e+17
2.85415e+17
2.90399e+17
2.9478e+17
2.98199e+17
3.00949e+17
3.03215e+17
3.04917e+17
3.06066e+17
3.06787e+17
3.06862e+17
3.06773e+17
3.06112e+17
3.05266e+17
3.03958e+17
3.0239e+17
3.00497e+17
2.98292e+17
2.95763e+17
2.93129e+17
2.90139e+17
2.87003e+17
2.83652e+17
2.79894e+17
2.76204e+17
2.72116e+17
2.68015e+17
2.63504e+17
2.58917e+17
2.54137e+17
2.49334e+17
2.4434e+17
2.39219e+17
2.33842e+17
2.28443e+17
2.23013e+17
2.17322e+17
2.11724e+17
2.05866e+17
2.00085e+17
1.93982e+17
1.87883e+17
1.81743e+17
1.75655e+17
1.69051e+17
1.62296e+17
1.55432e+17
1.48261e+17
1.40622e+17
1.32786e+17
1.24369e+17
1.15236e+17
1.05619e+17
9.52806e+16
8.40799e+16
7.1896e+16
5.87432e+16
4.43362e+16
2.83482e+16
1.03446e+16
1.27718e+16
3.56449e+16
5.64251e+16
7.55762e+16
9.36706e+16
1.10989e+17
1.27405e+17
1.4328e+17
1.58684e+17
1.73539e+17
1.87743e+17
2.01561e+17
2.14774e+17
2.27177e+17
2.3869e+17
2.49334e+17
2.59193e+17
2.68019e+17
2.76029e+17
2.83135e+17
2.89344e+17
2.94857e+17
2.99572e+17
3.03724e+17
3.06839e+17
3.09351e+17
3.11375e+17
3.12805e+17
3.13732e+17
3.14239e+17
3.14145e+17
3.13772e+17
3.12871e+17
3.11768e+17
3.10363e+17
3.08589e+17
3.06467e+17
3.04026e+17
3.01443e+17
2.98552e+17
2.95452e+17
2.922e+17
2.88594e+17
2.8476e+17
2.80714e+17
2.7647e+17
2.72091e+17
2.6753e+17
2.62829e+17
2.57921e+17
2.52897e+17
2.4759e+17
2.42274e+17
2.36708e+17
2.31083e+17
2.25434e+17
2.19605e+17
2.13846e+17
2.07804e+17
2.01839e+17
1.95723e+17
1.89444e+17
1.8311e+17
1.76845e+17
1.70244e+17
1.63471e+17
1.56595e+17
1.49445e+17
1.41945e+17
1.34183e+17
1.25915e+17
1.16848e+17
1.07341e+17
9.69648e+16
8.58339e+16
7.35861e+16
6.02549e+16
4.55634e+16
2.91977e+16
1.06773e+16
1.33446e+16
3.72106e+16
5.8839e+16
7.88563e+16
9.78397e+16
1.1585e+17
1.32979e+17
1.49525e+17
1.65473e+17
1.80986e+17
1.95784e+17
2.10106e+17
2.2374e+17
2.36392e+17
2.48196e+17
2.59027e+17
2.68827e+17
2.77675e+17
2.85495e+17
2.92416e+17
2.98533e+17
3.03845e+17
3.08352e+17
3.12118e+17
3.15089e+17
3.17428e+17
3.19063e+17
3.20306e+17
3.21041e+17
3.21294e+17
3.21005e+17
3.20412e+17
3.1951e+17
3.18167e+17
3.16458e+17
3.14548e+17
3.12214e+17
3.0975e+17
3.06883e+17
3.03883e+17
3.00605e+17
2.97186e+17
2.93433e+17
2.89508e+17
2.85185e+17
2.80917e+17
2.76243e+17
2.71635e+17
2.66752e+17
2.61681e+17
2.5638e+17
2.50821e+17
2.45256e+17
2.39546e+17
2.33716e+17
2.27709e+17
2.21659e+17
2.1571e+17
2.09527e+17
2.03319e+17
1.97052e+17
1.90652e+17
1.84111e+17
1.77814e+17
1.71034e+17
1.64222e+17
1.57279e+17
1.5023e+17
1.42801e+17
1.3514e+17
1.26937e+17
1.18134e+17
1.08745e+17
9.84625e+16
8.7385e+16
7.50606e+16
6.15581e+16
4.66736e+16
2.99989e+16
1.0978e+16
1.38937e+16
3.87169e+16
6.12978e+16
8.22157e+16
1.01906e+17
1.20685e+17
1.38521e+17
1.55732e+17
1.72404e+17
1.88594e+17
2.03928e+17
2.18746e+17
2.32627e+17
2.45435e+17
2.57401e+17
2.68219e+17
2.78107e+17
2.86861e+17
2.94546e+17
3.01339e+17
3.07344e+17
3.12448e+17
3.16716e+17
3.20153e+17
3.22823e+17
3.24934e+17
3.26418e+17
3.27298e+17
3.27781e+17
3.27833e+17
3.27537e+17
3.26681e+17
3.25621e+17
3.24171e+17
3.22336e+17
3.20221e+17
3.17786e+17
3.15227e+17
3.12247e+17
3.09167e+17
3.05672e+17
3.02073e+17
2.9818e+17
2.94177e+17
2.8978e+17
2.85294e+17
2.80507e+17
2.75721e+17
2.70725e+17
2.65385e+17
2.60005e+17
2.54347e+17
2.4858e+17
2.42585e+17
2.36591e+17
2.30359e+17
2.239e+17
2.17693e+17
2.11337e+17
2.04812e+17
1.98348e+17
1.91805e+17
1.85036e+17
1.78551e+17
1.71769e+17
1.64852e+17
1.57794e+17
1.50685e+17
1.43379e+17
1.3568e+17
1.27619e+17
1.19075e+17
1.09789e+17
9.96179e+16
8.86529e+16
7.6326e+16
6.27979e+16
4.77239e+16
3.07027e+16
1.11948e+16
1.44149e+16
4.0149e+16
6.36694e+16
8.54164e+16
1.05947e+17
1.25506e+17
1.44141e+17
1.62044e+17
1.79362e+17
1.96048e+17
2.11898e+17
2.27094e+17
2.41257e+17
2.54363e+17
2.66436e+17
2.7733e+17
2.87073e+17
2.95598e+17
3.03283e+17
3.09989e+17
3.1577e+17
3.20523e+17
3.24501e+17
3.27631e+17
3.30028e+17
3.31923e+17
3.33209e+17
3.33938e+17
3.34233e+17
3.34198e+17
3.33634e+17
3.32743e+17
3.31544e+17
3.29958e+17
3.28055e+17
3.25851e+17
3.23272e+17
3.20546e+17
3.17517e+17
3.14277e+17
3.10843e+17
3.07188e+17
3.03219e+17
2.98997e+17
2.94556e+17
2.89885e+17
2.84922e+17
2.7994e+17
2.74701e+17
2.69271e+17
2.63705e+17
2.57917e+17
2.51911e+17
2.4582e+17
2.39489e+17
2.33141e+17
2.26432e+17
2.19826e+17
2.13117e+17
2.06339e+17
1.99582e+17
1.92907e+17
1.85879e+17
1.79056e+17
1.7218e+17
1.65251e+17
1.58118e+17
1.50908e+17
1.436e+17
1.36013e+17
1.28063e+17
1.19618e+17
1.10346e+17
1.00439e+17
8.95314e+16
7.73201e+16
6.38286e+16
4.86152e+16
3.13282e+16
1.14357e+16
1.49207e+16
4.15785e+16
6.59814e+16
8.86544e+16
1.09989e+17
1.303e+17
1.49687e+17
1.68314e+17
1.86194e+17
2.0348e+17
2.19934e+17
2.35407e+17
2.49797e+17
2.63042e+17
2.75148e+17
2.85984e+17
2.95602e+17
3.0404e+17
3.11678e+17
3.17996e+17
3.23411e+17
3.28043e+17
3.31708e+17
3.34644e+17
3.3694e+17
3.3865e+17
3.39792e+17
3.40366e+17
3.40551e+17
3.40341e+17
3.39753e+17
3.38728e+17
3.37287e+17
3.35593e+17
3.33655e+17
3.31291e+17
3.28826e+17
3.25967e+17
3.22878e+17
3.1957e+17
3.15944e+17
3.12176e+17
3.08068e+17
3.03881e+17
2.99234e+17
2.94487e+17
2.89552e+17
2.84423e+17
2.79005e+17
2.73393e+17
2.6752e+17
2.61574e+17
2.55338e+17
2.49054e+17
2.42606e+17
2.35914e+17
2.29087e+17
2.22121e+17
2.1518e+17
2.08055e+17
2.00969e+17
1.93993e+17
1.8683e+17
1.7968e+17
1.72616e+17
1.65479e+17
1.58287e+17
1.50976e+17
1.43632e+17
1.36018e+17
1.28174e+17
1.19947e+17
1.10822e+17
1.01101e+17
9.02512e+16
7.81676e+16
6.46617e+16
4.93694e+16
3.18794e+16
1.1679e+16
1.54258e+16
4.29835e+16
6.8305e+16
9.18801e+16
1.14e+17
1.35002e+17
1.55141e+17
1.74478e+17
1.93057e+17
2.10747e+17
2.27632e+17
2.43474e+17
2.58078e+17
2.71514e+17
2.83602e+17
2.9428e+17
3.03833e+17
3.12134e+17
3.195e+17
3.25689e+17
3.30927e+17
3.35211e+17
3.38709e+17
3.41447e+17
3.43619e+17
3.4499e+17
3.46041e+17
3.46446e+17
3.46486e+17
3.4618e+17
3.45429e+17
3.44321e+17
3.42888e+17
3.41076e+17
3.38958e+17
3.36737e+17
3.34068e+17
3.3129e+17
3.28048e+17
3.24701e+17
3.21029e+17
3.17163e+17
3.13021e+17
3.08707e+17
3.04105e+17
2.99236e+17
2.94065e+17
2.89005e+17
2.83308e+17
2.77694e+17
2.71652e+17
2.65531e+17
2.59035e+17
2.5254e+17
2.45854e+17
2.39022e+17
2.31943e+17
2.24796e+17
2.17524e+17
2.10156e+17
2.0276e+17
1.95362e+17
1.87919e+17
1.80372e+17
1.73025e+17
1.65678e+17
1.58223e+17
1.50797e+17
1.43334e+17
1.358e+17
1.27998e+17
1.20002e+17
1.1109e+17
1.01439e+17
9.07771e+16
7.88314e+16
6.53961e+16
5.00173e+16
3.23305e+16
1.18786e+16
1.59222e+16
4.44125e+16
7.06032e+16
9.50369e+16
1.17945e+17
1.39691e+17
1.60602e+17
1.80632e+17
1.99831e+17
2.1807e+17
2.35396e+17
2.51426e+17
2.66269e+17
2.79635e+17
2.91641e+17
3.02355e+17
3.11731e+17
3.19972e+17
3.27046e+17
3.3307e+17
3.37967e+17
3.41985e+17
3.4536e+17
3.47979e+17
3.49903e+17
3.51295e+17
3.52132e+17
3.52395e+17
3.52399e+17
3.51897e+17
3.51137e+17
3.49917e+17
3.48292e+17
3.46443e+17
3.44306e+17
3.42039e+17
3.39294e+17
3.36384e+17
3.33224e+17
3.29887e+17
3.26097e+17
3.22139e+17
3.18017e+17
3.13656e+17
3.0888e+17
3.03998e+17
2.98775e+17
2.93651e+17
2.87964e+17
2.82103e+17
2.76024e+17
2.69705e+17
2.63141e+17
2.56374e+17
2.49408e+17
2.42364e+17
2.35048e+17
2.27566e+17
2.20038e+17
2.12372e+17
2.04603e+17
1.9688e+17
1.89199e+17
1.81394e+17
1.73653e+17
1.66084e+17
1.58387e+17
1.50698e+17
1.43134e+17
1.35575e+17
1.27818e+17
1.19781e+17
1.11072e+17
1.01553e+17
9.10878e+16
7.92121e+16
6.59112e+16
5.05342e+16
3.27528e+16
1.20375e+16
1.64264e+16
4.58664e+16
7.29411e+16
9.81716e+16
1.21875e+17
1.44426e+17
1.66102e+17
1.86811e+17
2.0654e+17
2.25394e+17
2.42983e+17
2.59203e+17
2.74153e+17
2.87545e+17
2.99479e+17
3.10107e+17
3.19321e+17
3.27343e+17
3.34267e+17
3.39971e+17
3.4467e+17
3.48584e+17
3.51805e+17
3.54269e+17
3.55894e+17
3.57146e+17
3.57903e+17
3.58031e+17
3.57912e+17
3.5736e+17
3.5648e+17
3.55219e+17
3.53722e+17
3.51846e+17
3.49788e+17
3.47326e+17
3.44628e+17
3.41614e+17
3.38434e+17
3.34999e+17
3.31182e+17
3.27198e+17
3.23033e+17
3.18534e+17
3.13835e+17
3.08954e+17
3.03818e+17
2.98379e+17
2.92734e+17
2.86744e+17
2.80608e+17
2.74094e+17
2.67464e+17
2.6058e+17
2.53394e+17
2.45958e+17
2.38546e+17
2.3078e+17
2.22903e+17
2.14886e+17
2.06766e+17
1.98738e+17
1.90714e+17
1.82553e+17
1.74491e+17
1.66441e+17
1.58433e+17
1.50682e+17
1.42814e+17
1.35133e+17
1.27349e+17
1.19433e+17
1.10837e+17
1.01531e+17
9.11718e+16
7.94153e+16
6.62897e+16
5.10237e+16
3.31639e+16
1.22086e+16
1.69276e+16
4.73373e+16
7.53272e+16
1.01329e+17
1.25884e+17
1.49278e+17
1.71628e+17
1.93054e+17
2.13292e+17
2.32507e+17
2.50433e+17
2.66864e+17
2.81916e+17
2.95168e+17
3.07132e+17
3.1764e+17
3.2666e+17
3.34507e+17
3.41143e+17
3.46622e+17
3.51203e+17
3.54958e+17
3.58026e+17
3.60123e+17
3.61753e+17
3.62925e+17
3.63527e+17
3.63548e+17
3.63429e+17
3.62931e+17
3.61908e+17
3.60688e+17
3.59103e+17
3.57237e+17
3.55083e+17
3.52584e+17
3.49751e+17
3.46698e+17
3.43457e+17
3.3998e+17
3.36336e+17
3.32326e+17
3.28098e+17
3.23609e+17
3.18966e+17
3.14031e+17
3.08874e+17
3.03436e+17
2.97627e+17
2.9164e+17
2.8534e+17
2.78854e+17
2.72012e+17
2.64969e+17
2.57692e+17
2.50056e+17
2.42248e+17
2.34279e+17
2.26106e+17
2.17738e+17
2.09322e+17
2.00821e+17
1.92427e+17
1.83942e+17
1.75429e+17
1.67155e+17
1.58868e+17
1.50702e+17
1.42603e+17
1.34768e+17
1.26802e+17
1.18864e+17
1.10399e+17
1.01186e+17
9.0955e+16
7.94487e+16
6.64775e+16
5.12796e+16
3.34261e+16
1.23484e+16
1.74187e+16
4.87953e+16
7.7627e+16
1.04538e+17
1.29902e+17
1.53989e+17
1.77061e+17
1.99138e+17
2.19906e+17
2.39525e+17
2.57762e+17
2.74458e+17
2.89416e+17
3.02701e+17
3.14578e+17
3.2486e+17
3.33681e+17
3.41312e+17
3.47716e+17
3.53029e+17
3.57407e+17
3.61084e+17
3.63814e+17
3.65935e+17
3.67435e+17
3.68463e+17
3.69056e+17
3.69144e+17
3.69022e+17
3.68358e+17
3.67319e+17
3.65942e+17
3.64326e+17
3.62439e+17
3.60049e+17
3.57599e+17
3.54738e+17
3.51773e+17
3.48493e+17
3.45011e+17
3.41403e+17
3.37359e+17
3.33289e+17
3.2881e+17
3.24161e+17
3.19181e+17
3.13962e+17
3.08584e+17
3.02906e+17
2.96825e+17
2.90507e+17
2.8383e+17
2.76929e+17
2.69659e+17
2.62212e+17
2.5441e+17
2.46444e+17
2.38228e+17
2.2979e+17
2.21112e+17
2.12233e+17
2.03261e+17
1.94448e+17
1.85551e+17
1.76667e+17
1.67957e+17
1.59387e+17
1.50881e+17
1.42538e+17
1.34496e+17
1.26315e+17
1.18234e+17
1.09752e+17
1.00718e+17
9.06416e+16
7.92601e+16
6.64611e+16
5.14047e+16
3.36458e+16
1.24688e+16
1.78889e+16
5.01279e+16
7.98003e+16
1.07595e+17
1.3375e+17
1.58665e+17
1.82503e+17
2.05157e+17
2.26464e+17
2.46398e+17
2.64864e+17
2.81754e+17
2.96725e+17
3.10028e+17
3.21819e+17
3.31802e+17
3.4053e+17
3.47919e+17
3.54091e+17
3.5925e+17
3.63394e+17
3.66709e+17
3.69323e+17
3.71382e+17
3.72717e+17
3.73743e+17
3.74348e+17
3.74446e+17
3.74224e+17
3.73281e+17
3.72307e+17
3.70913e+17
3.69295e+17
3.67274e+17
3.65026e+17
3.62588e+17
3.59834e+17
3.56959e+17
3.53696e+17
3.5027e+17
3.465e+17
3.42528e+17
3.38436e+17
3.33965e+17
3.29349e+17
3.24426e+17
3.19201e+17
3.13756e+17
3.08097e+17
3.02119e+17
2.95678e+17
2.89074e+17
2.82098e+17
2.74718e+17
2.67077e+17
2.59113e+17
2.51017e+17
2.42581e+17
2.33787e+17
2.24895e+17
2.15674e+17
2.06311e+17
1.96962e+17
1.875e+17
1.78291e+17
1.69117e+17
1.59893e+17
1.51241e+17
1.42588e+17
1.34163e+17
1.25813e+17
1.17536e+17
1.09037e+17
1.00035e+17
9.00718e+16
7.89484e+16
6.62676e+16
5.14487e+16
3.38185e+16
1.25344e+16
1.83237e+16
5.13958e+16
8.19399e+16
1.10592e+17
1.37569e+17
1.63258e+17
1.87812e+17
2.11059e+17
2.32823e+17
2.53136e+17
2.71914e+17
2.88709e+17
3.03786e+17
3.17142e+17
3.28607e+17
3.38568e+17
3.47024e+17
3.54159e+17
3.60175e+17
3.6507e+17
3.68956e+17
3.7229e+17
3.74804e+17
3.76687e+17
3.78177e+17
3.79106e+17
3.79653e+17
3.79606e+17
3.79259e+17
3.78405e+17
3.77367e+17
3.75929e+17
3.74261e+17
3.72253e+17
3.70024e+17
3.67585e+17
3.64829e+17
3.61939e+17
3.58704e+17
3.55363e+17
3.51581e+17
3.47697e+17
3.43619e+17
3.39213e+17
3.34646e+17
3.298e+17
3.24707e+17
3.19226e+17
3.13534e+17
3.07602e+17
3.01125e+17
2.94488e+17
2.87457e+17
2.80093e+17
2.72304e+17
2.64234e+17
2.55932e+17
2.47207e+17
2.38328e+17
2.29045e+17
2.19471e+17
2.09742e+17
1.99915e+17
1.89971e+17
1.80252e+17
1.70656e+17
1.61006e+17
1.51766e+17
1.42821e+17
1.33954e+17
1.2533e+17
1.16927e+17
1.08235e+17
9.93149e+16
8.94608e+16
7.85858e+16
6.60902e+16
5.14471e+16
3.38582e+16
1.26043e+16
1.87805e+16
5.26663e+16
8.40515e+16
1.13566e+17
1.41313e+17
1.6782e+17
1.9315e+17
2.16984e+17
2.39218e+17
2.59882e+17
2.78725e+17
2.95749e+17
3.10819e+17
3.23985e+17
3.35308e+17
3.45119e+17
3.5331e+17
3.60248e+17
3.6598e+17
3.70595e+17
3.74515e+17
3.77661e+17
3.80148e+17
3.82001e+17
3.8345e+17
3.84294e+17
3.84658e+17
3.84587e+17
3.84185e+17
3.83292e+17
3.82126e+17
3.80668e+17
3.79065e+17
3.76987e+17
3.74832e+17
3.72428e+17
3.69661e+17
3.66839e+17
3.63672e+17
3.60409e+17
3.56736e+17
3.52977e+17
3.48834e+17
3.44631e+17
3.39974e+17
3.35203e+17
3.30183e+17
3.24783e+17
3.1908e+17
3.13096e+17
3.06785e+17
2.99974e+17
2.92999e+17
2.85599e+17
2.7789e+17
2.69667e+17
2.61165e+17
2.5223e+17
2.43102e+17
2.3372e+17
2.23918e+17
2.13799e+17
2.03549e+17
1.93137e+17
1.82736e+17
1.72535e+17
1.62377e+17
1.52617e+17
1.43047e+17
1.33897e+17
1.24963e+17
1.16353e+17
1.07524e+17
9.84583e+16
8.87941e+16
7.81014e+16
6.5756e+16
5.13148e+16
3.38436e+16
1.26831e+16
1.92446e+16
5.40214e+16
8.62424e+16
1.16591e+17
1.45113e+17
1.72417e+17
1.98326e+17
2.22698e+17
2.45485e+17
2.66424e+17
2.85467e+17
3.02563e+17
3.17513e+17
3.30629e+17
3.41634e+17
3.51307e+17
3.59189e+17
3.65924e+17
3.71443e+17
3.76089e+17
3.79833e+17
3.82942e+17
3.85306e+17
3.87111e+17
3.88455e+17
3.89112e+17
3.89441e+17
3.89264e+17
3.88812e+17
3.87973e+17
3.86898e+17
3.85413e+17
3.83811e+17
3.81767e+17
3.79625e+17
3.77237e+17
3.7454e+17
3.71705e+17
3.68637e+17
3.65415e+17
3.61901e+17
3.58164e+17
3.54105e+17
3.49862e+17
3.45295e+17
3.40574e+17
3.35509e+17
3.30215e+17
3.24501e+17
3.18661e+17
3.12292e+17
3.05668e+17
2.9857e+17
2.91232e+17
2.83535e+17
2.75251e+17
2.66693e+17
2.57612e+17
2.48178e+17
2.38489e+17
2.28458e+17
2.18089e+17
2.07473e+17
1.96649e+17
1.85665e+17
1.74973e+17
1.64227e+17
1.538e+17
1.43779e+17
1.34104e+17
1.24792e+17
1.15804e+17
1.0684e+17
9.77429e+16
8.81299e+16
7.76406e+16
6.53964e+16
5.10873e+16
3.38263e+16
1.26761e+16
1.97189e+16
5.53614e+16
8.82937e+16
1.19499e+17
1.48906e+17
1.7686e+17
2.03449e+17
2.28471e+17
2.51675e+17
2.72846e+17
2.92057e+17
3.0921e+17
3.23982e+17
3.36918e+17
3.47836e+17
3.57217e+17
3.64832e+17
3.71406e+17
3.76851e+17
3.81377e+17
3.85112e+17
3.88033e+17
3.9024e+17
3.9199e+17
3.93139e+17
3.93859e+17
3.94056e+17
3.9391e+17
3.93469e+17
3.92591e+17
3.91463e+17
3.89973e+17
3.88324e+17
3.8642e+17
3.84267e+17
3.81937e+17
3.79409e+17
3.76576e+17
3.73603e+17
3.70336e+17
3.66922e+17
3.63201e+17
3.59313e+17
3.55062e+17
3.50748e+17
3.45954e+17
3.41046e+17
3.35777e+17
3.30193e+17
3.24251e+17
3.18031e+17
3.11442e+17
3.04468e+17
2.97029e+17
2.89307e+17
2.81088e+17
2.72449e+17
2.63281e+17
2.53808e+17
2.43787e+17
2.33569e+17
2.22886e+17
2.11732e+17
2.00545e+17
1.89052e+17
1.77813e+17
1.66485e+17
1.55447e+17
1.44843e+17
1.34657e+17
1.24847e+17
1.15372e+17
1.06195e+17
9.70142e+16
8.74097e+16
7.70494e+16
6.50375e+16
5.08448e+16
3.37324e+16
1.2687e+16
2.02089e+16
5.66751e+16
9.0462e+16
1.22366e+17
1.52597e+17
1.81384e+17
2.08571e+17
2.34149e+17
2.57649e+17
2.79134e+17
2.98454e+17
3.15432e+17
3.30169e+17
3.43006e+17
3.53699e+17
3.62777e+17
3.70333e+17
3.76703e+17
3.82035e+17
3.8656e+17
3.90086e+17
3.92903e+17
3.95049e+17
3.96658e+17
3.97795e+17
3.98394e+17
3.98608e+17
3.98448e+17
3.9788e+17
3.96981e+17
3.95901e+17
3.94534e+17
3.9288e+17
3.91109e+17
3.89039e+17
3.8666e+17
3.84141e+17
3.81476e+17
3.785e+17
3.75311e+17
3.71886e+17
3.68217e+17
3.64357e+17
3.60206e+17
3.55808e+17
3.51274e+17
3.46359e+17
3.41228e+17
3.35731e+17
3.29955e+17
3.23759e+17
3.17239e+17
3.10373e+17
3.03045e+17
2.95279e+17
2.87135e+17
2.78455e+17
2.69242e+17
2.59591e+17
2.49474e+17
2.38988e+17
2.28062e+17
2.16671e+17
2.04995e+17
1.93015e+17
1.81124e+17
1.69188e+17
1.57553e+17
1.46232e+17
1.35414e+17
1.25036e+17
1.15096e+17
1.05584e+17
9.62935e+16
8.66236e+16
7.63582e+16
6.45475e+16
5.05623e+16
3.3624e+16
1.26777e+16
2.06903e+16
5.80026e+16
9.26368e+16
1.25282e+17
1.56302e+17
1.85771e+17
2.13639e+17
2.39669e+17
2.63501e+17
2.85271e+17
3.04718e+17
3.2168e+17
3.36313e+17
3.48899e+17
3.59318e+17
3.68181e+17
3.75635e+17
3.8183e+17
3.87088e+17
3.91455e+17
3.94799e+17
3.97518e+17
3.99587e+17
4.01216e+17
4.02194e+17
4.02788e+17
4.0297e+17
4.02736e+17
4.0218e+17
4.01385e+17
4.00359e+17
3.98953e+17
3.97445e+17
3.95636e+17
3.93603e+17
3.91334e+17
3.88776e+17
3.86181e+17
3.83272e+17
3.80105e+17
3.76822e+17
3.73174e+17
3.69322e+17
3.65333e+17
3.61036e+17
3.56447e+17
3.51652e+17
3.46542e+17
3.41184e+17
3.35473e+17
3.29467e+17
3.23044e+17
3.16284e+17
3.09053e+17
3.01388e+17
2.93246e+17
2.84648e+17
2.75414e+17
2.65771e+17
2.55428e+17
2.44716e+17
2.33593e+17
2.21879e+17
2.09897e+17
1.97443e+17
1.84881e+17
1.72342e+17
1.59997e+17
1.47974e+17
1.36549e+17
1.25564e+17
1.1503e+17
1.05112e+17
9.55596e+16
8.57992e+16
7.55379e+16
6.39107e+16
5.0201e+16
3.34017e+16
1.26292e+16
2.10791e+16
5.92438e+16
9.47491e+16
1.28218e+17
1.60026e+17
1.90194e+17
2.18637e+17
2.45074e+17
2.69302e+17
2.91328e+17
3.1067e+17
3.27585e+17
3.4212e+17
3.54406e+17
3.64691e+17
3.73293e+17
3.80644e+17
3.8686e+17
3.9213e+17
3.96074e+17
3.99344e+17
4.0194e+17
4.03989e+17
4.0557e+17
4.06473e+17
4.07073e+17
4.07161e+17
4.06947e+17
4.06436e+17
4.05548e+17
4.04716e+17
4.03348e+17
4.01963e+17
4.0007e+17
3.98133e+17
3.95872e+17
3.93432e+17
3.90807e+17
3.87929e+17
3.84767e+17
3.81494e+17
3.77842e+17
3.74221e+17
3.7019e+17
3.66083e+17
3.61565e+17
3.569e+17
3.51837e+17
3.46641e+17
3.41087e+17
3.35128e+17
3.28804e+17
3.22223e+17
3.15029e+17
3.07495e+17
2.99346e+17
2.90961e+17
2.81802e+17
2.7217e+17
2.61757e+17
2.50855e+17
2.39441e+17
2.27528e+17
2.15169e+17
2.02362e+17
1.89275e+17
1.76076e+17
1.63067e+17
1.50242e+17
1.37993e+17
1.26397e+17
1.15232e+17
1.04786e+17
9.48429e+16
8.50285e+16
7.47331e+16
6.32906e+16
4.97283e+16
3.31807e+16
1.25962e+16
2.15267e+16
6.04897e+16
9.6788e+16
1.31135e+17
1.63633e+17
1.94522e+17
2.2356e+17
2.50423e+17
2.74992e+17
2.97094e+17
3.16527e+17
3.33402e+17
3.47684e+17
3.59761e+17
3.69866e+17
3.78375e+17
3.85664e+17
3.91751e+17
3.96649e+17
4.00546e+17
4.03744e+17
4.06354e+17
4.08283e+17
4.09826e+17
4.10679e+17
4.11109e+17
4.1112e+17
4.10995e+17
4.10474e+17
4.09937e+17
4.08932e+17
4.07782e+17
4.06187e+17
4.0445e+17
4.02557e+17
4.00195e+17
3.97872e+17
3.95223e+17
3.92386e+17
3.89215e+17
3.86099e+17
3.8247e+17
3.78992e+17
3.74991e+17
3.70969e+17
3.66582e+17
3.62026e+17
3.57149e+17
3.52006e+17
3.46552e+17
3.40812e+17
3.34644e+17
3.28178e+17
3.21153e+17
3.1368e+17
3.05677e+17
2.97242e+17
2.88122e+17
2.78563e+17
2.68268e+17
2.57298e+17
2.45743e+17
2.33594e+17
2.20935e+17
2.07677e+17
1.94145e+17
1.80354e+17
1.66554e+17
1.52957e+17
1.3999e+17
1.27537e+17
1.15761e+17
1.04724e+17
9.42755e+16
8.42788e+16
7.39503e+16
6.26e+16
4.92868e+16
3.29528e+16
1.25204e+16
2.19418e+16
6.17386e+16
9.89047e+16
1.33986e+17
1.67261e+17
1.98867e+17
2.28428e+17
2.5579e+17
2.80658e+17
3.02799e+17
3.2216e+17
3.3891e+17
3.53008e+17
3.64904e+17
3.74843e+17
3.83229e+17
3.9032e+17
3.96242e+17
4.01048e+17
4.04988e+17
4.08023e+17
4.10614e+17
4.12427e+17
4.13741e+17
4.14428e+17
4.14916e+17
4.15176e+17
4.1505e+17
4.14693e+17
4.14059e+17
4.13071e+17
4.118e+17
4.10263e+17
4.0853e+17
4.06498e+17
4.0436e+17
4.02014e+17
3.99403e+17
3.96612e+17
3.93604e+17
3.90462e+17
3.87127e+17
3.83569e+17
3.79777e+17
3.75712e+17
3.71552e+17
3.67102e+17
3.62354e+17
3.57316e+17
3.52034e+17
3.46381e+17
3.40354e+17
3.3396e+17
3.27225e+17
3.19892e+17
3.12001e+17
3.03677e+17
2.94691e+17
2.85119e+17
2.74991e+17
2.63996e+17
2.5235e+17
2.39925e+17
2.27048e+17
2.13527e+17
1.99409e+17
1.85066e+17
1.70629e+17
1.56252e+17
1.42342e+17
1.29154e+17
1.16646e+17
1.04968e+17
9.40595e+16
8.36058e+16
7.32078e+16
6.1848e+16
4.87688e+16
3.2684e+16
1.24219e+16
2.2397e+16
6.30438e+16
1.0094e+17
1.36856e+17
1.70862e+17
2.03082e+17
2.33222e+17
2.60872e+17
2.85958e+17
3.08219e+17
3.27631e+17
3.442e+17
3.58213e+17
3.69914e+17
3.79597e+17
3.87879e+17
3.94852e+17
4.00554e+17
4.05275e+17
4.09015e+17
4.12072e+17
4.14532e+17
4.16147e+17
4.17428e+17
4.18226e+17
4.1893e+17
4.19168e+17
4.19059e+17
4.18611e+17
4.1787e+17
4.17012e+17
4.15594e+17
4.1415e+17
4.12325e+17
4.10337e+17
4.08233e+17
4.05909e+17
4.03336e+17
4.00551e+17
3.97668e+17
3.94577e+17
3.91312e+17
3.87874e+17
3.84116e+17
3.80264e+17
3.76149e+17
3.71841e+17
3.67237e+17
3.62389e+17
3.57307e+17
3.51731e+17
3.45968e+17
3.39704e+17
3.33143e+17
3.26041e+17
3.18375e+17
3.10196e+17
3.01396e+17
2.91832e+17
2.81774e+17
2.70805e+17
2.59179e+17
2.46708e+17
2.33468e+17
2.19719e+17
2.0527e+17
1.90291e+17
1.75155e+17
1.59977e+17
1.45325e+17
1.31151e+17
1.1785e+17
1.05443e+17
9.38673e+16
8.31308e+16
7.24882e+16
6.12209e+16
4.8319e+16
3.24034e+16
1.23307e+16
2.28499e+16
6.4288e+16
1.02951e+17
1.39622e+17
1.74462e+17
2.07297e+17
2.37946e+17
2.66006e+17
2.9135e+17
3.13654e+17
3.3293e+17
3.49335e+17
3.63136e+17
3.7463e+17
3.84187e+17
3.92303e+17
3.99162e+17
4.04773e+17
4.09347e+17
4.12893e+17
4.15987e+17
4.18186e+17
4.19813e+17
4.21187e+17
4.22081e+17
4.22698e+17
4.2284e+17
4.22785e+17
4.2227e+17
4.21519e+17
4.20567e+17
4.19283e+17
4.17749e+17
4.16068e+17
4.14082e+17
4.12002e+17
4.09638e+17
4.07097e+17
4.04379e+17
4.01523e+17
3.98447e+17
3.95245e+17
3.9187e+17
3.88338e+17
3.84573e+17
3.80561e+17
3.76393e+17
3.71862e+17
3.67256e+17
3.62277e+17
3.57005e+17
3.51313e+17
3.45303e+17
3.38849e+17
3.32025e+17
3.24531e+17
3.16556e+17
3.07976e+17
2.98656e+17
2.8859e+17
2.77826e+17
2.66141e+17
2.53665e+17
2.40291e+17
2.26216e+17
2.11419e+17
1.9607e+17
1.80213e+17
1.64286e+17
1.48615e+17
1.33634e+17
1.19445e+17
1.0624e+17
9.40301e+16
8.27172e+16
7.19101e+16
6.05669e+16
4.77466e+16
3.20604e+16
1.22754e+16
2.32486e+16
6.5491e+16
1.05032e+17
1.42466e+17
1.77941e+17
2.11469e+17
2.42594e+17
2.71019e+17
2.96577e+17
3.18813e+17
3.37959e+17
3.54229e+17
3.67808e+17
3.79137e+17
3.88632e+17
3.9662e+17
4.03292e+17
4.08698e+17
4.13087e+17
4.16666e+17
4.19578e+17
4.21646e+17
4.23424e+17
4.24894e+17
4.25774e+17
4.26338e+17
4.2647e+17
4.26309e+17
4.25825e+17
4.25036e+17
4.2421e+17
4.22903e+17
4.21341e+17
4.19636e+17
4.17593e+17
4.15531e+17
4.13173e+17
4.10747e+17
4.08024e+17
4.05213e+17
4.02188e+17
3.99118e+17
3.95766e+17
3.92377e+17
3.8874e+17
3.84825e+17
3.80795e+17
3.76461e+17
3.71945e+17
3.67117e+17
3.61974e+17
3.56558e+17
3.50684e+17
3.44513e+17
3.37783e+17
3.30573e+17
3.22815e+17
3.14467e+17
3.05419e+17
2.95539e+17
2.84792e+17
2.73384e+17
2.60829e+17
2.47476e+17
2.3317e+17
2.18036e+17
2.02216e+17
1.85839e+17
1.69133e+17
1.52551e+17
1.36592e+17
1.21429e+17
1.07375e+17
9.44084e+16
8.25054e+16
7.13302e+16
5.99015e+16
4.71417e+16
3.17347e+16
1.21498e+16
2.36403e+16
6.66224e+16
1.06994e+17
1.45217e+17
1.8152e+17
2.15585e+17
2.4722e+17
2.76024e+17
3.0162e+17
3.23898e+17
3.42986e+17
3.59111e+17
3.72405e+17
3.83549e+17
3.92864e+17
4.00753e+17
4.07249e+17
4.12508e+17
4.16645e+17
4.20178e+17
4.22924e+17
4.25139e+17
4.27012e+17
4.28359e+17
4.2916e+17
4.29638e+17
4.29825e+17
4.29719e+17
4.29236e+17
4.28477e+17
4.27504e+17
4.26057e+17
4.24571e+17
4.22803e+17
4.20873e+17
4.18778e+17
4.16546e+17
4.14109e+17
4.11483e+17
4.08715e+17
4.0585e+17
4.02776e+17
3.99639e+17
3.96236e+17
3.92788e+17
3.88984e+17
3.85065e+17
3.80855e+17
3.76473e+17
3.71879e+17
3.66853e+17
3.61632e+17
3.55991e+17
3.49958e+17
3.43505e+17
3.36565e+17
3.28943e+17
3.20886e+17
3.12043e+17
3.0243e+17
2.9188e+17
2.80461e+17
2.68199e+17
2.54712e+17
2.40439e+17
2.25035e+17
2.08745e+17
1.91884e+17
1.74555e+17
1.57048e+17
1.40072e+17
1.23834e+17
1.08831e+17
9.51162e+16
8.25408e+16
7.08763e+16
5.92914e+16
4.65575e+16
3.13585e+16
1.20115e+16
2.40066e+16
6.77396e+16
1.08899e+17
1.47964e+17
1.84925e+17
2.1966e+17
2.51768e+17
2.80873e+17
3.06529e+17
3.28855e+17
3.47765e+17
3.63588e+17
3.76706e+17
3.8769e+17
3.96834e+17
4.04634e+17
4.10893e+17
4.15967e+17
4.20104e+17
4.23607e+17
4.26344e+17
4.28534e+17
4.30416e+17
4.31658e+17
4.32469e+17
4.32961e+17
4.33166e+17
4.32965e+17
4.32395e+17
4.31629e+17
4.30476e+17
4.2917e+17
4.2769e+17
4.25897e+17
4.23978e+17
4.21982e+17
4.19727e+17
4.17432e+17
4.14922e+17
4.12275e+17
4.09515e+17
4.06513e+17
4.03455e+17
4.00142e+17
3.96714e+17
3.9311e+17
3.89289e+17
3.85188e+17
3.80932e+17
3.76489e+17
3.71687e+17
3.66561e+17
3.6115e+17
3.55323e+17
3.49043e+17
3.42394e+17
3.35046e+17
3.27126e+17
3.18554e+17
3.09219e+17
2.98971e+17
2.87751e+17
2.75591e+17
2.62258e+17
2.47842e+17
2.32383e+17
2.15816e+17
1.98465e+17
1.80409e+17
1.62154e+17
1.44119e+17
1.26823e+17
1.10684e+17
9.59786e+16
8.27439e+16
7.0564e+16
5.87839e+16
4.60493e+16
3.09896e+16
1.18957e+16
2.43906e+16
6.89413e+16
1.10789e+17
1.50681e+17
1.88409e+17
2.23733e+17
2.56217e+17
2.85567e+17
3.11377e+17
3.33629e+17
3.52325e+17
3.67932e+17
3.80867e+17
3.91653e+17
4.00693e+17
4.08333e+17
4.14401e+17
4.19362e+17
4.2343e+17
4.26859e+17
4.29562e+17
4.31761e+17
4.33567e+17
4.34737e+17
4.35552e+17
4.3602e+17
4.36108e+17
4.3581e+17
4.35274e+17
4.34379e+17
4.33306e+17
4.32108e+17
4.30515e+17
4.28776e+17
4.27037e+17
4.25033e+17
4.22908e+17
4.2062e+17
4.18222e+17
4.15587e+17
4.12953e+17
4.1003e+17
4.07028e+17
4.03842e+17
4.00467e+17
3.96992e+17
3.93178e+17
3.89262e+17
3.85148e+17
3.80739e+17
3.76183e+17
3.71231e+17
3.66016e+17
3.60495e+17
3.54424e+17
3.47974e+17
3.40944e+17
3.33357e+17
3.24961e+17
3.15871e+17
3.05866e+17
2.94972e+17
2.8298e+17
2.69885e+17
2.55477e+17
2.39886e+17
2.23131e+17
2.05393e+17
1.86792e+17
1.67712e+17
1.48687e+17
1.30249e+17
1.13059e+17
9.72507e+16
8.31505e+16
7.03913e+16
5.82759e+16
4.54998e+16
3.06147e+16
1.17229e+16
2.47494e+16
6.99575e+16
1.12634e+17
1.53317e+17
1.91771e+17
2.2768e+17
2.6063e+17
2.9024e+17
3.16072e+17
3.38178e+17
3.56708e+17
3.72142e+17
3.84923e+17
3.95442e+17
4.04359e+17
4.11776e+17
4.17608e+17
4.22468e+17
4.26581e+17
4.2993e+17
4.32597e+17
4.34883e+17
4.36495e+17
4.37677e+17
4.38472e+17
4.38902e+17
4.38965e+17
4.38724e+17
4.38118e+17
4.37221e+17
4.36125e+17
4.34826e+17
4.33222e+17
4.31661e+17
4.29792e+17
4.27974e+17
4.25919e+17
4.23736e+17
4.21377e+17
4.18894e+17
4.16259e+17
4.135e+17
4.10585e+17
4.07555e+17
4.04277e+17
4.00906e+17
3.97306e+17
3.93461e+17
3.89441e+17
3.85176e+17
3.80594e+17
3.75891e+17
3.70737e+17
3.65402e+17
3.5961e+17
3.53425e+17
3.46651e+17
3.39315e+17
3.31308e+17
3.22493e+17
3.12837e+17
3.02114e+17
2.90423e+17
2.77497e+17
2.63308e+17
2.47764e+17
2.30864e+17
2.12736e+17
1.936e+17
1.73877e+17
1.53864e+17
1.34229e+17
1.15834e+17
9.89519e+16
8.38885e+16
7.04498e+16
5.79304e+16
4.50678e+16
3.02887e+16
1.15977e+16
2.50851e+16
7.10195e+16
1.14478e+17
1.55881e+17
1.95051e+17
2.31564e+17
2.64848e+17
2.94689e+17
3.2062e+17
3.42639e+17
3.60943e+17
3.76095e+17
3.88608e+17
3.99111e+17
4.07833e+17
4.14942e+17
4.20635e+17
4.25526e+17
4.29491e+17
4.32759e+17
4.35537e+17
4.37641e+17
4.3929e+17
4.40454e+17
4.41254e+17
4.41694e+17
4.41665e+17
4.41322e+17
4.40564e+17
4.39657e+17
4.38567e+17
4.37295e+17
4.3591e+17
4.34387e+17
4.32601e+17
4.30804e+17
4.28783e+17
4.26697e+17
4.24467e+17
4.22135e+17
4.19579e+17
4.16926e+17
4.1411e+17
4.11126e+17
4.08023e+17
4.04739e+17
4.01197e+17
3.97497e+17
3.93592e+17
3.89529e+17
3.85069e+17
3.80396e+17
3.7541e+17
3.70158e+17
3.64569e+17
3.58541e+17
3.52106e+17
3.4503e+17
3.37382e+17
3.28877e+17
3.19544e+17
3.09162e+17
2.97738e+17
2.85072e+17
2.71067e+17
2.55609e+17
2.38695e+17
2.2046e+17
2.00869e+17
1.80357e+17
1.59512e+17
1.38785e+17
1.19068e+17
1.00947e+17
8.4828e+16
7.06216e+16
5.77091e+16
4.47024e+16
2.99427e+16
1.15387e+16
2.53891e+16
7.21012e+16
1.16265e+17
1.58454e+17
1.98355e+17
2.35391e+17
2.6911e+17
2.9915e+17
3.2499e+17
3.46886e+17
3.64932e+17
3.79922e+17
3.92312e+17
4.02514e+17
4.11106e+17
4.18012e+17
4.23639e+17
4.28392e+17
4.32256e+17
4.35683e+17
4.38389e+17
4.40409e+17
4.42056e+17
4.43131e+17
4.43872e+17
4.44132e+17
4.43984e+17
4.43488e+17
4.42924e+17
4.42085e+17
4.41114e+17
4.3982e+17
4.38579e+17
4.37113e+17
4.35466e+17
4.33832e+17
4.31845e+17
4.29885e+17
4.27727e+17
4.25474e+17
4.23029e+17
4.20512e+17
4.17734e+17
4.14941e+17
4.11821e+17
4.0861e+17
4.05143e+17
4.0155e+17
3.97692e+17
3.93773e+17
3.89434e+17
3.84886e+17
3.80065e+17
3.74858e+17
3.69467e+17
3.63574e+17
3.57396e+17
3.50612e+17
3.43321e+17
3.35115e+17
3.26123e+17
3.16117e+17
3.04989e+17
2.92662e+17
2.78934e+17
2.63705e+17
2.46776e+17
2.28408e+17
2.08575e+17
1.87423e+17
1.65691e+17
1.43877e+17
1.22916e+17
1.03464e+17
8.61212e+16
7.09527e+16
5.74642e+16
4.4347e+16
2.96771e+16
1.14818e+16
2.57939e+16
7.31785e+16
1.18096e+17
1.6103e+17
2.01594e+17
2.39199e+17
2.73294e+17
3.03389e+17
3.29267e+17
3.50998e+17
3.68865e+17
3.83643e+17
3.95768e+17
4.0585e+17
4.1418e+17
4.20859e+17
4.26396e+17
4.31107e+17
4.35034e+17
4.38388e+17
4.40928e+17
4.43048e+17
4.44525e+17
4.45517e+17
4.4617e+17
4.46343e+17
4.46144e+17
4.45813e+17
4.45237e+17
4.44429e+17
4.4345e+17
4.42332e+17
4.41166e+17
4.39782e+17
4.38276e+17
4.36637e+17
4.34793e+17
4.32927e+17
4.30874e+17
4.28743e+17
4.26476e+17
4.23918e+17
4.21372e+17
4.18548e+17
4.15564e+17
4.12464e+17
4.09105e+17
4.05555e+17
4.01871e+17
3.97849e+17
3.93827e+17
3.8933e+17
3.84759e+17
3.79599e+17
3.74297e+17
3.68487e+17
3.6254e+17
3.55853e+17
3.48883e+17
3.41083e+17
3.32419e+17
3.22848e+17
3.12082e+17
3.00142e+17
2.86701e+17
2.71717e+17
2.54976e+17
2.36586e+17
2.16455e+17
1.94928e+17
1.7236e+17
1.49442e+17
1.27148e+17
1.0637e+17
8.77342e+16
7.16081e+16
5.74233e+16
4.40349e+16
2.93745e+16
1.1332e+16
2.61504e+16
7.42228e+16
1.19895e+17
1.6354e+17
2.04765e+17
2.4289e+17
2.77295e+17
3.07561e+17
3.33327e+17
3.54819e+17
3.72538e+17
3.87058e+17
3.99069e+17
4.08962e+17
4.17012e+17
4.2364e+17
4.29082e+17
4.33749e+17
4.37638e+17
4.40863e+17
4.4344e+17
4.45395e+17
4.46778e+17
4.47722e+17
4.48263e+17
4.48357e+17
4.48266e+17
4.47891e+17
4.47323e+17
4.46677e+17
4.45842e+17
4.44805e+17
4.43689e+17
4.42391e+17
4.41063e+17
4.39491e+17
4.3785e+17
4.36089e+17
4.34089e+17
4.3206e+17
4.29888e+17
4.27514e+17
4.2509e+17
4.22368e+17
4.19511e+17
4.16379e+17
4.13122e+17
4.09617e+17
4.05987e+17
4.02125e+17
3.97993e+17
3.93687e+17
3.8913e+17
3.84301e+17
3.79097e+17
3.73491e+17
3.67594e+17
3.61176e+17
3.54256e+17
3.46842e+17
3.38512e+17
3.2937e+17
3.19032e+17
3.07462e+17
2.9438e+17
2.79801e+17
2.63312e+17
2.44965e+17
2.24738e+17
2.02743e+17
1.79584e+17
1.55707e+17
1.32065e+17
1.09758e+17
8.97601e+16
7.24757e+16
5.75612e+16
4.3781e+16
2.90878e+16
1.11591e+16
2.64861e+16
7.52291e+16
1.21665e+17
1.66116e+17
2.08002e+17
2.46598e+17
2.81328e+17
3.11609e+17
3.37262e+17
3.58651e+17
3.7607e+17
3.90396e+17
4.02212e+17
4.11858e+17
4.19776e+17
4.26202e+17
4.31618e+17
4.36307e+17
4.39999e+17
4.43248e+17
4.45635e+17
4.47465e+17
4.48837e+17
4.49751e+17
4.5018e+17
4.50338e+17
4.50237e+17
4.49944e+17
4.49619e+17
4.49001e+17
4.48165e+17
4.47227e+17
4.46143e+17
4.44915e+17
4.437e+17
4.42235e+17
4.40805e+17
4.39085e+17
4.37346e+17
4.35459e+17
4.3346e+17
4.31245e+17
4.28891e+17
4.26293e+17
4.23549e+17
4.20525e+17
4.17392e+17
4.13907e+17
4.10313e+17
4.06521e+17
4.0244e+17
3.98166e+17
3.93632e+17
3.88775e+17
3.8376e+17
3.78356e+17
3.72557e+17
3.66345e+17
3.59639e+17
3.52354e+17
3.44354e+17
3.35576e+17
3.25773e+17
3.14606e+17
3.01949e+17
2.87626e+17
2.71488e+17
2.53383e+17
2.33171e+17
2.10957e+17
1.87161e+17
1.62259e+17
1.37379e+17
1.13661e+17
9.21444e+16
7.36184e+16
5.78105e+16
4.36023e+16
2.87908e+16
1.10343e+16
2.67562e+16
7.62069e+16
1.23376e+17
1.6854e+17
2.11105e+17
2.50155e+17
2.85174e+17
3.15521e+17
3.41062e+17
3.62198e+17
3.79412e+17
3.93542e+17
4.05138e+17
4.14577e+17
4.22349e+17
4.2864e+17
4.3409e+17
4.38618e+17
4.42364e+17
4.45361e+17
4.47626e+17
4.49442e+17
4.507e+17
4.51551e+17
4.51991e+17
4.5214e+17
4.52121e+17
4.52006e+17
4.5166e+17
4.51125e+17
4.50365e+17
4.49534e+17
4.48607e+17
4.47619e+17
4.46489e+17
4.45245e+17
4.43871e+17
4.42327e+17
4.40681e+17
4.38946e+17
4.37032e+17
4.34947e+17
4.32607e+17
4.30155e+17
4.27454e+17
4.24631e+17
4.2156e+17
4.18255e+17
4.14723e+17
4.11017e+17
4.06964e+17
4.02762e+17
3.9827e+17
3.93493e+17
3.88342e+17
3.8309e+17
3.77417e+17
3.71397e+17
3.6477e+17
3.5786e+17
3.50089e+17
3.41553e+17
3.32147e+17
3.21522e+17
3.09355e+17
2.95536e+17
2.7974e+17
2.61872e+17
2.41762e+17
2.19345e+17
1.95211e+17
1.69497e+17
1.43364e+17
1.18071e+17
9.49318e+16
7.50547e+16
5.82502e+16
4.34392e+16
2.85492e+16
1.09274e+16
2.70454e+16
7.71778e+16
1.25144e+17
1.71215e+17
2.14349e+17
2.53899e+17
2.89156e+17
3.19489e+17
3.4483e+17
3.65743e+17
3.8266e+17
3.96576e+17
4.07994e+17
4.17126e+17
4.24742e+17
4.31061e+17
4.36314e+17
4.40796e+17
4.4435e+17
4.47276e+17
4.49513e+17
4.51257e+17
4.52367e+17
4.53225e+17
4.53664e+17
4.539e+17
4.54059e+17
4.53942e+17
4.53632e+17
4.53104e+17
4.52581e+17
4.51929e+17
4.51279e+17
4.50273e+17
4.49311e+17
4.48231e+17
4.46905e+17
4.45567e+17
4.44029e+17
4.42452e+17
4.40571e+17
4.38668e+17
4.36461e+17
4.34158e+17
4.31541e+17
4.28789e+17
4.25869e+17
4.22654e+17
4.19248e+17
4.15537e+17
4.11594e+17
4.07332e+17
4.02875e+17
3.98223e+17
3.93144e+17
3.87871e+17
3.82249e+17
3.7637e+17
3.69921e+17
3.63036e+17
3.5567e+17
3.47403e+17
3.38332e+17
3.28145e+17
3.16492e+17
3.03103e+17
2.878e+17
2.70306e+17
2.50466e+17
2.28066e+17
2.03438e+17
1.77048e+17
1.49778e+17
1.23049e+17
9.82438e+16
7.68088e+16
5.88986e+16
4.35078e+16
2.83324e+16
1.08254e+16
2.73185e+16
7.80197e+16
1.2677e+17
1.73442e+17
2.17279e+17
2.57317e+17
2.92791e+17
3.23057e+17
3.48349e+17
3.69031e+17
3.85708e+17
3.99423e+17
4.10494e+17
4.19513e+17
4.27047e+17
4.33139e+17
4.38388e+17
4.42742e+17
4.46283e+17
4.49026e+17
4.51198e+17
4.52689e+17
4.53925e+17
4.54778e+17
4.55204e+17
4.55644e+17
4.55811e+17
4.55744e+17
4.55531e+17
4.55281e+17
4.54946e+17
4.54422e+17
4.53714e+17
4.52918e+17
4.52121e+17
4.511e+17
4.49933e+17
4.48748e+17
4.47389e+17
4.45962e+17
4.44264e+17
4.42416e+17
4.40335e+17
4.38149e+17
4.35652e+17
4.33041e+17
4.30169e+17
4.27106e+17
4.23735e+17
4.20098e+17
4.1627e+17
4.12137e+17
4.07634e+17
4.02965e+17
3.97974e+17
3.92687e+17
3.87083e+17
3.81185e+17
3.74955e+17
3.68181e+17
3.60965e+17
3.53084e+17
3.44297e+17
3.34549e+17
3.2344e+17
3.10596e+17
2.95795e+17
2.78705e+17
2.59181e+17
2.36927e+17
2.12127e+17
1.85126e+17
1.56776e+17
1.28534e+17
1.02004e+17
7.89496e+16
5.97441e+16
4.36061e+16
2.81628e+16
1.07227e+16
2.75713e+16
7.90298e+16
1.28645e+17
1.76165e+17
2.20764e+17
2.61131e+17
2.96675e+17
3.2695e+17
3.51975e+17
3.7231e+17
3.88714e+17
4.02106e+17
4.13023e+17
4.21837e+17
4.29096e+17
4.35254e+17
4.40357e+17
4.44639e+17
4.47911e+17
4.50561e+17
4.52614e+17
4.54162e+17
4.55377e+17
4.56185e+17
4.56793e+17
4.57204e+17
4.57401e+17
4.5744e+17
4.57477e+17
4.5734e+17
4.57037e+17
4.5645e+17
4.56017e+17
4.55532e+17
4.54734e+17
4.53967e+17
4.53033e+17
4.52046e+17
4.50737e+17
4.4947e+17
4.47914e+17
4.46239e+17
4.44316e+17
4.42293e+17
4.39869e+17
4.37359e+17
4.34497e+17
4.31514e+17
4.28236e+17
4.2474e+17
4.20918e+17
4.16906e+17
4.12454e+17
4.07779e+17
4.0284e+17
3.97518e+17
3.91932e+17
3.86016e+17
3.79864e+17
3.73239e+17
3.66257e+17
3.58508e+17
3.49977e+17
3.40593e+17
3.29977e+17
3.17695e+17
3.03508e+17
2.87017e+17
2.67824e+17
2.45799e+17
2.20899e+17
1.935e+17
1.6422e+17
1.34553e+17
1.06253e+17
8.14172e+16
6.0821e+16
4.39143e+16
2.80845e+16
1.06082e+16
2.78746e+16
7.99482e+16
1.30163e+17
1.78442e+17
2.23504e+17
2.64333e+17
3.00098e+17
3.30284e+17
3.55152e+17
3.75269e+17
3.91438e+17
4.04587e+17
4.15284e+17
4.23891e+17
4.3111e+17
4.37004e+17
4.42036e+17
4.46216e+17
4.49418e+17
4.51964e+17
4.53954e+17
4.55429e+17
4.56624e+17
4.57559e+17
4.58165e+17
4.58638e+17
4.58948e+17
4.5921e+17
4.59248e+17
4.59205e+17
4.58971e+17
4.58748e+17
4.58683e+17
4.58032e+17
4.57556e+17
4.56873e+17
4.56111e+17
4.55183e+17
4.54178e+17
4.52991e+17
4.51606e+17
4.50112e+17
4.48298e+17
4.4636e+17
4.44115e+17
4.41553e+17
4.39031e+17
4.35985e+17
4.32805e+17
4.29327e+17
4.25552e+17
4.21567e+17
4.17314e+17
4.1263e+17
4.07757e+17
4.02519e+17
3.9688e+17
3.90999e+17
3.84784e+17
3.78202e+17
3.71316e+17
3.63915e+17
3.55646e+17
3.4653e+17
3.36367e+17
3.24625e+17
3.10975e+17
2.95044e+17
2.76469e+17
2.54781e+17
2.29962e+17
2.02229e+17
1.72151e+17
1.41136e+17
1.11013e+17
8.42824e+16
6.21213e+16
4.42863e+16
2.79868e+16
1.04707e+16
2.81951e+16
8.10559e+16
1.32267e+17
1.81456e+17
2.27238e+17
2.68364e+17
3.04135e+17
3.34152e+17
3.58663e+17
3.78416e+17
3.94201e+17
4.07057e+17
4.1747e+17
4.25862e+17
4.32892e+17
4.38816e+17
4.43733e+17
4.47697e+17
4.50698e+17
4.53142e+17
4.55027e+17
4.56565e+17
4.57834e+17
4.58703e+17
4.59403e+17
4.60042e+17
4.60497e+17
4.60692e+17
4.60902e+17
4.61054e+17
4.6107e+17
4.61146e+17
4.60876e+17
4.60456e+17
4.60261e+17
4.59674e+17
4.59201e+17
4.58452e+17
4.57599e+17
4.56554e+17
4.55225e+17
4.53813e+17
4.52175e+17
4.50366e+17
4.48365e+17
4.46005e+17
4.43429e+17
4.40652e+17
4.37463e+17
4.34087e+17
4.30319e+17
4.2632e+17
4.22042e+17
4.17449e+17
4.12527e+17
4.07398e+17
4.01882e+17
3.95977e+17
3.89738e+17
3.83165e+17
3.76215e+17
3.68888e+17
3.60971e+17
3.52171e+17
3.42342e+17
3.31189e+17
3.1815e+17
3.02867e+17
2.84838e+17
2.63629e+17
2.39056e+17
2.1118e+17
1.80442e+17
1.48189e+17
1.16304e+17
8.75925e+16
6.36842e+16
4.47681e+16
2.79466e+16
1.03856e+16
2.84891e+16
8.18953e+16
1.33672e+17
1.83409e+17
2.2974e+17
2.71286e+17
3.07275e+17
3.37247e+17
3.61518e+17
3.80985e+17
3.96554e+17
4.0915e+17
4.19325e+17
4.27597e+17
4.34533e+17
4.4032e+17
4.45023e+17
4.48878e+17
4.5176e+17
4.54093e+17
4.55966e+17
4.57521e+17
4.58727e+17
4.59696e+17
4.60561e+17
4.61302e+17
4.6171e+17
4.62135e+17
4.62645e+17
4.62897e+17
4.63151e+17
4.63189e+17
4.63093e+17
4.63047e+17
4.63008e+17
4.62554e+17
4.62252e+17
4.61526e+17
4.60869e+17
4.59816e+17
4.58823e+17
4.57541e+17
4.56011e+17
4.54445e+17
4.52458e+17
4.503e+17
4.47806e+17
4.45012e+17
4.41993e+17
4.38599e+17
4.349e+17
4.31022e+17
4.26812e+17
4.22181e+17
4.17344e+17
4.12123e+17
4.06661e+17
4.00878e+17
3.94699e+17
3.88198e+17
3.81302e+17
3.74044e+17
3.66213e+17
3.57706e+17
3.48215e+17
3.37493e+17
3.25053e+17
3.10387e+17
2.93072e+17
2.72451e+17
2.48217e+17
2.20377e+17
1.89107e+17
1.55743e+17
1.22089e+17
9.13168e+16
6.55309e+16
4.54803e+16
2.80189e+16
1.02967e+16
2.88794e+16
8.3295e+16
1.36279e+17
1.87108e+17
2.34023e+17
2.75798e+17
3.11603e+17
3.41175e+17
3.64994e+17
3.84039e+17
3.99201e+17
4.11395e+17
4.21275e+17
4.29314e+17
4.36057e+17
4.4168e+17
4.46249e+17
4.49922e+17
4.52656e+17
4.54957e+17
4.56822e+17
4.58356e+17
4.59661e+17
4.60693e+17
4.61597e+17
4.62379e+17
4.62929e+17
4.63674e+17
4.64161e+17
4.64576e+17
4.64869e+17
4.65021e+17
4.6529e+17
4.655e+17
4.65375e+17
4.65195e+17
4.64936e+17
4.6449e+17
4.63982e+17
4.63143e+17
4.62348e+17
4.61135e+17
4.59839e+17
4.58284e+17
4.56424e+17
4.544e+17
4.51927e+17
4.49294e+17
4.46329e+17
4.43115e+17
4.39491e+17
4.35618e+17
4.31421e+17
4.26931e+17
4.22096e+17
4.16943e+17
4.11389e+17
4.05604e+17
3.99483e+17
3.93014e+17
3.86086e+17
3.78886e+17
3.71259e+17
3.62922e+17
3.53788e+17
3.4349e+17
3.31657e+17
3.17684e+17
3.01007e+17
2.81062e+17
2.57332e+17
2.29659e+17
1.98103e+17
1.6375e+17
1.28427e+17
9.55627e+16
6.76836e+16
4.63801e+16
2.82123e+16
1.02579e+16
2.9174e+16
8.40206e+16
1.37303e+17
1.88617e+17
2.36214e+17
2.78553e+17
3.14507e+17
3.43988e+17
3.67599e+17
3.86296e+17
4.01173e+17
4.13126e+17
4.22799e+17
4.3072e+17
4.37365e+17
4.42737e+17
4.47154e+17
4.5065e+17
4.53356e+17
4.55576e+17
4.57447e+17
4.59047e+17
4.60319e+17
4.61427e+17
4.62512e+17
4.63399e+17
4.64075e+17
4.64904e+17
4.65536e+17
4.66137e+17
4.66576e+17
4.67031e+17
4.67412e+17
4.67531e+17
4.67666e+17
4.67672e+17
4.67454e+17
4.67321e+17
4.66853e+17
4.66183e+17
4.6552e+17
4.6443e+17
4.63218e+17
4.61787e+17
4.60175e+17
4.58065e+17
4.55869e+17
4.53339e+17
4.50426e+17
4.47265e+17
4.4384e+17
4.39943e+17
4.35836e+17
4.31336e+17
4.26604e+17
4.21531e+17
4.16077e+17
4.10297e+17
4.0423e+17
3.97852e+17
3.9105e+17
3.8375e+17
3.76184e+17
3.68091e+17
3.59164e+17
3.49243e+17
3.37915e+17
3.24606e+17
3.08648e+17
2.89491e+17
2.66306e+17
2.39013e+17
2.07289e+17
1.72208e+17
1.35265e+17
1.00254e+17
7.01482e+16
4.73715e+16
2.83893e+16
1.02043e+16
2.96903e+16
8.59387e+16
1.41043e+17
1.93518e+17
2.4149e+17
2.83677e+17
3.19235e+17
3.48145e+17
3.71146e+17
3.89292e+17
4.03691e+17
4.15237e+17
4.24551e+17
4.32235e+17
4.38547e+17
4.4377e+17
4.48053e+17
4.51359e+17
4.53936e+17
4.56116e+17
4.58036e+17
4.59524e+17
4.60877e+17
4.62134e+17
4.63262e+17
4.64161e+17
4.6506e+17
4.66057e+17
4.66768e+17
4.67427e+17
4.68014e+17
4.68601e+17
4.68886e+17
4.69341e+17
4.69654e+17
4.69667e+17
4.69703e+17
4.69751e+17
4.69403e+17
4.68999e+17
4.6832e+17
4.67428e+17
4.66228e+17
4.64945e+17
4.63336e+17
4.61534e+17
4.59353e+17
4.56916e+17
4.54195e+17
4.51106e+17
4.47806e+17
4.44101e+17
4.40123e+17
4.35711e+17
4.30917e+17
4.25923e+17
4.20534e+17
4.14787e+17
4.08731e+17
4.02364e+17
3.95671e+17
3.88457e+17
3.8089e+17
3.72931e+17
3.64301e+17
3.54723e+17
3.43873e+17
3.31202e+17
3.16004e+17
2.97609e+17
2.75163e+17
2.48329e+17
2.16699e+17
1.80985e+17
1.42613e+17
1.05486e+17
7.2996e+16
4.86478e+16
2.87219e+16
1.02326e+16
2.99223e+16
8.62941e+16
1.41184e+17
1.94286e+17
2.43285e+17
2.86176e+17
3.21905e+17
3.50692e+17
3.73426e+17
3.91204e+17
4.05291e+17
4.16534e+17
4.25685e+17
4.33201e+17
4.39336e+17
4.44418e+17
4.48474e+17
4.51663e+17
4.54235e+17
4.56408e+17
4.58196e+17
4.59748e+17
4.61239e+17
4.62534e+17
4.6371e+17
4.64748e+17
4.65786e+17
4.66883e+17
4.6771e+17
4.6853e+17
4.69254e+17
4.69741e+17
4.70502e+17
4.71036e+17
4.71274e+17
4.71625e+17
4.71904e+17
4.71889e+17
4.7156e+17
4.71178e+17
4.70553e+17
4.69735e+17
4.68638e+17
4.67447e+17
4.65865e+17
4.64264e+17
4.62298e+17
4.59877e+17
4.57317e+17
4.54492e+17
4.5124e+17
4.47685e+17
4.43817e+17
4.39578e+17
4.3495e+17
4.2993e+17
4.247e+17
4.1907e+17
4.13069e+17
4.06846e+17
4.00169e+17
3.93055e+17
3.85524e+17
3.77658e+17
3.69166e+17
3.59942e+17
3.49485e+17
3.37408e+17
3.22981e+17
3.05451e+17
2.83794e+17
2.57641e+17
2.26189e+17
1.90173e+17
1.50442e+17
1.11257e+17
7.62223e+16
5.00943e+16
2.90552e+16
1.0227e+16
3.08173e+16
8.9546e+16
1.47107e+17
2.01188e+17
2.50014e+17
2.92278e+17
3.27323e+17
3.55269e+17
3.77143e+17
3.9427e+17
4.07795e+17
4.18558e+17
4.27313e+17
4.34421e+17
4.40303e+17
4.45126e+17
4.48949e+17
4.51936e+17
4.54392e+17
4.56509e+17
4.58351e+17
4.59922e+17
4.6151e+17
4.62778e+17
4.64039e+17
4.65172e+17
4.66346e+17
4.67424e+17
4.68345e+17
4.69167e+17
4.70037e+17
4.70739e+17
4.71563e+17
4.72033e+17
4.7246e+17
4.72962e+17
4.73202e+17
4.73262e+17
4.73165e+17
4.72819e+17
4.72142e+17
4.71434e+17
4.70426e+17
4.69282e+17
4.67836e+17
4.66369e+17
4.64398e+17
4.6241e+17
4.59922e+17
4.57304e+17
4.54219e+17
4.50704e+17
4.47006e+17
4.42885e+17
4.38459e+17
4.33556e+17
4.28373e+17
4.22843e+17
4.17003e+17
4.10765e+17
4.04326e+17
3.97356e+17
3.8992e+17
3.82138e+17
3.73864e+17
3.6484e+17
3.5479e+17
3.43295e+17
3.29558e+17
3.12898e+17
2.92104e+17
2.6674e+17
2.35761e+17
1.99588e+17
1.58773e+17
1.1754e+17
7.98527e+16
5.17895e+16
2.9542e+16
1.02319e+16
3.08322e+16
8.852e+16
1.45222e+17
2.00679e+17
2.51168e+17
2.94399e+17
3.29644e+17
3.57445e+17
3.79058e+17
3.95758e+17
4.08869e+17
4.19378e+17
4.27897e+17
4.3483e+17
4.40539e+17
4.45128e+17
4.48769e+17
4.51707e+17
4.54138e+17
4.56222e+17
4.58054e+17
4.59681e+17
4.61284e+17
4.62582e+17
4.63982e+17
4.65195e+17
4.66418e+17
4.67553e+17
4.68564e+17
4.69499e+17
4.70418e+17
4.7123e+17
4.72041e+17
4.72599e+17
4.73187e+17
4.73628e+17
4.73945e+17
4.74101e+17
4.74118e+17
4.73837e+17
4.73227e+17
4.7239e+17
4.71477e+17
4.70307e+17
4.69012e+17
4.67486e+17
4.65738e+17
4.63796e+17
4.61588e+17
4.59056e+17
4.56335e+17
4.53242e+17
4.49642e+17
4.45613e+17
4.41332e+17
4.36644e+17
4.31678e+17
4.26226e+17
4.20548e+17
4.14461e+17
4.08149e+17
4.01339e+17
3.94028e+17
3.8638e+17
3.78251e+17
3.69547e+17
3.59787e+17
3.48807e+17
3.35743e+17
3.20002e+17
3.00134e+17
2.75659e+17
2.45285e+17
2.09266e+17
1.6754e+17
1.24457e+17
8.39519e+16
5.37522e+16
3.0108e+16
1.03212e+16
3.2509e+16
9.49376e+16
1.5527e+17
2.1063e+17
2.60011e+17
3.01975e+17
3.36041e+17
3.62631e+17
3.83107e+17
3.98912e+17
4.11382e+17
4.21289e+17
4.29314e+17
4.35824e+17
4.41137e+17
4.45423e+17
4.48835e+17
4.51597e+17
4.5385e+17
4.5593e+17
4.57772e+17
4.59455e+17
4.60946e+17
4.62302e+17
4.63766e+17
4.64987e+17
4.66223e+17
4.67369e+17
4.68369e+17
4.69425e+17
4.70291e+17
4.71206e+17
4.71911e+17
4.72511e+17
4.73133e+17
4.73647e+17
4.73961e+17
4.74126e+17
4.74144e+17
4.73789e+17
4.73407e+17
4.72859e+17
4.72037e+17
4.70934e+17
4.69763e+17
4.68204e+17
4.66607e+17
4.64671e+17
4.6258e+17
4.60008e+17
4.57568e+17
4.54632e+17
4.51255e+17
4.47502e+17
4.43434e+17
4.38876e+17
4.3412e+17
4.29014e+17
4.23415e+17
4.17558e+17
4.11428e+17
4.04814e+17
3.97751e+17
3.90254e+17
3.82296e+17
3.73804e+17
3.64429e+17
3.53902e+17
3.41521e+17
3.26599e+17
3.07725e+17
2.84267e+17
2.54702e+17
2.19082e+17
1.76748e+17
1.31925e+17
8.85231e+16
5.5986e+16
3.08037e+16
1.04362e+16
3.17507e+16
9.0273e+16
1.49641e+17
2.08305e+17
2.60258e+17
3.03533e+17
3.37859e+17
3.64256e+17
3.84423e+17
3.99826e+17
4.11856e+17
4.21495e+17
4.29232e+17
4.35498e+17
4.40652e+17
4.44712e+17
4.47972e+17
4.50655e+17
4.52922e+17
4.54949e+17
4.56796e+17
4.58448e+17
4.59948e+17
4.61396e+17
4.62841e+17
4.64103e+17
4.65295e+17
4.66435e+17
4.675e+17
4.68555e+17
4.69464e+17
4.70374e+17
4.71157e+17
4.71637e+17
4.72319e+17
4.72915e+17
4.73277e+17
4.73348e+17
4.73306e+17
4.72985e+17
4.7264e+17
4.72149e+17
4.71399e+17
4.70523e+17
4.69435e+17
4.68083e+17
4.66534e+17
4.64717e+17
4.62677e+17
4.60409e+17
4.57922e+17
4.5518e+17
4.51989e+17
4.48389e+17
4.44501e+17
4.40239e+17
4.35787e+17
4.30941e+17
4.25639e+17
4.2001e+17
4.14072e+17
4.07756e+17
4.00876e+17
3.93681e+17
3.85923e+17
3.7775e+17
3.6865e+17
3.58638e+17
3.46818e+17
3.32787e+17
3.14896e+17
2.92584e+17
2.63933e+17
2.28964e+17
1.86312e+17
1.40049e+17
9.3674e+16
5.85987e+16
3.15984e+16
1.06652e+16
3.54466e+16
1.03956e+17
1.66556e+17
2.22589e+17
2.72068e+17
3.13142e+17
3.4561e+17
3.70275e+17
3.88904e+17
4.0313e+17
4.14365e+17
4.23259e+17
4.30388e+17
4.36184e+17
4.40845e+17
4.44518e+17
4.47532e+17
4.49997e+17
4.52131e+17
4.54077e+17
4.55803e+17
4.57361e+17
4.58901e+17
4.60254e+17
4.61696e+17
4.62851e+17
4.6396e+17
4.65083e+17
4.66031e+17
4.67045e+17
4.67933e+17
4.68765e+17
4.69538e+17
4.69967e+17
4.70538e+17
4.70984e+17
4.71346e+17
4.71556e+17
4.71468e+17
4.71319e+17
4.70987e+17
4.70488e+17
4.69828e+17
4.68879e+17
4.67821e+17
4.66622e+17
4.65135e+17
4.63582e+17
4.61615e+17
4.5956e+17
4.57201e+17
4.54612e+17
4.51544e+17
4.48308e+17
4.44696e+17
4.40667e+17
4.36412e+17
4.31864e+17
4.26898e+17
4.21599e+17
4.15944e+17
4.09898e+17
4.03367e+17
3.96487e+17
3.89027e+17
3.81146e+17
3.72422e+17
3.62817e+17
3.5165e+17
3.38422e+17
3.21534e+17
3.00414e+17
2.72856e+17
2.38835e+17
1.96168e+17
1.4874e+17
9.94156e+16
6.15361e+16
3.25597e+16
1.11953e+16
3.23689e+16
9.02676e+16
1.55028e+17
2.17954e+17
2.7116e+17
3.1388e+17
3.46579e+17
3.70968e+17
3.89278e+17
4.0316e+17
4.13934e+17
4.22454e+17
4.29331e+17
4.34902e+17
4.39295e+17
4.42788e+17
4.45637e+17
4.48059e+17
4.50144e+17
4.51997e+17
4.53718e+17
4.55202e+17
4.56693e+17
4.58079e+17
4.59458e+17
4.60501e+17
4.61598e+17
4.62649e+17
4.63541e+17
4.64506e+17
4.65224e+17
4.6591e+17
4.66669e+17
4.67206e+17
4.67595e+17
4.67919e+17
4.68133e+17
4.68368e+17
4.68334e+17
4.6817e+17
4.67848e+17
4.67442e+17
4.66819e+17
4.66015e+17
4.65008e+17
4.639e+17
4.62596e+17
4.60979e+17
4.59293e+17
4.5727e+17
4.55081e+17
4.52571e+17
4.49822e+17
4.46766e+17
4.43302e+17
4.39665e+17
4.35815e+17
4.31671e+17
4.27103e+17
4.22131e+17
4.16802e+17
4.11182e+17
4.04967e+17
3.98612e+17
3.91461e+17
3.83964e+17
3.7558e+17
3.66516e+17
3.55834e+17
3.43489e+17
3.27578e+17
3.07747e+17
2.81436e+17
2.48594e+17
2.0628e+17
1.5808e+17
1.05843e+17
6.49705e+16
3.36638e+16
1.20673e+16
4.0926e+16
1.19585e+17
1.81717e+17
2.37876e+17
2.86856e+17
3.26068e+17
3.55957e+17
3.77999e+17
3.94356e+17
4.06656e+17
4.16398e+17
4.24063e+17
4.30154e+17
4.35014e+17
4.38872e+17
4.41948e+17
4.44508e+17
4.46641e+17
4.48471e+17
4.50192e+17
4.51723e+17
4.53045e+17
4.54324e+17
4.55597e+17
4.56741e+17
4.57778e+17
4.586e+17
4.59477e+17
4.60248e+17
4.60964e+17
4.61659e+17
4.62164e+17
4.62697e+17
4.63132e+17
4.63497e+17
4.63722e+17
4.63882e+17
4.63911e+17
4.63833e+17
4.63629e+17
4.63289e+17
4.62896e+17
4.62275e+17
4.61557e+17
4.60589e+17
4.59521e+17
4.58215e+17
4.56797e+17
4.55178e+17
4.53321e+17
4.51248e+17
4.49007e+17
4.46469e+17
4.43698e+17
4.40679e+17
4.37449e+17
4.33922e+17
4.30129e+17
4.259e+17
4.21359e+17
4.16576e+17
4.1134e+17
4.05582e+17
3.99577e+17
3.92958e+17
3.8597e+17
3.78002e+17
3.69466e+17
3.59376e+17
3.47845e+17
3.32956e+17
3.14426e+17
2.8943e+17
2.581e+17
2.16491e+17
1.67982e+17
1.13006e+17
6.894e+16
3.4941e+16
1.35746e+16
3.17777e+16
8.69748e+16
1.62899e+17
2.30411e+17
2.84162e+17
3.25325e+17
3.55363e+17
3.7705e+17
3.93027e+17
4.05072e+17
4.14404e+17
4.21635e+17
4.27426e+17
4.32067e+17
4.35716e+17
4.38601e+17
4.40991e+17
4.43009e+17
4.44816e+17
4.4632e+17
4.47816e+17
4.49071e+17
4.50132e+17
4.51257e+17
4.52276e+17
4.53175e+17
4.5404e+17
4.54692e+17
4.55341e+17
4.55889e+17
4.56407e+17
4.5685e+17
4.57161e+17
4.57524e+17
4.57703e+17
4.5785e+17
4.57892e+17
4.57896e+17
4.57742e+17
4.57544e+17
4.57135e+17
4.56666e+17
4.56063e+17
4.55331e+17
4.54436e+17
4.53474e+17
4.52251e+17
4.50973e+17
4.49441e+17
4.4781e+17
4.45929e+17
4.43944e+17
4.4168e+17
4.39248e+17
4.36561e+17
4.33676e+17
4.30471e+17
4.27053e+17
4.23266e+17
4.19294e+17
4.14861e+17
4.10144e+17
4.0489e+17
3.99574e+17
3.9339e+17
3.869e+17
3.79446e+17
3.71609e+17
3.62054e+17
3.51396e+17
3.37418e+17
3.20311e+17
2.96751e+17
2.67166e+17
2.26713e+17
1.78481e+17
1.20993e+17
7.35801e+16
3.63903e+16
1.61501e+16
5.20793e+16
1.45066e+17
2.015e+17
2.57619e+17
3.04838e+17
3.406e+17
3.66585e+17
3.85155e+17
3.9867e+17
4.08729e+17
4.16611e+17
4.22779e+17
4.27623e+17
4.31361e+17
4.34375e+17
4.36783e+17
4.38775e+17
4.40379e+17
4.41791e+17
4.43048e+17
4.44184e+17
4.45214e+17
4.46035e+17
4.46773e+17
4.47533e+17
4.48113e+17
4.48711e+17
4.49258e+17
4.4964e+17
4.50043e+17
4.503e+17
4.50542e+17
4.50671e+17
4.50791e+17
4.50816e+17
4.50784e+17
4.5069e+17
4.50556e+17
4.50256e+17
4.49908e+17
4.49459e+17
4.4894e+17
4.48286e+17
4.47587e+17
4.46689e+17
4.45763e+17
4.44633e+17
4.43461e+17
4.42056e+17
4.40606e+17
4.38906e+17
4.37144e+17
4.35082e+17
4.32977e+17
4.30558e+17
4.28052e+17
4.25198e+17
4.2223e+17
4.18909e+17
4.15426e+17
4.11466e+17
4.07391e+17
4.0277e+17
3.97974e+17
3.92295e+17
3.86586e+17
3.79734e+17
3.72538e+17
3.63619e+17
3.53895e+17
3.40826e+17
3.25134e+17
3.03067e+17
2.75564e+17
2.36637e+17
1.89404e+17
1.29851e+17
7.90188e+16
3.79573e+16
2.02329e+16
2.6937e+16
8.12601e+16
1.74956e+17
2.4627e+17
2.98912e+17
3.36647e+17
3.62746e+17
3.80911e+17
3.94086e+17
4.03973e+17
4.11582e+17
4.17269e+17
4.21869e+17
4.25496e+17
4.283e+17
4.3059e+17
4.3241e+17
4.33875e+17
4.35147e+17
4.36178e+17
4.37143e+17
4.37955e+17
4.38721e+17
4.39314e+17
4.39876e+17
4.40296e+17
4.40687e+17
4.41005e+17
4.41282e+17
4.41448e+17
4.4161e+17
4.41654e+17
4.41705e+17
4.41651e+17
4.4155e+17
4.41392e+17
4.41171e+17
4.40888e+17
4.40554e+17
4.40142e+17
4.39647e+17
4.39095e+17
4.38439e+17
4.37731e+17
4.36908e+17
4.36026e+17
4.34994e+17
4.33931e+17
4.32657e+17
4.31403e+17
4.29874e+17
4.28373e+17
4.26548e+17
4.24786e+17
4.22616e+17
4.20555e+17
4.18034e+17
4.15629e+17
4.12665e+17
4.09808e+17
4.06298e+17
4.02924e+17
3.98748e+17
3.94614e+17
3.8956e+17
3.8457e+17
3.78236e+17
3.71928e+17
3.63662e+17
3.54855e+17
3.42697e+17
3.28535e+17
3.07981e+17
2.82854e+17
2.45931e+17
2.00625e+17
1.39611e+17
8.54461e+16
3.96673e+16
2.63129e+16
7.60713e+16
1.80254e+17
2.27688e+17
2.82732e+17
3.25597e+17
3.55418e+17
3.75828e+17
3.89978e+17
4.001e+17
4.07429e+17
4.13135e+17
4.17485e+17
4.20836e+17
4.23433e+17
4.2547e+17
4.27026e+17
4.2832e+17
4.29303e+17
4.30091e+17
4.3065e+17
4.31157e+17
4.31554e+17
4.31876e+17
4.3214e+17
4.32299e+17
4.32429e+17
4.32488e+17
4.32519e+17
4.3247e+17
4.32423e+17
4.32263e+17
4.32131e+17
4.31871e+17
4.31689e+17
4.31326e+17
4.3106e+17
4.30621e+17
4.30242e+17
4.29723e+17
4.29268e+17
4.28641e+17
4.28107e+17
4.27336e+17
4.26673e+17
4.25776e+17
4.24981e+17
4.23966e+17
4.22994e+17
4.21804e+17
4.20684e+17
4.19294e+17
4.17983e+17
4.16353e+17
4.14848e+17
4.12948e+17
4.11226e+17
4.08985e+17
4.06997e+17
4.04376e+17
4.02039e+17
3.98922e+17
3.96159e+17
3.9242e+17
3.89049e+17
3.84516e+17
3.80296e+17
3.74601e+17
3.69176e+17
3.61476e+17
3.53762e+17
3.424e+17
3.29825e+17
3.10826e+17
2.88373e+17
2.53877e+17
2.11556e+17
1.50119e+17
9.30614e+16
4.14726e+16
3.46515e+16
1.28704e+16
8.0058e+16
1.91256e+17
2.64382e+17
3.12242e+17
3.43766e+17
3.64502e+17
3.78398e+17
3.88423e+17
3.95774e+17
4.01286e+17
4.05529e+17
4.0879e+17
4.11312e+17
4.133e+17
4.14815e+17
4.16009e+17
4.16948e+17
4.17693e+17
4.18265e+17
4.18671e+17
4.18989e+17
4.19186e+17
4.19334e+17
4.19376e+17
4.19412e+17
4.19323e+17
4.1926e+17
4.19093e+17
4.18942e+17
4.18688e+17
4.18455e+17
4.18117e+17
4.17824e+17
4.17404e+17
4.17051e+17
4.1655e+17
4.1614e+17
4.15544e+17
4.15102e+17
4.14407e+17
4.13886e+17
4.13105e+17
4.12495e+17
4.116e+17
4.10916e+17
4.09905e+17
4.09117e+17
4.07962e+17
4.07064e+17
4.05739e+17
4.04722e+17
4.03184e+17
4.02036e+17
4.00273e+17
3.98955e+17
3.96911e+17
3.954e+17
3.93014e+17
3.91235e+17
3.88417e+17
3.86289e+17
3.82917e+17
3.80304e+17
3.76144e+17
3.72804e+17
3.67509e+17
3.63026e+17
3.55795e+17
3.49223e+17
3.38507e+17
3.27794e+17
3.10211e+17
2.90962e+17
2.59279e+17
2.2139e+17
1.60839e+17
1.02024e+17
4.33676e+16
4.5185e+16
1.16531e+17
2.20668e+17
2.63902e+17
3.12661e+17
3.45802e+17
3.66244e+17
3.79399e+17
3.88112e+17
3.94028e+17
3.98256e+17
4.01319e+17
4.0356e+17
4.05214e+17
4.06416e+17
4.07311e+17
4.07923e+17
4.08307e+17
4.08555e+17
4.08646e+17
4.08681e+17
4.08558e+17
4.08462e+17
4.08191e+17
4.07975e+17
4.07619e+17
4.07338e+17
4.06908e+17
4.06567e+17
4.06061e+17
4.05676e+17
4.05105e+17
4.04683e+17
4.04051e+17
4.03606e+17
4.02917e+17
4.02452e+17
4.01687e+17
4.01215e+17
4.00366e+17
3.99873e+17
3.98945e+17
3.98424e+17
3.97402e+17
3.96839e+17
3.95734e+17
3.95132e+17
3.93906e+17
3.93259e+17
3.91886e+17
3.9119e+17
3.8968e+17
3.88894e+17
3.87206e+17
3.8634e+17
3.84436e+17
3.83471e+17
3.8131e+17
3.80214e+17
3.77725e+17
3.76457e+17
3.73562e+17
3.72036e+17
3.68591e+17
3.6668e+17
3.62467e+17
3.59972e+17
3.54631e+17
3.51163e+17
3.44021e+17
3.3882e+17
3.28551e+17
3.1998e+17
3.0379e+17
2.88287e+17
2.59663e+17
2.28058e+17
1.70325e+17
1.12e+17
4.50977e+16
5.65895e+16
-6.58098e+15
8.67682e+16
2.03774e+17
2.73408e+17
3.10162e+17
3.32179e+17
3.46404e+17
3.56063e+17
3.62863e+17
3.6777e+17
3.71392e+17
3.74118e+17
3.76131e+17
3.77711e+17
3.7882e+17
3.79731e+17
3.80293e+17
3.80794e+17
3.80993e+17
3.81228e+17
3.81171e+17
3.8123e+17
3.80986e+17
3.80915e+17
3.8053e+17
3.80386e+17
3.79881e+17
3.79669e+17
3.79051e+17
3.78801e+17
3.78084e+17
3.77792e+17
3.7699e+17
3.76678e+17
3.75781e+17
3.75456e+17
3.74469e+17
3.74134e+17
3.73051e+17
3.72705e+17
3.7152e+17
3.71158e+17
3.69856e+17
3.69496e+17
3.68061e+17
3.67704e+17
3.66128e+17
3.65759e+17
3.64029e+17
3.63648e+17
3.61731e+17
3.61355e+17
3.59229e+17
3.58823e+17
3.56457e+17
3.5602e+17
3.53359e+17
3.5289e+17
3.49887e+17
3.49345e+17
3.45906e+17
3.45239e+17
3.41226e+17
3.40368e+17
3.35589e+17
3.34383e+17
3.28529e+17
3.26704e+17
3.19196e+17
3.16231e+17
3.05987e+17
3.00728e+17
2.85508e+17
2.75224e+17
2.4953e+17
2.2657e+17
1.74049e+17
1.2115e+17
4.56324e+16
6.49441e+16
1.51403e+17
2.66204e+17
3.0313e+17
3.25307e+17
3.38759e+17
3.47198e+17
3.51916e+17
3.54679e+17
3.55882e+17
3.5653e+17
3.56351e+17
3.56131e+17
3.55308e+17
3.54681e+17
3.53526e+17
3.52711e+17
3.51364e+17
3.50455e+17
3.48978e+17
3.48034e+17
3.46475e+17
3.45522e+17
3.43896e+17
3.42952e+17
3.41265e+17
3.40349e+17
3.3861e+17
3.37734e+17
3.3593e+17
3.3511e+17
3.33229e+17
3.32468e+17
3.30516e+17
3.29811e+17
3.27777e+17
3.27152e+17
3.25021e+17
3.24484e+17
3.22246e+17
3.21798e+17
3.19435e+17
3.19084e+17
3.16582e+17
3.1633e+17
3.13677e+17
3.1353e+17
3.10695e+17
3.10675e+17
3.07638e+17
3.07749e+17
3.04478e+17
3.04732e+17
3.01192e+17
3.01597e+17
2.97738e+17
2.98322e+17
2.94087e+17
2.9486e+17
2.90187e+17
2.91152e+17
2.85956e+17
2.87109e+17
2.81263e+17
2.82595e+17
2.75933e+17
2.77391e+17
2.69639e+17
2.71108e+17
2.61826e+17
2.63039e+17
2.51371e+17
2.51666e+17
2.35838e+17
2.33488e+17
2.09129e+17
1.99018e+17
1.54695e+17
1.22163e+17
4.3358e+16
7.35649e+16
4.71328e+15
9.69928e+16
1.32987e+17
1.49149e+17
1.59319e+17
1.66618e+17
1.71111e+17
1.74275e+17
1.75904e+17
1.77155e+17
1.77418e+17
1.77743e+17
1.77287e+17
1.77139e+17
1.76272e+17
1.75879e+17
1.74766e+17
1.74254e+17
1.72966e+17
1.72413e+17
1.70996e+17
1.70446e+17
1.68916e+17
1.68403e+17
1.66777e+17
1.66322e+17
1.64604e+17
1.6423e+17
1.62411e+17
1.6214e+17
1.60211e+17
1.60063e+17
1.58011e+17
1.57998e+17
1.55811e+17
1.55961e+17
1.53615e+17
1.53947e+17
1.51423e+17
1.51957e+17
1.49227e+17
1.49996e+17
1.47022e+17
1.48055e+17
1.44801e+17
1.46142e+17
1.4256e+17
1.44251e+17
1.4029e+17
1.42386e+17
1.37977e+17
1.40539e+17
1.35608e+17
1.38709e+17
1.33169e+17
1.36884e+17
1.30632e+17
1.3506e+17
1.27976e+17
1.33226e+17
1.25154e+17
1.31361e+17
1.22108e+17
1.29427e+17
1.18747e+17
1.27364e+17
1.14937e+17
1.2507e+17
1.10433e+17
1.22353e+17
1.04785e+17
1.18825e+17
9.70927e+16
1.13782e+17
8.54156e+16
1.06254e+17
6.61946e+16
1.00406e+17
3.16186e+16
1.33316e+17
)
;

boundaryField
{
    movingWall
    {
        type            fixedValue;
        value           uniform 0;
    }
    fixedWalls
    {
        type            fixedValue;
        value           uniform 0;
    }
    frontAndBack
    {
        type            empty;
    }
}


// ************************************************************************* //
