/*--------------------------------*- C++ -*----------------------------------*\
  =========                 |
  \\      /  F ield         | OpenFOAM: The Open Source CFD Toolbox
   \\    /   O peration     | Website:  https://openfoam.org
    \\  /    A nd           | Version:  6
     \\/     M anipulation  |
\*---------------------------------------------------------------------------*/
FoamFile
{
    version     2.0;
    format      ascii;
    class       volScalarField;
    location    "600";
    object      dnp3_s;
}
// * * * * * * * * * * * * * * * * * * * * * * * * * * * * * * * * * * * * * //

dimensions      [0 -3 -1 0 0 0 0];

internalField   nonuniform List<scalar> 
6400
(
1.03956e+14
1.68788e+14
2.28348e+14
2.89038e+14
3.66986e+14
4.27562e+14
4.71809e+14
5.42097e+14
5.95281e+14
6.61774e+14
6.98391e+14
7.8841e+14
8.14909e+14
8.5833e+14
9.33667e+14
9.73877e+14
1.05801e+15
1.06258e+15
1.1435e+15
1.15926e+15
1.2448e+15
1.26476e+15
1.26553e+15
1.30256e+15
1.36666e+15
1.36375e+15
1.42044e+15
1.43105e+15
1.47667e+15
1.50857e+15
1.61716e+15
1.54363e+15
1.57841e+15
1.60248e+15
1.63576e+15
1.58472e+15
1.6634e+15
1.61984e+15
1.62978e+15
1.59841e+15
1.6886e+15
1.61505e+15
1.66996e+15
1.5982e+15
1.59144e+15
1.58014e+15
1.60609e+15
1.59214e+15
1.52313e+15
1.56972e+15
1.49752e+15
1.55301e+15
1.45684e+15
1.43384e+15
1.39117e+15
1.36688e+15
1.32251e+15
1.30613e+15
1.23775e+15
1.20188e+15
1.15137e+15
1.11311e+15
1.06636e+15
1.0173e+15
9.83454e+14
9.09336e+14
8.95258e+14
7.95524e+14
7.93629e+14
7.15557e+14
6.62455e+14
6.03097e+14
5.2741e+14
4.83189e+14
4.15118e+14
3.88609e+14
3.00029e+14
2.36643e+14
1.83294e+14
1.04626e+14
1.57771e+14
2.47127e+14
3.642e+14
4.7684e+14
5.60217e+14
6.6562e+14
7.32753e+14
8.37649e+14
9.65189e+14
9.98673e+14
1.08979e+15
1.1842e+15
1.31028e+15
1.32817e+15
1.43776e+15
1.55772e+15
1.61358e+15
1.69992e+15
1.73248e+15
1.81882e+15
1.85925e+15
1.96933e+15
1.97088e+15
2.0218e+15
2.12635e+15
2.15005e+15
2.21314e+15
2.22354e+15
2.35515e+15
2.3245e+15
2.38602e+15
2.35293e+15
2.50822e+15
2.41384e+15
2.4667e+15
2.47209e+15
2.51217e+15
2.50814e+15
2.56328e+15
2.53926e+15
2.57445e+15
2.58388e+15
2.55904e+15
2.50761e+15
2.46063e+15
2.44505e+15
2.48976e+15
2.402e+15
2.4141e+15
2.38654e+15
2.36223e+15
2.33351e+15
2.30119e+15
2.22123e+15
2.15102e+15
2.08974e+15
2.03803e+15
1.97622e+15
1.95435e+15
1.853e+15
1.77684e+15
1.70867e+15
1.63272e+15
1.53466e+15
1.51816e+15
1.44877e+15
1.34685e+15
1.2584e+15
1.16683e+15
1.13167e+15
1.0219e+15
9.17203e+14
8.05374e+14
7.2885e+14
6.56436e+14
5.48442e+14
4.58193e+14
3.53137e+14
2.94731e+14
1.5308e+14
2.14774e+14
3.48202e+14
4.69393e+14
6.36333e+14
7.18706e+14
8.49941e+14
9.69649e+14
1.1029e+15
1.24893e+15
1.31434e+15
1.42113e+15
1.53971e+15
1.70038e+15
1.75942e+15
1.94632e+15
2.05779e+15
2.12228e+15
2.21258e+15
2.32016e+15
2.43999e+15
2.46382e+15
2.62627e+15
2.60455e+15
2.68926e+15
2.8125e+15
2.8659e+15
2.95061e+15
3.09797e+15
3.08864e+15
3.08125e+15
3.13972e+15
3.23781e+15
3.24966e+15
3.27245e+15
3.30378e+15
3.34883e+15
3.37468e+15
3.39191e+15
3.29224e+15
3.33656e+15
3.31636e+15
3.36955e+15
3.36711e+15
3.37292e+15
3.29468e+15
3.24422e+15
3.25402e+15
3.20294e+15
3.15107e+15
3.15634e+15
3.14233e+15
3.06924e+15
3.03829e+15
2.94729e+15
2.85636e+15
2.7932e+15
2.66502e+15
2.6691e+15
2.6023e+15
2.48802e+15
2.33537e+15
2.30943e+15
2.20703e+15
2.04068e+15
1.98219e+15
1.92059e+15
1.78327e+15
1.67652e+15
1.5375e+15
1.49225e+15
1.3795e+15
1.26745e+15
1.07803e+15
1.03438e+15
8.64866e+14
7.33471e+14
6.36633e+14
4.77365e+14
3.6589e+14
2.16672e+14
2.60635e+14
4.21636e+14
6.15415e+14
7.84538e+14
9.35494e+14
1.07845e+15
1.23077e+15
1.36812e+15
1.57872e+15
1.69722e+15
1.79997e+15
1.96543e+15
2.05713e+15
2.27747e+15
2.38406e+15
2.52398e+15
2.64647e+15
2.74989e+15
2.9301e+15
2.99139e+15
3.17325e+15
3.25087e+15
3.28289e+15
3.42208e+15
3.50372e+15
3.64161e+15
3.58354e+15
3.70828e+15
3.81252e+15
3.82237e+15
3.97968e+15
3.99889e+15
3.98904e+15
4.10271e+15
4.09562e+15
4.14087e+15
4.18892e+15
4.20232e+15
4.14982e+15
4.1474e+15
4.18315e+15
4.21866e+15
4.18855e+15
4.08663e+15
4.09754e+15
4.02086e+15
3.98006e+15
4.01209e+15
3.96324e+15
3.9116e+15
3.86922e+15
3.82012e+15
3.74941e+15
3.64733e+15
3.5675e+15
3.48201e+15
3.40565e+15
3.28832e+15
3.17931e+15
3.10953e+15
2.95458e+15
2.84568e+15
2.7025e+15
2.58785e+15
2.51392e+15
2.35248e+15
2.2271e+15
2.14205e+15
1.9585e+15
1.83617e+15
1.70916e+15
1.56056e+15
1.38918e+15
1.24574e+15
1.10057e+15
9.12335e+14
7.7937e+14
6.06618e+14
4.26409e+14
2.65439e+14
3.06437e+14
5.60403e+14
7.08123e+14
9.1724e+14
1.09246e+15
1.30722e+15
1.47812e+15
1.66131e+15
1.83745e+15
2.02759e+15
2.21322e+15
2.31996e+15
2.46819e+15
2.70955e+15
2.91069e+15
3.04871e+15
3.19779e+15
3.34367e+15
3.42251e+15
3.58612e+15
3.68407e+15
3.83053e+15
3.95259e+15
4.07425e+15
4.22326e+15
4.32898e+15
4.39157e+15
4.47077e+15
4.53343e+15
4.65978e+15
4.66539e+15
4.68933e+15
4.80344e+15
4.75332e+15
4.85741e+15
4.87801e+15
4.92032e+15
5.05387e+15
5.03135e+15
5.07754e+15
5.01686e+15
5.04683e+15
5.03582e+15
4.94484e+15
4.79871e+15
4.86402e+15
4.85998e+15
4.75258e+15
4.80706e+15
4.67392e+15
4.652e+15
4.46722e+15
4.45305e+15
4.50441e+15
4.34689e+15
4.21811e+15
4.11783e+15
3.9555e+15
3.81388e+15
3.73104e+15
3.59035e+15
3.3569e+15
3.23048e+15
3.08967e+15
2.97101e+15
2.83196e+15
2.69754e+15
2.60203e+15
2.34e+15
2.20892e+15
2.00864e+15
1.81622e+15
1.68994e+15
1.44781e+15
1.24921e+15
1.09197e+15
9.1471e+14
7.34725e+14
5.00588e+14
3.05549e+14
3.69558e+14
6.28837e+14
8.58294e+14
1.09844e+15
1.26195e+15
1.49241e+15
1.70677e+15
1.94725e+15
2.14215e+15
2.34547e+15
2.53528e+15
2.7053e+15
2.91068e+15
3.16998e+15
3.37185e+15
3.45609e+15
3.70493e+15
3.81965e+15
3.93938e+15
4.19884e+15
4.37046e+15
4.47722e+15
4.56557e+15
4.73897e+15
4.85513e+15
5.01221e+15
5.0822e+15
5.19031e+15
5.28928e+15
5.39764e+15
5.36398e+15
5.46872e+15
5.59531e+15
5.64673e+15
5.70093e+15
5.74213e+15
5.79303e+15
5.88281e+15
5.96536e+15
5.79639e+15
5.84791e+15
5.85343e+15
5.7666e+15
5.77765e+15
5.73294e+15
5.73728e+15
5.6491e+15
5.58571e+15
5.54962e+15
5.45907e+15
5.39609e+15
5.28437e+15
5.14322e+15
5.11032e+15
5.00074e+15
4.89532e+15
4.78722e+15
4.59632e+15
4.44169e+15
4.35961e+15
4.21884e+15
3.98235e+15
3.84836e+15
3.60235e+15
3.46585e+15
3.32323e+15
3.18201e+15
2.93919e+15
2.73375e+15
2.56937e+15
2.34963e+15
2.12523e+15
1.91896e+15
1.68854e+15
1.46384e+15
1.29066e+15
1.07319e+15
8.56875e+14
5.82824e+14
3.65749e+14
4.11049e+14
6.86838e+14
9.74879e+14
1.23842e+15
1.43136e+15
1.68188e+15
1.92739e+15
2.19316e+15
2.41173e+15
2.68964e+15
2.8795e+15
3.0983e+15
3.34046e+15
3.56096e+15
3.73382e+15
3.98792e+15
4.11115e+15
4.37031e+15
4.61949e+15
4.7927e+15
4.91079e+15
5.11601e+15
5.19114e+15
5.29661e+15
5.47533e+15
5.69128e+15
5.91017e+15
5.97424e+15
5.90599e+15
6.11687e+15
6.21238e+15
6.28166e+15
6.33422e+15
6.37185e+15
6.48481e+15
6.52605e+15
6.68134e+15
6.66554e+15
6.57396e+15
6.62708e+15
6.64304e+15
6.67215e+15
6.63183e+15
6.63632e+15
6.52182e+15
6.48615e+15
6.49048e+15
6.43927e+15
6.31563e+15
6.22978e+15
6.0795e+15
5.9955e+15
6.0574e+15
5.7588e+15
5.61694e+15
5.65586e+15
5.50306e+15
5.25128e+15
5.0098e+15
4.9864e+15
4.82873e+15
4.61575e+15
4.34428e+15
4.13445e+15
3.96e+15
3.7398e+15
3.69076e+15
3.42468e+15
3.12402e+15
2.96741e+15
2.65817e+15
2.43357e+15
2.19276e+15
1.94761e+15
1.65245e+15
1.45618e+15
1.17562e+15
9.92395e+14
7.12568e+14
4.40399e+14
4.63036e+14
7.94569e+14
1.11084e+15
1.38745e+15
1.62696e+15
1.93252e+15
2.20787e+15
2.41915e+15
2.75398e+15
3.01573e+15
3.23089e+15
3.49048e+15
3.80486e+15
3.95046e+15
4.19734e+15
4.49053e+15
4.71835e+15
4.94226e+15
5.10274e+15
5.34911e+15
5.4791e+15
5.65612e+15
5.88312e+15
6.01264e+15
6.17444e+15
6.31594e+15
6.57138e+15
6.52889e+15
6.82806e+15
6.96533e+15
6.92465e+15
6.99827e+15
7.06548e+15
7.14777e+15
7.28127e+15
7.252e+15
7.38143e+15
7.4473e+15
7.48349e+15
7.4776e+15
7.49516e+15
7.42985e+15
7.39036e+15
7.53202e+15
7.33476e+15
7.18334e+15
7.26852e+15
7.1582e+15
7.1057e+15
6.89791e+15
6.87049e+15
6.83301e+15
6.57458e+15
6.45538e+15
6.31388e+15
6.22482e+15
6.08203e+15
6.00676e+15
5.77796e+15
5.49201e+15
5.31597e+15
5.07692e+15
4.85941e+15
4.5839e+15
4.47007e+15
4.2392e+15
4.02584e+15
3.83135e+15
3.60286e+15
3.29104e+15
3.00889e+15
2.72034e+15
2.49229e+15
2.15955e+15
1.91452e+15
1.61521e+15
1.32881e+15
1.11407e+15
8.09834e+14
4.75697e+14
5.0192e+14
8.59678e+14
1.24881e+15
1.54246e+15
1.86783e+15
2.09051e+15
2.44455e+15
2.75671e+15
3.00653e+15
3.31405e+15
3.64986e+15
3.80874e+15
4.17468e+15
4.512e+15
4.78972e+15
4.84473e+15
5.16046e+15
5.56666e+15
5.69846e+15
5.89793e+15
6.13515e+15
6.29162e+15
6.40479e+15
6.723e+15
6.81613e+15
6.99507e+15
7.23517e+15
7.29253e+15
7.41447e+15
7.56537e+15
7.73418e+15
7.79618e+15
8.00258e+15
8.01868e+15
8.01894e+15
8.10319e+15
8.19808e+15
8.28982e+15
8.34882e+15
8.31222e+15
8.27366e+15
8.28068e+15
8.16359e+15
8.13566e+15
8.11636e+15
7.96902e+15
7.93376e+15
7.82215e+15
7.83862e+15
7.74032e+15
7.57332e+15
7.41906e+15
7.26238e+15
7.18979e+15
7.02201e+15
6.89238e+15
6.77963e+15
6.59456e+15
6.29865e+15
6.14702e+15
5.81843e+15
5.73082e+15
5.49299e+15
5.20905e+15
4.84306e+15
4.63121e+15
4.4755e+15
4.16428e+15
3.93402e+15
3.60708e+15
3.3816e+15
3.10815e+15
2.75121e+15
2.40766e+15
2.1183e+15
1.82216e+15
1.49466e+15
1.21751e+15
8.49389e+14
5.33558e+14
5.6444e+14
9.10915e+14
1.32737e+15
1.67776e+15
2.03711e+15
2.32919e+15
2.67776e+15
2.96704e+15
3.32005e+15
3.65985e+15
4.02699e+15
4.27924e+15
4.49611e+15
4.90775e+15
5.1962e+15
5.47156e+15
5.74657e+15
6.01037e+15
6.26339e+15
6.50308e+15
6.79197e+15
6.90586e+15
7.13027e+15
7.3934e+15
7.59464e+15
7.83898e+15
7.95673e+15
8.11847e+15
8.27846e+15
8.38584e+15
8.53689e+15
8.63885e+15
8.75893e+15
8.78283e+15
8.93833e+15
8.88593e+15
9.01876e+15
9.00874e+15
8.9899e+15
9.06801e+15
9.15577e+15
9.06378e+15
9.05211e+15
8.95495e+15
8.93466e+15
8.80818e+15
8.74303e+15
8.6388e+15
8.5896e+15
8.47035e+15
8.37366e+15
8.23071e+15
8.0875e+15
7.94594e+15
7.69221e+15
7.67496e+15
7.39371e+15
7.07958e+15
6.96146e+15
6.70597e+15
6.42353e+15
6.10676e+15
5.83593e+15
5.60367e+15
5.39263e+15
5.19485e+15
4.88579e+15
4.61653e+15
4.19322e+15
3.98231e+15
3.68111e+15
3.34263e+15
2.90832e+15
2.62529e+15
2.28951e+15
1.99752e+15
1.64102e+15
1.29445e+15
9.60104e+14
5.55757e+14
6.3847e+14
1.001e+15
1.43914e+15
1.80613e+15
2.12669e+15
2.53563e+15
2.91209e+15
3.22601e+15
3.65081e+15
3.99274e+15
4.46495e+15
4.66159e+15
4.86033e+15
5.26001e+15
5.61482e+15
5.88529e+15
6.20923e+15
6.48398e+15
6.79001e+15
7.14984e+15
7.37218e+15
7.63733e+15
7.77749e+15
7.83686e+15
8.17242e+15
8.44196e+15
8.69316e+15
8.76007e+15
9.04086e+15
9.08799e+15
9.20069e+15
9.26904e+15
9.39056e+15
9.55447e+15
9.70258e+15
9.73356e+15
9.7508e+15
9.90676e+15
9.82375e+15
1.00498e+16
9.9699e+15
9.86933e+15
9.93004e+15
9.78436e+15
9.71838e+15
9.50646e+15
9.5587e+15
9.48008e+15
9.33651e+15
9.25623e+15
9.15598e+15
8.93069e+15
8.74871e+15
8.56498e+15
8.43974e+15
8.28765e+15
7.862e+15
7.78281e+15
7.52918e+15
7.29093e+15
7.06729e+15
6.65078e+15
6.45615e+15
6.13587e+15
5.87362e+15
5.70016e+15
5.30817e+15
4.92823e+15
4.67941e+15
4.28868e+15
3.99444e+15
3.61525e+15
3.22594e+15
2.88851e+15
2.54026e+15
2.17979e+15
1.74663e+15
1.42504e+15
1.02297e+15
5.99576e+14
7.3106e+14
1.10665e+15
1.52074e+15
1.95969e+15
2.35366e+15
2.72198e+15
3.14538e+15
3.49408e+15
3.84169e+15
4.2694e+15
4.68065e+15
5.03961e+15
5.25066e+15
5.64807e+15
6.01745e+15
6.42141e+15
6.80209e+15
7.06414e+15
7.36392e+15
7.64698e+15
7.88436e+15
8.26607e+15
8.31325e+15
8.62744e+15
8.92573e+15
9.11969e+15
9.3679e+15
9.5031e+15
9.56443e+15
9.85529e+15
1.00348e+16
1.01763e+16
1.03785e+16
1.03925e+16
1.04052e+16
1.04854e+16
1.07188e+16
1.07047e+16
1.05579e+16
1.06671e+16
1.0676e+16
1.07703e+16
1.06489e+16
1.05473e+16
1.03953e+16
1.0401e+16
1.0298e+16
1.01315e+16
1.0106e+16
9.95549e+15
9.86525e+15
9.67687e+15
9.45225e+15
9.37079e+15
9.17534e+15
8.88273e+15
8.70865e+15
8.37995e+15
8.09338e+15
7.92689e+15
7.70067e+15
7.32908e+15
7.04163e+15
6.70917e+15
6.39482e+15
6.0463e+15
5.75173e+15
5.33533e+15
4.96652e+15
4.64999e+15
4.27156e+15
3.96438e+15
3.49666e+15
3.11156e+15
2.71992e+15
2.32398e+15
1.96089e+15
1.53367e+15
1.09473e+15
6.5846e+14
7.57672e+14
1.20335e+15
1.66348e+15
2.07567e+15
2.5171e+15
2.95462e+15
3.36195e+15
3.88307e+15
4.14795e+15
4.59102e+15
5.01993e+15
5.4122e+15
5.79071e+15
6.15714e+15
6.44531e+15
6.90441e+15
7.18515e+15
7.48901e+15
7.81461e+15
8.12451e+15
8.44722e+15
8.92981e+15
9.06078e+15
9.33248e+15
9.72215e+15
9.87573e+15
1.00966e+16
1.02422e+16
1.04376e+16
1.06338e+16
1.08058e+16
1.08455e+16
1.09796e+16
1.13133e+16
1.12229e+16
1.14027e+16
1.14071e+16
1.13803e+16
1.14543e+16
1.14318e+16
1.15604e+16
1.14105e+16
1.15028e+16
1.14108e+16
1.14178e+16
1.12714e+16
1.11463e+16
1.10816e+16
1.09395e+16
1.08142e+16
1.06737e+16
1.04565e+16
1.03126e+16
1.00172e+16
9.83216e+15
9.61725e+15
9.36558e+15
9.06058e+15
8.75811e+15
8.47469e+15
8.20107e+15
8.04073e+15
7.56722e+15
7.3138e+15
6.89465e+15
6.54371e+15
6.1509e+15
5.67068e+15
5.42913e+15
4.98031e+15
4.57256e+15
4.20929e+15
3.76795e+15
3.27481e+15
2.93414e+15
2.44732e+15
2.07871e+15
1.64167e+15
1.2004e+15
6.86476e+14
8.01698e+14
1.32565e+15
1.78373e+15
2.2162e+15
2.7323e+15
3.19154e+15
3.5832e+15
4.04183e+15
4.37483e+15
4.94241e+15
5.40104e+15
5.7874e+15
6.25538e+15
6.64649e+15
6.91969e+15
7.28071e+15
7.83923e+15
8.05265e+15
8.54613e+15
8.78165e+15
9.2378e+15
9.36759e+15
9.68229e+15
9.94584e+15
1.03245e+16
1.07176e+16
1.07945e+16
1.10602e+16
1.10753e+16
1.13989e+16
1.14611e+16
1.16879e+16
1.19027e+16
1.20416e+16
1.19557e+16
1.21948e+16
1.22675e+16
1.22664e+16
1.23714e+16
1.23247e+16
1.24181e+16
1.23645e+16
1.2293e+16
1.21935e+16
1.20424e+16
1.19152e+16
1.18799e+16
1.17807e+16
1.17265e+16
1.1547e+16
1.13848e+16
1.12795e+16
1.09257e+16
1.07592e+16
1.05327e+16
1.02781e+16
9.98858e+15
9.80857e+15
9.39108e+15
9.07229e+15
8.83131e+15
8.51449e+15
8.13164e+15
7.78611e+15
7.32846e+15
6.91752e+15
6.55966e+15
6.20655e+15
5.83087e+15
5.39325e+15
4.83923e+15
4.5017e+15
4.05962e+15
3.55018e+15
3.05326e+15
2.68735e+15
2.15285e+15
1.72617e+15
1.24887e+15
7.49624e+14
7.89509e+14
1.37542e+15
1.86933e+15
2.42389e+15
2.90163e+15
3.40265e+15
3.89808e+15
4.32823e+15
4.71899e+15
5.26109e+15
5.61043e+15
6.15384e+15
6.66998e+15
7.07095e+15
7.4235e+15
7.81719e+15
8.2685e+15
8.57757e+15
8.92196e+15
9.34864e+15
9.78157e+15
9.98347e+15
1.02851e+16
1.05887e+16
1.10288e+16
1.1157e+16
1.14805e+16
1.18292e+16
1.19368e+16
1.21316e+16
1.24411e+16
1.249e+16
1.26957e+16
1.2829e+16
1.29721e+16
1.29129e+16
1.30936e+16
1.30341e+16
1.32496e+16
1.31724e+16
1.31401e+16
1.31195e+16
1.31765e+16
1.29174e+16
1.29321e+16
1.27676e+16
1.26473e+16
1.25275e+16
1.24623e+16
1.23309e+16
1.21777e+16
1.19297e+16
1.17046e+16
1.15133e+16
1.12836e+16
1.09006e+16
1.05225e+16
1.03103e+16
9.97656e+15
9.6794e+15
9.3649e+15
8.97519e+15
8.59786e+15
8.18151e+15
7.7714e+15
7.36671e+15
7.00389e+15
6.61201e+15
6.21997e+15
5.62355e+15
5.28979e+15
4.80305e+15
4.25366e+15
3.83528e+15
3.353e+15
2.89984e+15
2.33605e+15
1.87143e+15
1.35341e+15
8.06071e+14
8.41588e+14
1.46017e+15
1.9798e+15
2.50842e+15
3.00871e+15
3.60148e+15
4.13667e+15
4.64431e+15
5.02031e+15
5.49562e+15
6.02793e+15
6.52879e+15
6.96342e+15
7.44761e+15
7.87589e+15
8.39684e+15
8.74112e+15
9.0837e+15
9.52572e+15
9.84522e+15
1.03499e+16
1.05952e+16
1.09834e+16
1.1394e+16
1.17214e+16
1.19243e+16
1.23805e+16
1.22216e+16
1.26003e+16
1.28417e+16
1.29668e+16
1.32883e+16
1.3339e+16
1.36773e+16
1.36265e+16
1.37855e+16
1.39478e+16
1.37671e+16
1.39656e+16
1.39015e+16
1.38237e+16
1.3968e+16
1.3907e+16
1.38091e+16
1.38288e+16
1.36934e+16
1.35097e+16
1.32471e+16
1.32566e+16
1.31163e+16
1.28007e+16
1.27508e+16
1.24209e+16
1.20672e+16
1.18195e+16
1.15748e+16
1.11005e+16
1.10297e+16
1.06135e+16
1.02093e+16
9.90717e+15
9.61694e+15
9.28927e+15
8.63281e+15
8.35275e+15
7.84238e+15
7.41488e+15
6.96151e+15
6.48455e+15
6.07114e+15
5.50987e+15
5.04517e+15
4.62476e+15
4.06517e+15
3.53025e+15
3.11596e+15
2.47951e+15
1.98884e+15
1.42243e+15
8.30453e+14
8.44805e+14
1.53438e+15
2.11921e+15
2.68497e+15
3.16504e+15
3.70579e+15
4.35379e+15
4.8956e+15
5.38705e+15
5.89112e+15
6.44412e+15
6.98515e+15
7.3472e+15
7.87553e+15
8.3893e+15
8.84169e+15
9.27817e+15
9.6236e+15
1.01732e+16
1.04738e+16
1.08562e+16
1.1234e+16
1.16104e+16
1.19989e+16
1.23328e+16
1.25634e+16
1.29865e+16
1.30781e+16
1.33854e+16
1.36809e+16
1.37853e+16
1.40342e+16
1.40811e+16
1.42562e+16
1.44214e+16
1.45401e+16
1.46511e+16
1.45584e+16
1.47401e+16
1.47655e+16
1.47393e+16
1.46331e+16
1.46718e+16
1.46391e+16
1.44572e+16
1.44315e+16
1.43137e+16
1.39762e+16
1.39261e+16
1.3773e+16
1.36313e+16
1.34196e+16
1.31786e+16
1.28509e+16
1.24258e+16
1.21742e+16
1.17362e+16
1.15302e+16
1.12066e+16
1.08804e+16
1.04853e+16
1.00379e+16
9.74471e+15
9.11199e+15
8.63348e+15
8.30076e+15
7.82065e+15
7.38003e+15
6.88655e+15
6.2907e+15
5.87202e+15
5.3885e+15
4.83691e+15
4.34707e+15
3.76922e+15
3.2073e+15
2.66683e+15
2.06216e+15
1.51048e+15
8.90245e+14
9.50047e+14
1.64417e+15
2.20289e+15
2.84292e+15
3.41254e+15
3.98635e+15
4.55176e+15
5.19062e+15
5.65963e+15
6.19158e+15
6.71923e+15
7.25794e+15
7.74657e+15
8.3688e+15
8.88361e+15
9.28633e+15
9.84424e+15
1.01029e+16
1.07264e+16
1.11667e+16
1.14234e+16
1.18186e+16
1.21197e+16
1.26106e+16
1.29405e+16
1.31377e+16
1.36207e+16
1.38152e+16
1.39326e+16
1.44187e+16
1.44892e+16
1.46069e+16
1.49861e+16
1.49827e+16
1.50627e+16
1.52576e+16
1.53758e+16
1.54677e+16
1.54224e+16
1.54684e+16
1.54191e+16
1.55512e+16
1.55085e+16
1.52622e+16
1.52795e+16
1.52171e+16
1.5056e+16
1.48522e+16
1.48336e+16
1.45153e+16
1.42514e+16
1.40289e+16
1.37352e+16
1.34066e+16
1.3142e+16
1.28567e+16
1.25482e+16
1.21141e+16
1.18409e+16
1.13178e+16
1.09137e+16
1.0609e+16
1.00316e+16
9.65101e+15
9.1662e+15
8.79424e+15
8.21264e+15
7.73335e+15
7.2217e+15
6.63183e+15
6.28987e+15
5.68333e+15
5.0413e+15
4.53357e+15
3.99743e+15
3.41337e+15
2.80204e+15
2.16272e+15
1.57109e+15
9.39036e+14
1.01898e+15
1.66708e+15
2.32803e+15
2.96551e+15
3.62604e+15
4.24411e+15
4.79305e+15
5.35778e+15
5.87109e+15
6.48584e+15
7.16527e+15
7.55287e+15
8.20107e+15
8.74313e+15
9.22025e+15
9.68575e+15
1.02791e+16
1.06668e+16
1.1145e+16
1.16481e+16
1.2026e+16
1.24746e+16
1.29154e+16
1.31421e+16
1.34588e+16
1.3904e+16
1.42078e+16
1.46501e+16
1.47165e+16
1.50984e+16
1.53175e+16
1.55156e+16
1.56908e+16
1.5721e+16
1.58624e+16
1.5919e+16
1.62446e+16
1.62862e+16
1.63178e+16
1.63191e+16
1.64385e+16
1.62658e+16
1.62928e+16
1.60156e+16
1.60304e+16
1.59289e+16
1.5782e+16
1.55696e+16
1.55862e+16
1.52017e+16
1.5027e+16
1.46282e+16
1.45397e+16
1.42547e+16
1.39091e+16
1.36135e+16
1.31597e+16
1.26516e+16
1.22566e+16
1.18823e+16
1.16972e+16
1.10091e+16
1.05751e+16
1.0155e+16
9.6429e+15
9.14947e+15
8.69812e+15
8.01455e+15
7.64115e+15
7.15314e+15
6.59533e+15
5.91853e+15
5.30595e+15
4.71993e+15
4.15937e+15
3.52197e+15
2.9083e+15
2.29004e+15
1.64786e+15
1.00078e+15
1.06422e+15
1.76149e+15
2.43768e+15
3.13276e+15
3.71798e+15
4.3846e+15
4.93277e+15
5.51271e+15
6.15291e+15
6.92496e+15
7.46707e+15
7.88353e+15
8.57917e+15
9.20445e+15
9.76076e+15
1.0235e+16
1.07551e+16
1.12667e+16
1.17071e+16
1.2139e+16
1.27349e+16
1.30065e+16
1.34326e+16
1.37909e+16
1.42742e+16
1.45776e+16
1.49329e+16
1.52552e+16
1.54583e+16
1.60016e+16
1.59533e+16
1.62269e+16
1.6372e+16
1.63537e+16
1.65857e+16
1.66804e+16
1.6908e+16
1.69107e+16
1.70422e+16
1.70683e+16
1.70034e+16
1.70817e+16
1.69839e+16
1.68626e+16
1.67726e+16
1.65027e+16
1.66164e+16
1.63988e+16
1.6213e+16
1.59111e+16
1.55901e+16
1.545e+16
1.51627e+16
1.48113e+16
1.45714e+16
1.4131e+16
1.37837e+16
1.3288e+16
1.29324e+16
1.25464e+16
1.20889e+16
1.15202e+16
1.10921e+16
1.06958e+16
1.01911e+16
9.51265e+15
8.98753e+15
8.56116e+15
7.93841e+15
7.41849e+15
6.89636e+15
6.16705e+15
5.61663e+15
5.06061e+15
4.32358e+15
3.68888e+15
2.98013e+15
2.4071e+15
1.75151e+15
1.06284e+15
1.14926e+15
1.89954e+15
2.51823e+15
3.24498e+15
3.80577e+15
4.59351e+15
5.26646e+15
5.78095e+15
6.60679e+15
7.18153e+15
7.64698e+15
8.34299e+15
8.85573e+15
9.61895e+15
1.02289e+16
1.06853e+16
1.13031e+16
1.17853e+16
1.22004e+16
1.27334e+16
1.30786e+16
1.35453e+16
1.38901e+16
1.46105e+16
1.49824e+16
1.51773e+16
1.5461e+16
1.58198e+16
1.60715e+16
1.64709e+16
1.66106e+16
1.69004e+16
1.70229e+16
1.72896e+16
1.73475e+16
1.74774e+16
1.76004e+16
1.77971e+16
1.76262e+16
1.77592e+16
1.77091e+16
1.76159e+16
1.7845e+16
1.75165e+16
1.75788e+16
1.7373e+16
1.74103e+16
1.72025e+16
1.69294e+16
1.65482e+16
1.62922e+16
1.60994e+16
1.59201e+16
1.55473e+16
1.51006e+16
1.48583e+16
1.43227e+16
1.3965e+16
1.34557e+16
1.31415e+16
1.25482e+16
1.20255e+16
1.14664e+16
1.12224e+16
1.06639e+16
1.00429e+16
9.5076e+15
9.00172e+15
8.26344e+15
7.72865e+15
7.13487e+15
6.45378e+15
5.81497e+15
5.22402e+15
4.5515e+15
3.83348e+15
3.19687e+15
2.50523e+15
1.79261e+15
1.10816e+15
1.1391e+15
1.9646e+15
2.7459e+15
3.33027e+15
4.01802e+15
4.80311e+15
5.42169e+15
6.13882e+15
6.76446e+15
7.44978e+15
8.00583e+15
8.65945e+15
9.35582e+15
9.95038e+15
1.05819e+16
1.11539e+16
1.17966e+16
1.22957e+16
1.28438e+16
1.33397e+16
1.37165e+16
1.41647e+16
1.44303e+16
1.50849e+16
1.55252e+16
1.57949e+16
1.61478e+16
1.64683e+16
1.6725e+16
1.7155e+16
1.73932e+16
1.76764e+16
1.77606e+16
1.77993e+16
1.80706e+16
1.82822e+16
1.84558e+16
1.83619e+16
1.84859e+16
1.84644e+16
1.83875e+16
1.84862e+16
1.85078e+16
1.84427e+16
1.83457e+16
1.80914e+16
1.79452e+16
1.76832e+16
1.75081e+16
1.72451e+16
1.71456e+16
1.6818e+16
1.65871e+16
1.62062e+16
1.573e+16
1.54863e+16
1.49832e+16
1.46532e+16
1.41026e+16
1.36834e+16
1.32508e+16
1.27066e+16
1.21163e+16
1.16265e+16
1.11721e+16
1.0536e+16
9.99204e+15
9.35102e+15
8.67231e+15
8.05983e+15
7.54017e+15
6.68258e+15
6.08234e+15
5.33543e+15
4.71602e+15
4.00655e+15
3.33981e+15
2.60835e+15
1.87901e+15
1.16965e+15
1.22046e+15
2.08043e+15
2.78071e+15
3.45358e+15
4.28731e+15
4.99613e+15
5.65241e+15
6.35094e+15
6.91283e+15
7.68039e+15
8.28971e+15
8.96084e+15
9.71389e+15
1.02898e+16
1.09876e+16
1.16761e+16
1.2192e+16
1.284e+16
1.33037e+16
1.37283e+16
1.42453e+16
1.47223e+16
1.51862e+16
1.55992e+16
1.61063e+16
1.66441e+16
1.68108e+16
1.71163e+16
1.74749e+16
1.78711e+16
1.80962e+16
1.82093e+16
1.85978e+16
1.88479e+16
1.88434e+16
1.9094e+16
1.9092e+16
1.92904e+16
1.92392e+16
1.92326e+16
1.91673e+16
1.92222e+16
1.91967e+16
1.92997e+16
1.89535e+16
1.89472e+16
1.85839e+16
1.83633e+16
1.81899e+16
1.80787e+16
1.78734e+16
1.74104e+16
1.7007e+16
1.67057e+16
1.63449e+16
1.59167e+16
1.54347e+16
1.50782e+16
1.45915e+16
1.41666e+16
1.37035e+16
1.32024e+16
1.25025e+16
1.21626e+16
1.14944e+16
1.08789e+16
1.02584e+16
9.71993e+15
8.96295e+15
8.43256e+15
7.75173e+15
6.96357e+15
6.34082e+15
5.58839e+15
4.94152e+15
4.16737e+15
3.3937e+15
2.68628e+15
1.9878e+15
1.22879e+15
1.27484e+15
2.13823e+15
2.92968e+15
3.70336e+15
4.38674e+15
5.18701e+15
5.85157e+15
6.53829e+15
7.25484e+15
8.10985e+15
8.69657e+15
9.48282e+15
1.01588e+16
1.068e+16
1.13904e+16
1.18987e+16
1.26132e+16
1.32225e+16
1.37523e+16
1.42168e+16
1.47892e+16
1.53128e+16
1.58534e+16
1.63302e+16
1.66702e+16
1.70893e+16
1.76115e+16
1.78083e+16
1.80374e+16
1.82512e+16
1.87922e+16
1.89112e+16
1.91024e+16
1.9439e+16
1.96346e+16
1.97673e+16
1.97497e+16
1.99576e+16
1.99397e+16
2.01069e+16
1.99865e+16
1.99056e+16
1.97432e+16
1.98499e+16
1.969e+16
1.95836e+16
1.92677e+16
1.89793e+16
1.90099e+16
1.86505e+16
1.84164e+16
1.80802e+16
1.78199e+16
1.72737e+16
1.70041e+16
1.66656e+16
1.59685e+16
1.55447e+16
1.52646e+16
1.47174e+16
1.42238e+16
1.37361e+16
1.30223e+16
1.26548e+16
1.20588e+16
1.13625e+16
1.06542e+16
1.0026e+16
9.4012e+15
8.65568e+15
7.93624e+15
7.29593e+15
6.6752e+15
5.80563e+15
5.2028e+15
4.33869e+15
3.58148e+15
2.83162e+15
2.06003e+15
1.19286e+15
1.32002e+15
2.15867e+15
3.02498e+15
3.74292e+15
4.5406e+15
5.35489e+15
6.1366e+15
6.85315e+15
7.58984e+15
8.31351e+15
8.96352e+15
9.70418e+15
1.03945e+16
1.11117e+16
1.18033e+16
1.25052e+16
1.3136e+16
1.35228e+16
1.41815e+16
1.47695e+16
1.53891e+16
1.58396e+16
1.63538e+16
1.68569e+16
1.71882e+16
1.75934e+16
1.80529e+16
1.84258e+16
1.86228e+16
1.90644e+16
1.92987e+16
1.95464e+16
1.98237e+16
2.00728e+16
2.02846e+16
2.05774e+16
2.05603e+16
2.05957e+16
2.06546e+16
2.05647e+16
2.05991e+16
2.06855e+16
2.07469e+16
2.05895e+16
2.05416e+16
2.04669e+16
2.00231e+16
1.97407e+16
1.95505e+16
1.92405e+16
1.90521e+16
1.87986e+16
1.84228e+16
1.80818e+16
1.75373e+16
1.73589e+16
1.67142e+16
1.6254e+16
1.57455e+16
1.52261e+16
1.46234e+16
1.4293e+16
1.35307e+16
1.2989e+16
1.23524e+16
1.18038e+16
1.10692e+16
1.03625e+16
9.67884e+15
9.00771e+15
8.26808e+15
7.54126e+15
6.70591e+15
5.97356e+15
5.28711e+15
4.44427e+15
3.73038e+15
2.93113e+15
2.12886e+15
1.23672e+15
1.35401e+15
2.22907e+15
3.07373e+15
3.91407e+15
4.71098e+15
5.52479e+15
6.30551e+15
7.10812e+15
7.76577e+15
8.55796e+15
9.414e+15
1.01002e+16
1.07981e+16
1.14695e+16
1.21613e+16
1.28004e+16
1.34463e+16
1.3906e+16
1.47486e+16
1.52249e+16
1.55731e+16
1.62708e+16
1.67716e+16
1.72444e+16
1.77614e+16
1.81841e+16
1.87024e+16
1.9046e+16
1.93551e+16
1.96229e+16
2.00651e+16
2.04658e+16
2.05983e+16
2.06889e+16
2.1048e+16
2.10255e+16
2.12971e+16
2.14056e+16
2.14328e+16
2.15346e+16
2.1422e+16
2.1454e+16
2.12552e+16
2.13956e+16
2.12136e+16
2.0933e+16
2.07802e+16
2.05356e+16
2.04129e+16
2.01066e+16
1.97039e+16
1.94076e+16
1.90265e+16
1.85683e+16
1.8264e+16
1.78129e+16
1.7345e+16
1.66842e+16
1.62467e+16
1.56416e+16
1.49486e+16
1.45751e+16
1.39778e+16
1.34081e+16
1.28131e+16
1.21723e+16
1.15753e+16
1.08109e+16
1.01527e+16
9.30915e+15
8.54206e+15
7.81461e+15
6.89966e+15
6.25693e+15
5.42877e+15
4.61166e+15
3.81064e+15
3.0205e+15
2.20373e+15
1.30908e+15
1.40049e+15
2.26296e+15
3.17458e+15
4.06743e+15
4.87797e+15
5.63093e+15
6.4529e+15
7.25789e+15
8.12901e+15
8.76038e+15
9.53222e+15
1.03394e+16
1.10456e+16
1.18351e+16
1.25742e+16
1.31339e+16
1.38497e+16
1.44083e+16
1.49922e+16
1.56922e+16
1.63305e+16
1.67751e+16
1.73848e+16
1.78303e+16
1.8511e+16
1.874e+16
1.92508e+16
1.96214e+16
1.98591e+16
2.02384e+16
2.05633e+16
2.08445e+16
2.12365e+16
2.15013e+16
2.1409e+16
2.17723e+16
2.17791e+16
2.21155e+16
2.20992e+16
2.21176e+16
2.21525e+16
2.21417e+16
2.20106e+16
2.19209e+16
2.19637e+16
2.18922e+16
2.12832e+16
2.1321e+16
2.09251e+16
2.07457e+16
2.03572e+16
2.01476e+16
1.95886e+16
1.91271e+16
1.87422e+16
1.83494e+16
1.78434e+16
1.73523e+16
1.68184e+16
1.62193e+16
1.56501e+16
1.5098e+16
1.44886e+16
1.3713e+16
1.31159e+16
1.24658e+16
1.17677e+16
1.10789e+16
1.02829e+16
9.49412e+15
8.62228e+15
8.08378e+15
7.19852e+15
6.42136e+15
5.60398e+15
4.80888e+15
3.99039e+15
3.12518e+15
2.23008e+15
1.35702e+15
1.42693e+15
2.33682e+15
3.24539e+15
4.17007e+15
4.99834e+15
5.77976e+15
6.66492e+15
7.49149e+15
8.33215e+15
9.12304e+15
9.99519e+15
1.06343e+16
1.15056e+16
1.2131e+16
1.27513e+16
1.35772e+16
1.41599e+16
1.49049e+16
1.5478e+16
1.62369e+16
1.67854e+16
1.72006e+16
1.77964e+16
1.84454e+16
1.88184e+16
1.94309e+16
1.99436e+16
2.01918e+16
2.06345e+16
2.0853e+16
2.12859e+16
2.17473e+16
2.18965e+16
2.20723e+16
2.20839e+16
2.24212e+16
2.25812e+16
2.25677e+16
2.25894e+16
2.28901e+16
2.29506e+16
2.27317e+16
2.26252e+16
2.28209e+16
2.25904e+16
2.24315e+16
2.17862e+16
2.18504e+16
2.17053e+16
2.13555e+16
2.09846e+16
2.07101e+16
2.02403e+16
1.97692e+16
1.92204e+16
1.8935e+16
1.83764e+16
1.78004e+16
1.72877e+16
1.67918e+16
1.61606e+16
1.54263e+16
1.48507e+16
1.41968e+16
1.34258e+16
1.29517e+16
1.22887e+16
1.13211e+16
1.06054e+16
9.84228e+15
9.02826e+15
8.25058e+15
7.44286e+15
6.55486e+15
5.81482e+15
4.91313e+15
4.10095e+15
3.17311e+15
2.29507e+15
1.36463e+15
1.46162e+15
2.41449e+15
3.36578e+15
4.27208e+15
5.12119e+15
5.97733e+15
6.90281e+15
7.78353e+15
8.51707e+15
9.49082e+15
1.02575e+16
1.09418e+16
1.17573e+16
1.24813e+16
1.31621e+16
1.39374e+16
1.45901e+16
1.51806e+16
1.59703e+16
1.65916e+16
1.71826e+16
1.7746e+16
1.83581e+16
1.90915e+16
1.94242e+16
1.97879e+16
2.04414e+16
2.07378e+16
2.10553e+16
2.14468e+16
2.17648e+16
2.20153e+16
2.24368e+16
2.26068e+16
2.29638e+16
2.31176e+16
2.33625e+16
2.33679e+16
2.33865e+16
2.36166e+16
2.3592e+16
2.34035e+16
2.34279e+16
2.33219e+16
2.30399e+16
2.28411e+16
2.27198e+16
2.24282e+16
2.23132e+16
2.19001e+16
2.16925e+16
2.11674e+16
2.07372e+16
2.04054e+16
1.99645e+16
1.92763e+16
1.89255e+16
1.83982e+16
1.78428e+16
1.7311e+16
1.6526e+16
1.59079e+16
1.53646e+16
1.46373e+16
1.40208e+16
1.32431e+16
1.23363e+16
1.17084e+16
1.08527e+16
1.00339e+16
9.25009e+15
8.54273e+15
7.65943e+15
6.866e+15
6.05338e+15
5.03056e+15
4.23492e+15
3.35524e+15
2.41645e+15
1.41451e+15
1.48795e+15
2.49276e+15
3.52552e+15
4.3724e+15
5.30347e+15
6.25575e+15
7.09506e+15
8.09307e+15
8.85588e+15
9.64559e+15
1.05261e+16
1.12988e+16
1.22017e+16
1.27479e+16
1.35691e+16
1.43657e+16
1.49988e+16
1.57134e+16
1.63953e+16
1.70256e+16
1.76769e+16
1.82515e+16
1.90371e+16
1.94507e+16
1.99169e+16
2.04608e+16
2.11034e+16
2.13157e+16
2.1589e+16
2.22426e+16
2.24774e+16
2.27907e+16
2.3058e+16
2.33238e+16
2.36037e+16
2.39506e+16
2.40586e+16
2.403e+16
2.40225e+16
2.39391e+16
2.41149e+16
2.41741e+16
2.4038e+16
2.38083e+16
2.36493e+16
2.34802e+16
2.33008e+16
2.31857e+16
2.2774e+16
2.24608e+16
2.20123e+16
2.17408e+16
2.13011e+16
2.08678e+16
2.05148e+16
2.0008e+16
1.93773e+16
1.87933e+16
1.82519e+16
1.76024e+16
1.70425e+16
1.64079e+16
1.57896e+16
1.51706e+16
1.4335e+16
1.36204e+16
1.27598e+16
1.20168e+16
1.10477e+16
1.02525e+16
9.41524e+15
8.72811e+15
7.9429e+15
7.03988e+15
6.14088e+15
5.21504e+15
4.38017e+15
3.42184e+15
2.45198e+15
1.45994e+15
1.50978e+15
2.59668e+15
3.56738e+15
4.54566e+15
5.47972e+15
6.3242e+15
7.23491e+15
8.22059e+15
9.04096e+15
9.87413e+15
1.07292e+16
1.17257e+16
1.2429e+16
1.31974e+16
1.40291e+16
1.47142e+16
1.54046e+16
1.61008e+16
1.68016e+16
1.75263e+16
1.79983e+16
1.87634e+16
1.92396e+16
1.99773e+16
2.04329e+16
2.08409e+16
2.14624e+16
2.18494e+16
2.23703e+16
2.27821e+16
2.32214e+16
2.33816e+16
2.35878e+16
2.41483e+16
2.416e+16
2.44191e+16
2.44902e+16
2.45968e+16
2.4658e+16
2.4463e+16
2.46999e+16
2.45079e+16
2.45169e+16
2.44597e+16
2.43373e+16
2.41755e+16
2.37819e+16
2.35107e+16
2.34098e+16
2.30525e+16
2.28046e+16
2.23023e+16
2.19132e+16
2.14178e+16
2.10117e+16
2.04346e+16
1.97481e+16
1.91809e+16
1.87293e+16
1.80896e+16
1.74921e+16
1.66582e+16
1.60891e+16
1.55761e+16
1.4639e+16
1.38818e+16
1.33446e+16
1.22887e+16
1.13032e+16
1.06371e+16
9.68895e+15
8.97173e+15
8.09855e+15
7.28897e+15
6.3878e+15
5.32149e+15
4.4998e+15
3.47938e+15
2.52852e+15
1.51602e+15
1.54557e+15
2.61154e+15
3.57594e+15
4.59077e+15
5.49232e+15
6.45197e+15
7.45324e+15
8.37928e+15
9.28039e+15
1.00784e+16
1.09016e+16
1.18395e+16
1.26739e+16
1.35158e+16
1.44201e+16
1.50473e+16
1.58472e+16
1.65609e+16
1.72438e+16
1.7998e+16
1.86075e+16
1.90956e+16
1.96273e+16
2.03502e+16
2.07886e+16
2.11819e+16
2.18086e+16
2.22593e+16
2.30354e+16
2.31545e+16
2.3472e+16
2.3792e+16
2.42031e+16
2.44425e+16
2.46189e+16
2.48421e+16
2.4923e+16
2.51731e+16
2.52808e+16
2.54027e+16
2.53993e+16
2.51229e+16
2.51207e+16
2.49702e+16
2.47766e+16
2.46782e+16
2.43441e+16
2.39584e+16
2.36721e+16
2.35716e+16
2.31924e+16
2.27227e+16
2.24801e+16
2.19425e+16
2.14814e+16
2.07334e+16
2.01457e+16
1.98131e+16
1.89902e+16
1.84916e+16
1.79243e+16
1.71227e+16
1.65641e+16
1.57704e+16
1.49726e+16
1.43011e+16
1.33149e+16
1.25852e+16
1.16202e+16
1.09056e+16
9.99179e+15
9.10451e+15
8.32544e+15
7.43207e+15
6.46292e+15
5.43553e+15
4.489e+15
3.54191e+15
2.64777e+15
1.51363e+15
1.55064e+15
2.6196e+15
3.63617e+15
4.66169e+15
5.59872e+15
6.54681e+15
7.56676e+15
8.54608e+15
9.4078e+15
1.02767e+16
1.13008e+16
1.19906e+16
1.28969e+16
1.39299e+16
1.45308e+16
1.55184e+16
1.62018e+16
1.68612e+16
1.76401e+16
1.83366e+16
1.88037e+16
1.95837e+16
2.03341e+16
2.06924e+16
2.14595e+16
2.18974e+16
2.25148e+16
2.29317e+16
2.34292e+16
2.38605e+16
2.41708e+16
2.44823e+16
2.48094e+16
2.50792e+16
2.52152e+16
2.54661e+16
2.55197e+16
2.56762e+16
2.56623e+16
2.59055e+16
2.58813e+16
2.5595e+16
2.56249e+16
2.53892e+16
2.52201e+16
2.49987e+16
2.49001e+16
2.45948e+16
2.41424e+16
2.41517e+16
2.36584e+16
2.33291e+16
2.28836e+16
2.24873e+16
2.18463e+16
2.11627e+16
2.07292e+16
2.01161e+16
1.95023e+16
1.88671e+16
1.80911e+16
1.73532e+16
1.66951e+16
1.58013e+16
1.51559e+16
1.4587e+16
1.36428e+16
1.28056e+16
1.21549e+16
1.11722e+16
1.01888e+16
9.3378e+15
8.39962e+15
7.65091e+15
6.55052e+15
5.57946e+15
4.62087e+15
3.66111e+15
2.66419e+15
1.5606e+15
1.59435e+15
2.6452e+15
3.67994e+15
4.76409e+15
5.65328e+15
6.66596e+15
7.76433e+15
8.74763e+15
9.68746e+15
1.064e+16
1.1398e+16
1.24611e+16
1.33449e+16
1.42047e+16
1.49071e+16
1.58773e+16
1.65337e+16
1.73226e+16
1.80559e+16
1.86142e+16
1.93795e+16
1.99823e+16
2.06954e+16
2.12209e+16
2.18473e+16
2.24289e+16
2.28836e+16
2.33214e+16
2.39118e+16
2.44063e+16
2.46712e+16
2.47884e+16
2.53242e+16
2.54792e+16
2.55677e+16
2.59702e+16
2.59509e+16
2.60738e+16
2.60643e+16
2.62576e+16
2.62067e+16
2.62532e+16
2.5986e+16
2.60435e+16
2.58409e+16
2.54398e+16
2.54048e+16
2.52274e+16
2.49335e+16
2.45135e+16
2.44475e+16
2.38339e+16
2.33964e+16
2.28361e+16
2.23662e+16
2.18434e+16
2.12615e+16
2.05438e+16
1.98744e+16
1.93278e+16
1.86974e+16
1.78712e+16
1.71101e+16
1.62802e+16
1.55524e+16
1.47684e+16
1.38625e+16
1.3161e+16
1.22145e+16
1.1333e+16
1.03302e+16
9.58488e+15
8.59239e+15
7.63413e+15
6.63663e+15
5.63873e+15
4.66193e+15
3.74178e+15
2.67723e+15
1.65868e+15
1.61748e+15
2.74261e+15
3.79707e+15
4.8967e+15
5.79252e+15
6.85841e+15
7.81213e+15
8.77442e+15
9.86639e+15
1.07513e+16
1.16856e+16
1.27138e+16
1.34248e+16
1.45441e+16
1.51111e+16
1.61173e+16
1.67221e+16
1.75221e+16
1.82099e+16
1.91396e+16
1.9748e+16
2.04662e+16
2.10411e+16
2.15887e+16
2.22707e+16
2.27662e+16
2.332e+16
2.37422e+16
2.41899e+16
2.46011e+16
2.51604e+16
2.53628e+16
2.57783e+16
2.60442e+16
2.61095e+16
2.64302e+16
2.65402e+16
2.65268e+16
2.65024e+16
2.65677e+16
2.66513e+16
2.67431e+16
2.66268e+16
2.65648e+16
2.62219e+16
2.60828e+16
2.57889e+16
2.56763e+16
2.51606e+16
2.50351e+16
2.46874e+16
2.43063e+16
2.37237e+16
2.31447e+16
2.2881e+16
2.222e+16
2.1678e+16
2.10983e+16
2.02104e+16
1.96632e+16
1.89001e+16
1.81479e+16
1.76195e+16
1.68082e+16
1.58508e+16
1.50347e+16
1.41845e+16
1.32933e+16
1.23473e+16
1.14314e+16
1.05115e+16
9.76897e+15
8.75723e+15
7.75633e+15
6.7421e+15
5.81683e+15
4.70642e+15
3.75163e+15
2.77163e+15
1.63705e+15
1.65158e+15
2.82473e+15
3.75251e+15
4.89773e+15
5.94011e+15
6.88655e+15
7.91507e+15
9.03905e+15
1.00303e+16
1.09257e+16
1.18603e+16
1.28987e+16
1.36491e+16
1.46191e+16
1.55035e+16
1.63783e+16
1.70819e+16
1.78023e+16
1.86519e+16
1.94216e+16
2.02441e+16
2.09352e+16
2.14136e+16
2.20288e+16
2.25121e+16
2.32542e+16
2.37381e+16
2.41784e+16
2.47252e+16
2.51496e+16
2.55862e+16
2.58807e+16
2.60286e+16
2.64274e+16
2.65483e+16
2.66247e+16
2.69508e+16
2.69885e+16
2.71003e+16
2.70358e+16
2.70955e+16
2.70242e+16
2.71114e+16
2.6789e+16
2.68733e+16
2.65759e+16
2.63158e+16
2.61267e+16
2.58829e+16
2.54469e+16
2.50312e+16
2.46491e+16
2.42359e+16
2.36061e+16
2.31425e+16
2.25047e+16
2.20498e+16
2.12922e+16
2.06983e+16
1.98744e+16
1.91642e+16
1.8636e+16
1.77229e+16
1.70095e+16
1.60092e+16
1.53242e+16
1.44644e+16
1.34319e+16
1.25903e+16
1.17156e+16
1.08499e+16
9.93557e+15
8.95769e+15
7.91605e+15
6.89465e+15
5.94579e+15
4.86251e+15
3.79613e+15
2.79195e+15
1.68431e+15
1.71102e+15
2.84927e+15
3.92071e+15
4.9255e+15
5.95885e+15
7.09351e+15
8.06143e+15
9.17384e+15
1.00288e+16
1.10895e+16
1.21316e+16
1.29474e+16
1.38471e+16
1.49251e+16
1.57205e+16
1.64732e+16
1.74644e+16
1.81377e+16
1.88401e+16
1.98259e+16
2.04555e+16
2.11618e+16
2.1831e+16
2.23664e+16
2.30245e+16
2.35615e+16
2.41246e+16
2.46993e+16
2.51516e+16
2.54583e+16
2.58115e+16
2.62988e+16
2.64436e+16
2.67299e+16
2.72022e+16
2.72921e+16
2.71791e+16
2.74254e+16
2.75714e+16
2.76322e+16
2.76383e+16
2.7551e+16
2.7525e+16
2.74482e+16
2.70425e+16
2.69663e+16
2.67445e+16
2.65428e+16
2.62172e+16
2.59634e+16
2.55427e+16
2.50055e+16
2.45514e+16
2.40754e+16
2.34334e+16
2.29034e+16
2.23794e+16
2.17159e+16
2.09505e+16
2.02352e+16
1.95783e+16
1.88674e+16
1.80559e+16
1.72667e+16
1.63018e+16
1.56715e+16
1.47118e+16
1.38121e+16
1.29209e+16
1.19444e+16
1.10231e+16
1.01011e+16
9.08319e+15
8.12911e+15
7.04524e+15
6.10949e+15
5.0092e+15
3.87492e+15
2.87172e+15
1.71748e+15
1.76916e+15
2.90687e+15
4.01847e+15
5.02633e+15
6.09695e+15
7.1104e+15
8.19911e+15
9.21891e+15
1.01389e+16
1.1237e+16
1.22496e+16
1.32793e+16
1.4224e+16
1.51474e+16
1.596e+16
1.66842e+16
1.76741e+16
1.84797e+16
1.93564e+16
2.00431e+16
2.07271e+16
2.1371e+16
2.19529e+16
2.28088e+16
2.33125e+16
2.39144e+16
2.44937e+16
2.49957e+16
2.53999e+16
2.57295e+16
2.63691e+16
2.65523e+16
2.69229e+16
2.71616e+16
2.74183e+16
2.77878e+16
2.76569e+16
2.77232e+16
2.80153e+16
2.79109e+16
2.808e+16
2.82022e+16
2.78525e+16
2.77835e+16
2.77403e+16
2.74894e+16
2.72103e+16
2.69331e+16
2.65669e+16
2.6149e+16
2.58176e+16
2.53753e+16
2.48549e+16
2.44628e+16
2.38594e+16
2.33629e+16
2.26606e+16
2.19018e+16
2.12611e+16
2.05924e+16
1.97614e+16
1.92227e+16
1.83168e+16
1.75853e+16
1.66512e+16
1.57862e+16
1.48704e+16
1.39326e+16
1.30091e+16
1.21856e+16
1.12091e+16
1.02328e+16
9.23749e+15
8.33974e+15
7.15593e+15
6.17795e+15
5.04073e+15
3.99674e+15
2.86385e+15
1.72707e+15
1.71986e+15
2.90342e+15
4.05562e+15
5.1209e+15
6.20092e+15
7.25778e+15
8.31134e+15
9.27425e+15
1.02917e+16
1.1444e+16
1.22935e+16
1.33266e+16
1.43226e+16
1.51714e+16
1.62002e+16
1.69154e+16
1.77877e+16
1.86965e+16
1.98522e+16
2.03749e+16
2.10762e+16
2.17193e+16
2.22731e+16
2.31404e+16
2.36896e+16
2.42771e+16
2.47429e+16
2.52644e+16
2.58813e+16
2.59426e+16
2.64944e+16
2.68722e+16
2.73692e+16
2.75983e+16
2.78323e+16
2.80432e+16
2.81571e+16
2.82651e+16
2.85322e+16
2.8468e+16
2.86168e+16
2.83218e+16
2.82562e+16
2.80927e+16
2.80345e+16
2.78316e+16
2.76535e+16
2.7189e+16
2.67554e+16
2.65797e+16
2.62051e+16
2.54981e+16
2.51605e+16
2.46753e+16
2.42449e+16
2.33704e+16
2.28779e+16
2.2342e+16
2.17786e+16
2.09401e+16
2.00902e+16
1.93292e+16
1.84522e+16
1.77038e+16
1.69024e+16
1.59376e+16
1.49518e+16
1.41751e+16
1.32501e+16
1.22128e+16
1.14402e+16
1.03366e+16
9.33481e+15
8.41191e+15
7.29707e+15
6.22007e+15
5.15839e+15
3.98985e+15
2.89619e+15
1.77865e+15
1.78e+15
2.94554e+15
4.05322e+15
5.22093e+15
6.19849e+15
7.32154e+15
8.40577e+15
9.4379e+15
1.05034e+16
1.14231e+16
1.24569e+16
1.35919e+16
1.44589e+16
1.54258e+16
1.63476e+16
1.72144e+16
1.8094e+16
1.90747e+16
1.97708e+16
2.07349e+16
2.12926e+16
2.22126e+16
2.26493e+16
2.33514e+16
2.40507e+16
2.45966e+16
2.49952e+16
2.55387e+16
2.5738e+16
2.6477e+16
2.67112e+16
2.74e+16
2.76139e+16
2.77614e+16
2.83423e+16
2.83728e+16
2.84627e+16
2.86857e+16
2.90017e+16
2.86956e+16
2.89702e+16
2.8601e+16
2.86373e+16
2.84965e+16
2.83306e+16
2.80772e+16
2.78021e+16
2.75163e+16
2.71775e+16
2.66834e+16
2.63398e+16
2.57949e+16
2.55085e+16
2.4947e+16
2.44583e+16
2.37316e+16
2.3298e+16
2.25011e+16
2.19059e+16
2.10455e+16
2.02656e+16
1.94377e+16
1.8753e+16
1.79658e+16
1.69906e+16
1.62289e+16
1.52864e+16
1.43623e+16
1.32812e+16
1.24559e+16
1.14916e+16
1.04017e+16
9.38607e+15
8.28362e+15
7.39727e+15
6.28223e+15
5.24369e+15
4.07671e+15
2.94454e+15
1.78193e+15
1.77194e+15
2.97293e+15
4.18254e+15
5.23868e+15
6.29844e+15
7.44172e+15
8.45909e+15
9.52675e+15
1.06027e+16
1.15785e+16
1.25471e+16
1.35865e+16
1.46333e+16
1.56262e+16
1.64679e+16
1.73832e+16
1.81699e+16
1.89844e+16
1.98998e+16
2.09495e+16
2.15241e+16
2.235e+16
2.2968e+16
2.36277e+16
2.40599e+16
2.45392e+16
2.53283e+16
2.57755e+16
2.62578e+16
2.6637e+16
2.72631e+16
2.74957e+16
2.78761e+16
2.82178e+16
2.82678e+16
2.84954e+16
2.87639e+16
2.89647e+16
2.90781e+16
2.90885e+16
2.89642e+16
2.90314e+16
2.89816e+16
2.90437e+16
2.86292e+16
2.8336e+16
2.82148e+16
2.79826e+16
2.75037e+16
2.7056e+16
2.68189e+16
2.62339e+16
2.56306e+16
2.51331e+16
2.47552e+16
2.39502e+16
2.33099e+16
2.25595e+16
2.18853e+16
2.12072e+16
2.0579e+16
1.97983e+16
1.88269e+16
1.81458e+16
1.72533e+16
1.63164e+16
1.54383e+16
1.45408e+16
1.35722e+16
1.24484e+16
1.15922e+16
1.0531e+16
9.48127e+15
8.51191e+15
7.36547e+15
6.38863e+15
5.19202e+15
4.07418e+15
2.98187e+15
1.77301e+15
1.8113e+15
3.07049e+15
4.16163e+15
5.31839e+15
6.38992e+15
7.43336e+15
8.57339e+15
9.48741e+15
1.05384e+16
1.1583e+16
1.27033e+16
1.36478e+16
1.47942e+16
1.58446e+16
1.65882e+16
1.74509e+16
1.8477e+16
1.92658e+16
2.02162e+16
2.07646e+16
2.16771e+16
2.2449e+16
2.30046e+16
2.37195e+16
2.42259e+16
2.49136e+16
2.55051e+16
2.61623e+16
2.65414e+16
2.66132e+16
2.74635e+16
2.77672e+16
2.8153e+16
2.853e+16
2.85628e+16
2.87065e+16
2.90093e+16
2.92814e+16
2.92219e+16
2.92252e+16
2.9245e+16
2.91635e+16
2.93366e+16
2.91267e+16
2.88886e+16
2.86788e+16
2.84534e+16
2.82228e+16
2.76402e+16
2.75462e+16
2.69602e+16
2.65351e+16
2.59002e+16
2.54218e+16
2.49019e+16
2.42558e+16
2.35632e+16
2.29741e+16
2.20294e+16
2.15617e+16
2.06498e+16
1.99634e+16
1.91233e+16
1.82611e+16
1.7456e+16
1.66043e+16
1.55319e+16
1.47532e+16
1.36202e+16
1.2776e+16
1.17075e+16
1.06508e+16
9.61828e+15
8.4832e+15
7.49665e+15
6.35326e+15
5.25304e+15
4.19125e+15
3.0243e+15
1.76951e+15
1.85839e+15
3.08704e+15
4.2097e+15
5.29795e+15
6.47102e+15
7.5394e+15
8.61335e+15
9.67822e+15
1.08476e+16
1.18219e+16
1.27452e+16
1.37764e+16
1.47611e+16
1.57853e+16
1.67964e+16
1.75932e+16
1.85284e+16
1.94532e+16
2.03837e+16
2.09468e+16
2.19025e+16
2.25018e+16
2.31807e+16
2.40058e+16
2.46731e+16
2.52025e+16
2.55666e+16
2.62024e+16
2.67541e+16
2.70111e+16
2.7483e+16
2.81224e+16
2.82337e+16
2.87258e+16
2.8873e+16
2.91235e+16
2.93732e+16
2.95103e+16
2.95255e+16
2.95933e+16
2.95504e+16
2.94089e+16
2.92689e+16
2.91832e+16
2.91462e+16
2.88693e+16
2.8762e+16
2.82481e+16
2.78213e+16
2.75806e+16
2.72695e+16
2.67627e+16
2.62405e+16
2.55219e+16
2.52037e+16
2.45837e+16
2.37842e+16
2.31244e+16
2.23092e+16
2.15781e+16
2.09498e+16
1.99748e+16
1.93147e+16
1.82438e+16
1.75099e+16
1.6642e+16
1.57398e+16
1.47784e+16
1.37711e+16
1.28509e+16
1.17621e+16
1.07692e+16
9.66928e+15
8.55238e+15
7.50873e+15
6.4735e+15
5.3425e+15
4.24143e+15
3.01761e+15
1.84664e+15
1.84919e+15
3.08198e+15
4.313e+15
5.4251e+15
6.46023e+15
7.61183e+15
8.67835e+15
9.75756e+15
1.08805e+16
1.18381e+16
1.28389e+16
1.39772e+16
1.48728e+16
1.58581e+16
1.68863e+16
1.78663e+16
1.87721e+16
1.96046e+16
2.01631e+16
2.11241e+16
2.18782e+16
2.25688e+16
2.32501e+16
2.40821e+16
2.4716e+16
2.52563e+16
2.59284e+16
2.6398e+16
2.7022e+16
2.71033e+16
2.77129e+16
2.83515e+16
2.861e+16
2.90203e+16
2.91255e+16
2.9306e+16
2.94528e+16
2.973e+16
2.98323e+16
2.98481e+16
2.96559e+16
2.96796e+16
2.94259e+16
2.9235e+16
2.93071e+16
2.90111e+16
2.87576e+16
2.84298e+16
2.80892e+16
2.77396e+16
2.72926e+16
2.68569e+16
2.62579e+16
2.57812e+16
2.53243e+16
2.45162e+16
2.39274e+16
2.3116e+16
2.25113e+16
2.18399e+16
2.09262e+16
2.03129e+16
1.93011e+16
1.85358e+16
1.75159e+16
1.66892e+16
1.59738e+16
1.49146e+16
1.38103e+16
1.28002e+16
1.18431e+16
1.08873e+16
9.79447e+15
8.58026e+15
7.48271e+15
6.52115e+15
5.38958e+15
4.23723e+15
3.08083e+15
1.83141e+15
1.86927e+15
3.05379e+15
4.28248e+15
5.38628e+15
6.60969e+15
7.63165e+15
8.74974e+15
9.93469e+15
1.08373e+16
1.19959e+16
1.30524e+16
1.41452e+16
1.50255e+16
1.59945e+16
1.68028e+16
1.7899e+16
1.87737e+16
1.97793e+16
2.03616e+16
2.12598e+16
2.1914e+16
2.26716e+16
2.35422e+16
2.42268e+16
2.4856e+16
2.52492e+16
2.58382e+16
2.64959e+16
2.70433e+16
2.7482e+16
2.80035e+16
2.83273e+16
2.86565e+16
2.89314e+16
2.92119e+16
2.9319e+16
2.9581e+16
2.98234e+16
2.99544e+16
2.98275e+16
2.98526e+16
2.96258e+16
2.95948e+16
2.92977e+16
2.92902e+16
2.91083e+16
2.8856e+16
2.85381e+16
2.79848e+16
2.77955e+16
2.73044e+16
2.68481e+16
2.63676e+16
2.58207e+16
2.51979e+16
2.46835e+16
2.39053e+16
2.32557e+16
2.26743e+16
2.19788e+16
2.1101e+16
2.02533e+16
1.9429e+16
1.85129e+16
1.76935e+16
1.68186e+16
1.58441e+16
1.48214e+16
1.39685e+16
1.27652e+16
1.18707e+16
1.08104e+16
9.83758e+15
8.78521e+15
7.56356e+15
6.51965e+15
5.38437e+15
4.20488e+15
3.09195e+15
1.81742e+15
1.86094e+15
3.06653e+15
4.26297e+15
5.46346e+15
6.53834e+15
7.70713e+15
8.75971e+15
9.89788e+15
1.08896e+16
1.20818e+16
1.30411e+16
1.39303e+16
1.49362e+16
1.59171e+16
1.67594e+16
1.79247e+16
1.87942e+16
1.96101e+16
2.04548e+16
2.1336e+16
2.22299e+16
2.27398e+16
2.35388e+16
2.42414e+16
2.4897e+16
2.5397e+16
2.60055e+16
2.66045e+16
2.7029e+16
2.7575e+16
2.79208e+16
2.83828e+16
2.88339e+16
2.91889e+16
2.92466e+16
2.95553e+16
2.96108e+16
2.97338e+16
2.99235e+16
2.98664e+16
2.99909e+16
2.98451e+16
2.97727e+16
2.96363e+16
2.93459e+16
2.91472e+16
2.91474e+16
2.87635e+16
2.81427e+16
2.79437e+16
2.75873e+16
2.7086e+16
2.6529e+16
2.5957e+16
2.52354e+16
2.47483e+16
2.41037e+16
2.32889e+16
2.26458e+16
2.20001e+16
2.12868e+16
2.02347e+16
1.95932e+16
1.8497e+16
1.77789e+16
1.69361e+16
1.58959e+16
1.49906e+16
1.39988e+16
1.28753e+16
1.1908e+16
1.08924e+16
9.78286e+15
8.804e+15
7.66727e+15
6.52781e+15
5.45799e+15
4.2603e+15
3.09348e+15
1.85009e+15
1.86417e+15
3.16008e+15
4.24023e+15
5.45463e+15
6.6387e+15
7.76484e+15
8.7866e+15
9.89267e+15
1.10045e+16
1.20508e+16
1.30224e+16
1.40744e+16
1.51286e+16
1.59118e+16
1.68732e+16
1.79245e+16
1.87645e+16
1.9641e+16
2.05143e+16
2.12862e+16
2.20716e+16
2.2834e+16
2.34468e+16
2.42014e+16
2.48066e+16
2.54432e+16
2.60541e+16
2.65728e+16
2.72171e+16
2.75552e+16
2.78149e+16
2.8492e+16
2.88951e+16
2.89305e+16
2.91913e+16
2.95242e+16
2.97402e+16
2.97827e+16
3.00222e+16
2.98606e+16
2.99345e+16
2.99414e+16
2.97566e+16
2.96983e+16
2.93651e+16
2.93405e+16
2.90608e+16
2.85336e+16
2.8286e+16
2.77735e+16
2.75158e+16
2.7003e+16
2.641e+16
2.60036e+16
2.53849e+16
2.47252e+16
2.39832e+16
2.34224e+16
2.26698e+16
2.1967e+16
2.10503e+16
2.03233e+16
1.94482e+16
1.8654e+16
1.77185e+16
1.68095e+16
1.5795e+16
1.50048e+16
1.40381e+16
1.2851e+16
1.18611e+16
1.08905e+16
9.82757e+15
8.69208e+15
7.61947e+15
6.48579e+15
5.42495e+15
4.21398e+15
3.08869e+15
1.79731e+15
1.87895e+15
3.04792e+15
4.24142e+15
5.39944e+15
6.54768e+15
7.67156e+15
8.74504e+15
9.92638e+15
1.1016e+16
1.20402e+16
1.30304e+16
1.40198e+16
1.50864e+16
1.59903e+16
1.68934e+16
1.78046e+16
1.85779e+16
1.94261e+16
2.03152e+16
2.11255e+16
2.19148e+16
2.27764e+16
2.3453e+16
2.41793e+16
2.48535e+16
2.55368e+16
2.60693e+16
2.67849e+16
2.72594e+16
2.77327e+16
2.80856e+16
2.85803e+16
2.87715e+16
2.92012e+16
2.91113e+16
2.93026e+16
2.95886e+16
2.98072e+16
2.98997e+16
2.99756e+16
2.98909e+16
2.98315e+16
2.96421e+16
2.9641e+16
2.93782e+16
2.9103e+16
2.90227e+16
2.86758e+16
2.82909e+16
2.79785e+16
2.73962e+16
2.7034e+16
2.64914e+16
2.59561e+16
2.53232e+16
2.48698e+16
2.41565e+16
2.34949e+16
2.26137e+16
2.19005e+16
2.11579e+16
2.03824e+16
1.94817e+16
1.87251e+16
1.77677e+16
1.69283e+16
1.60095e+16
1.49419e+16
1.39328e+16
1.30502e+16
1.19599e+16
1.0817e+16
9.90227e+15
8.78707e+15
7.68286e+15
6.5387e+15
5.36671e+15
4.17918e+15
3.10605e+15
1.7766e+15
1.86541e+15
3.07593e+15
4.26206e+15
5.35732e+15
6.5227e+15
7.68333e+15
8.67323e+15
9.83665e+15
1.0936e+16
1.20994e+16
1.30244e+16
1.40008e+16
1.48717e+16
1.59211e+16
1.69847e+16
1.77879e+16
1.85792e+16
1.95517e+16
2.02227e+16
2.108e+16
2.21424e+16
2.26296e+16
2.35348e+16
2.41532e+16
2.47749e+16
2.54902e+16
2.60485e+16
2.66184e+16
2.71699e+16
2.75168e+16
2.79675e+16
2.8178e+16
2.86689e+16
2.91443e+16
2.93585e+16
2.95311e+16
2.96161e+16
2.96563e+16
2.96838e+16
2.98632e+16
2.98643e+16
2.97408e+16
2.96913e+16
2.94186e+16
2.91876e+16
2.91534e+16
2.895e+16
2.85396e+16
2.80785e+16
2.78462e+16
2.75598e+16
2.71053e+16
2.64501e+16
2.59669e+16
2.53444e+16
2.47919e+16
2.40573e+16
2.33254e+16
2.25036e+16
2.18926e+16
2.11806e+16
2.02503e+16
1.95106e+16
1.86202e+16
1.77846e+16
1.68335e+16
1.59237e+16
1.49168e+16
1.38628e+16
1.30365e+16
1.19588e+16
1.08033e+16
9.76484e+15
8.72909e+15
7.68849e+15
6.61108e+15
5.49128e+15
4.21746e+15
3.03498e+15
1.83291e+15
1.80525e+15
3.12059e+15
4.22695e+15
5.37781e+15
6.5687e+15
7.65638e+15
8.8025e+15
9.91156e+15
1.08898e+16
1.20485e+16
1.29753e+16
1.4053e+16
1.51407e+16
1.58766e+16
1.68978e+16
1.77596e+16
1.86758e+16
1.95043e+16
2.01592e+16
2.12428e+16
2.2067e+16
2.2886e+16
2.35715e+16
2.41317e+16
2.48004e+16
2.53876e+16
2.60033e+16
2.62899e+16
2.69174e+16
2.7406e+16
2.80965e+16
2.82839e+16
2.85633e+16
2.90406e+16
2.91343e+16
2.95808e+16
2.9719e+16
2.97231e+16
2.97869e+16
2.98398e+16
2.97395e+16
2.98026e+16
2.95166e+16
2.95159e+16
2.93956e+16
2.91672e+16
2.88566e+16
2.85853e+16
2.79278e+16
2.7843e+16
2.74153e+16
2.68954e+16
2.63426e+16
2.57685e+16
2.5202e+16
2.46441e+16
2.38213e+16
2.32822e+16
2.26337e+16
2.19268e+16
2.11758e+16
2.0244e+16
1.94201e+16
1.84109e+16
1.76064e+16
1.68078e+16
1.5847e+16
1.48608e+16
1.4053e+16
1.28459e+16
1.19384e+16
1.08704e+16
9.85286e+15
8.72982e+15
7.69856e+15
6.51681e+15
5.43961e+15
4.23752e+15
3.05745e+15
1.89805e+15
1.88034e+15
3.10959e+15
4.25814e+15
5.36594e+15
6.47278e+15
7.60383e+15
8.71686e+15
9.71131e+15
1.08184e+16
1.18437e+16
1.29749e+16
1.3973e+16
1.49324e+16
1.59933e+16
1.67972e+16
1.77388e+16
1.84953e+16
1.93577e+16
2.02783e+16
2.10986e+16
2.17742e+16
2.27231e+16
2.33594e+16
2.39219e+16
2.45359e+16
2.52452e+16
2.57558e+16
2.63414e+16
2.68426e+16
2.74445e+16
2.78117e+16
2.81043e+16
2.84181e+16
2.87957e+16
2.91341e+16
2.93815e+16
2.95128e+16
2.95464e+16
2.95601e+16
2.94688e+16
2.97991e+16
2.95464e+16
2.94336e+16
2.94455e+16
2.90872e+16
2.89572e+16
2.87908e+16
2.83353e+16
2.81278e+16
2.74564e+16
2.72133e+16
2.66403e+16
2.64452e+16
2.57714e+16
2.52672e+16
2.42719e+16
2.38576e+16
2.30731e+16
2.25411e+16
2.18305e+16
2.10971e+16
2.0161e+16
1.9223e+16
1.83965e+16
1.76654e+16
1.66669e+16
1.55739e+16
1.47754e+16
1.38921e+16
1.29053e+16
1.17912e+16
1.06262e+16
9.68797e+15
8.74597e+15
7.59985e+15
6.47902e+15
5.32701e+15
4.23485e+15
3.0642e+15
1.87179e+15
1.875e+15
3.07993e+15
4.23595e+15
5.33419e+15
6.45688e+15
7.5346e+15
8.59327e+15
9.71564e+15
1.06727e+16
1.17049e+16
1.27688e+16
1.37025e+16
1.48617e+16
1.58433e+16
1.66664e+16
1.76673e+16
1.85065e+16
1.94466e+16
2.0062e+16
2.08759e+16
2.17477e+16
2.23684e+16
2.31461e+16
2.38682e+16
2.44687e+16
2.50379e+16
2.57097e+16
2.62228e+16
2.66746e+16
2.71416e+16
2.77123e+16
2.80471e+16
2.82822e+16
2.84107e+16
2.88411e+16
2.90649e+16
2.92455e+16
2.95357e+16
2.95396e+16
2.93645e+16
2.94575e+16
2.92456e+16
2.92361e+16
2.92086e+16
2.91286e+16
2.88842e+16
2.8559e+16
2.81652e+16
2.77198e+16
2.7407e+16
2.7021e+16
2.63837e+16
2.59917e+16
2.55408e+16
2.5107e+16
2.41433e+16
2.37048e+16
2.29231e+16
2.2179e+16
2.16783e+16
2.09351e+16
2.01143e+16
1.90311e+16
1.83477e+16
1.73637e+16
1.66962e+16
1.57528e+16
1.47591e+16
1.38015e+16
1.27494e+16
1.16676e+16
1.07837e+16
9.75756e+15
8.65026e+15
7.57512e+15
6.45502e+15
5.33801e+15
4.20877e+15
3.08428e+15
1.80745e+15
1.87338e+15
3.03491e+15
4.16569e+15
5.30858e+15
6.44196e+15
7.441e+15
8.59038e+15
9.58142e+15
1.05289e+16
1.17328e+16
1.26427e+16
1.36886e+16
1.47362e+16
1.56063e+16
1.67346e+16
1.74237e+16
1.83554e+16
1.93882e+16
1.9981e+16
2.07905e+16
2.14482e+16
2.21023e+16
2.28128e+16
2.36882e+16
2.42704e+16
2.4919e+16
2.54504e+16
2.58794e+16
2.65642e+16
2.72376e+16
2.75278e+16
2.789e+16
2.82345e+16
2.83283e+16
2.85981e+16
2.8708e+16
2.8992e+16
2.90718e+16
2.90475e+16
2.90171e+16
2.9072e+16
2.90608e+16
2.9056e+16
2.89435e+16
2.89181e+16
2.8579e+16
2.8465e+16
2.8106e+16
2.74993e+16
2.71508e+16
2.67321e+16
2.61805e+16
2.58608e+16
2.51887e+16
2.47541e+16
2.41255e+16
2.35576e+16
2.27412e+16
2.22336e+16
2.14193e+16
2.06027e+16
1.99022e+16
1.90622e+16
1.82408e+16
1.73178e+16
1.64632e+16
1.54986e+16
1.46025e+16
1.37251e+16
1.27857e+16
1.16426e+16
1.06601e+16
9.56175e+15
8.56916e+15
7.58178e+15
6.41212e+15
5.3043e+15
4.25377e+15
3.03885e+15
1.79737e+15
1.80555e+15
3.0071e+15
4.12105e+15
5.25954e+15
6.38682e+15
7.41591e+15
8.54541e+15
9.61007e+15
1.05547e+16
1.15489e+16
1.25039e+16
1.35682e+16
1.46664e+16
1.541e+16
1.64894e+16
1.74077e+16
1.82276e+16
1.89704e+16
1.99227e+16
2.05617e+16
2.12596e+16
2.20968e+16
2.25904e+16
2.33519e+16
2.41036e+16
2.46305e+16
2.51695e+16
2.57626e+16
2.6171e+16
2.672e+16
2.72532e+16
2.75533e+16
2.79145e+16
2.81598e+16
2.83897e+16
2.86884e+16
2.8797e+16
2.89613e+16
2.88012e+16
2.88034e+16
2.88071e+16
2.89543e+16
2.87982e+16
2.86851e+16
2.84349e+16
2.81697e+16
2.79922e+16
2.76848e+16
2.71456e+16
2.69423e+16
2.64388e+16
2.59743e+16
2.56013e+16
2.516e+16
2.44685e+16
2.37506e+16
2.32087e+16
2.26698e+16
2.17857e+16
2.11861e+16
2.04274e+16
1.96624e+16
1.88497e+16
1.80334e+16
1.70969e+16
1.6287e+16
1.53846e+16
1.45182e+16
1.35828e+16
1.24693e+16
1.1673e+16
1.05546e+16
9.51627e+15
8.44696e+15
7.38251e+15
6.35306e+15
5.24276e+15
4.08876e+15
3.01916e+15
1.79128e+15
1.78175e+15
2.93747e+15
4.02643e+15
5.23368e+15
6.22322e+15
7.34018e+15
8.43752e+15
9.39056e+15
1.04081e+16
1.15248e+16
1.23772e+16
1.34155e+16
1.44544e+16
1.52588e+16
1.62135e+16
1.72044e+16
1.78718e+16
1.8804e+16
1.95348e+16
2.02148e+16
2.10719e+16
2.16793e+16
2.23944e+16
2.31277e+16
2.37062e+16
2.43233e+16
2.49977e+16
2.55115e+16
2.60949e+16
2.64467e+16
2.69417e+16
2.71541e+16
2.77788e+16
2.79564e+16
2.79978e+16
2.83981e+16
2.84062e+16
2.85214e+16
2.84404e+16
2.86168e+16
2.84726e+16
2.84667e+16
2.83817e+16
2.83547e+16
2.81969e+16
2.77202e+16
2.75528e+16
2.72231e+16
2.6948e+16
2.66626e+16
2.62677e+16
2.57517e+16
2.50755e+16
2.47405e+16
2.40808e+16
2.35487e+16
2.28474e+16
2.2492e+16
2.16622e+16
2.09956e+16
2.02495e+16
1.9327e+16
1.8565e+16
1.77924e+16
1.69092e+16
1.60843e+16
1.50711e+16
1.42145e+16
1.33143e+16
1.22456e+16
1.14729e+16
1.03897e+16
9.34229e+15
8.3115e+15
7.24689e+15
6.20433e+15
5.16455e+15
4.07034e+15
2.95958e+15
1.7857e+15
1.76369e+15
2.81834e+15
4.00775e+15
4.96035e+15
6.21496e+15
7.24369e+15
8.25084e+15
9.20285e+15
1.03176e+16
1.13094e+16
1.22292e+16
1.32416e+16
1.4143e+16
1.51004e+16
1.60396e+16
1.68759e+16
1.77288e+16
1.85576e+16
1.93641e+16
1.99651e+16
2.08406e+16
2.12258e+16
2.20782e+16
2.28797e+16
2.33876e+16
2.39617e+16
2.45271e+16
2.5079e+16
2.55667e+16
2.60643e+16
2.65304e+16
2.69113e+16
2.71626e+16
2.74285e+16
2.76093e+16
2.79896e+16
2.80023e+16
2.80295e+16
2.79517e+16
2.80792e+16
2.82123e+16
2.81825e+16
2.79631e+16
2.7888e+16
2.76646e+16
2.73458e+16
2.70957e+16
2.68585e+16
2.66784e+16
2.61176e+16
2.569e+16
2.53927e+16
2.48851e+16
2.43573e+16
2.37743e+16
2.33699e+16
2.27409e+16
2.21931e+16
2.14573e+16
2.06999e+16
1.97503e+16
1.91268e+16
1.84947e+16
1.7639e+16
1.68202e+16
1.59269e+16
1.49283e+16
1.3825e+16
1.32077e+16
1.2231e+16
1.13214e+16
1.0233e+16
9.18933e+15
8.23122e+15
7.15515e+15
6.14646e+15
5.09775e+15
3.95391e+15
2.87854e+15
1.77456e+15
1.68061e+15
2.83624e+15
3.9573e+15
5.02577e+15
6.17273e+15
7.09785e+15
8.02622e+15
9.1202e+15
1.00996e+16
1.1067e+16
1.20594e+16
1.28733e+16
1.40943e+16
1.49898e+16
1.56519e+16
1.65978e+16
1.73463e+16
1.84748e+16
1.90345e+16
1.97094e+16
2.03663e+16
2.1115e+16
2.17994e+16
2.24664e+16
2.31628e+16
2.35838e+16
2.41177e+16
2.45792e+16
2.50558e+16
2.55927e+16
2.61534e+16
2.62254e+16
2.64902e+16
2.69744e+16
2.71586e+16
2.72775e+16
2.74115e+16
2.77335e+16
2.76478e+16
2.75993e+16
2.76465e+16
2.76269e+16
2.73989e+16
2.74882e+16
2.72817e+16
2.71372e+16
2.67005e+16
2.63779e+16
2.60143e+16
2.57204e+16
2.52855e+16
2.50444e+16
2.45052e+16
2.39276e+16
2.34362e+16
2.28772e+16
2.235e+16
2.15439e+16
2.10376e+16
2.01955e+16
1.9536e+16
1.88687e+16
1.79671e+16
1.72407e+16
1.64835e+16
1.55966e+16
1.46777e+16
1.37997e+16
1.28783e+16
1.20024e+16
1.1076e+16
1.00664e+16
9.0025e+15
8.00289e+15
7.03038e+15
6.0828e+15
5.0145e+15
3.91406e+15
2.87436e+15
1.74055e+15
1.68084e+15
2.79066e+15
3.79152e+15
4.97463e+15
5.91848e+15
6.94902e+15
8.00082e+15
8.89569e+15
9.8698e+15
1.09262e+16
1.18092e+16
1.27436e+16
1.37416e+16
1.44903e+16
1.55838e+16
1.63039e+16
1.7086e+16
1.7937e+16
1.87263e+16
1.93757e+16
2.00709e+16
2.07309e+16
2.13097e+16
2.20601e+16
2.25898e+16
2.31972e+16
2.36788e+16
2.41904e+16
2.45852e+16
2.51467e+16
2.54706e+16
2.56969e+16
2.64548e+16
2.6482e+16
2.68037e+16
2.68814e+16
2.71131e+16
2.70352e+16
2.71509e+16
2.71855e+16
2.70339e+16
2.7112e+16
2.70067e+16
2.68896e+16
2.69923e+16
2.6272e+16
2.61608e+16
2.59333e+16
2.54993e+16
2.52121e+16
2.475e+16
2.42593e+16
2.40202e+16
2.34908e+16
2.29958e+16
2.25094e+16
2.1797e+16
2.10797e+16
2.06702e+16
1.98388e+16
1.92892e+16
1.87254e+16
1.78069e+16
1.6903e+16
1.62931e+16
1.53535e+16
1.45433e+16
1.35694e+16
1.26564e+16
1.18363e+16
1.07884e+16
9.88332e+15
8.86079e+15
7.89045e+15
6.87251e+15
5.92091e+15
4.93484e+15
3.93359e+15
2.84095e+15
1.66621e+15
1.63253e+15
2.7221e+15
3.7936e+15
4.75604e+15
5.8206e+15
6.72285e+15
7.72401e+15
8.77375e+15
9.61714e+15
1.05973e+16
1.14639e+16
1.23858e+16
1.33245e+16
1.42302e+16
1.49711e+16
1.61027e+16
1.68499e+16
1.77301e+16
1.82866e+16
1.88671e+16
1.94224e+16
2.01316e+16
2.08718e+16
2.14222e+16
2.19892e+16
2.26513e+16
2.32772e+16
2.35471e+16
2.40991e+16
2.45711e+16
2.5e+16
2.55708e+16
2.57714e+16
2.58186e+16
2.62433e+16
2.62344e+16
2.64411e+16
2.65591e+16
2.66108e+16
2.67863e+16
2.67021e+16
2.64985e+16
2.63541e+16
2.60568e+16
2.60819e+16
2.59214e+16
2.54807e+16
2.53871e+16
2.50387e+16
2.48025e+16
2.44766e+16
2.39078e+16
2.34991e+16
2.31503e+16
2.2492e+16
2.20443e+16
2.15265e+16
2.08919e+16
2.01914e+16
1.93892e+16
1.87354e+16
1.80428e+16
1.73558e+16
1.65393e+16
1.58331e+16
1.50179e+16
1.41468e+16
1.33433e+16
1.25028e+16
1.15404e+16
1.05943e+16
9.60455e+15
8.72625e+15
7.75411e+15
6.76275e+15
5.82731e+15
4.83564e+15
3.77683e+15
2.7271e+15
1.64044e+15
1.60843e+15
2.63413e+15
3.67008e+15
4.65544e+15
5.61451e+15
6.57949e+15
7.57027e+15
8.50344e+15
9.36155e+15
1.03134e+16
1.13e+16
1.21023e+16
1.29842e+16
1.38631e+16
1.47088e+16
1.55761e+16
1.62174e+16
1.71709e+16
1.78733e+16
1.84636e+16
1.91101e+16
1.97594e+16
2.03475e+16
2.09098e+16
2.14639e+16
2.21975e+16
2.24816e+16
2.30095e+16
2.35855e+16
2.39806e+16
2.44597e+16
2.46785e+16
2.50297e+16
2.52933e+16
2.5637e+16
2.57438e+16
2.5955e+16
2.59523e+16
2.61611e+16
2.59418e+16
2.59183e+16
2.59985e+16
2.55957e+16
2.5553e+16
2.54358e+16
2.52519e+16
2.51655e+16
2.47989e+16
2.45647e+16
2.43141e+16
2.37092e+16
2.31959e+16
2.30479e+16
2.24912e+16
2.19728e+16
2.14972e+16
2.10036e+16
2.04437e+16
1.97358e+16
1.89817e+16
1.83456e+16
1.76984e+16
1.69361e+16
1.62346e+16
1.53585e+16
1.46938e+16
1.37601e+16
1.2825e+16
1.20701e+16
1.12098e+16
1.02732e+16
9.40089e+15
8.43297e+15
7.57915e+15
6.60189e+15
5.62566e+15
4.69682e+15
3.60093e+15
2.59048e+15
1.5681e+15
1.55395e+15
2.63061e+15
3.59372e+15
4.54842e+15
5.46841e+15
6.58165e+15
7.43243e+15
8.27381e+15
9.2027e+15
1.00943e+16
1.0997e+16
1.17813e+16
1.26958e+16
1.3559e+16
1.43709e+16
1.501e+16
1.58817e+16
1.67106e+16
1.74167e+16
1.79961e+16
1.86941e+16
1.92711e+16
1.99196e+16
2.05133e+16
2.10686e+16
2.16408e+16
2.18905e+16
2.26069e+16
2.29251e+16
2.34621e+16
2.37801e+16
2.39694e+16
2.42393e+16
2.46866e+16
2.48355e+16
2.50286e+16
2.49912e+16
2.52095e+16
2.53527e+16
2.52303e+16
2.53279e+16
2.52354e+16
2.50704e+16
2.50098e+16
2.47375e+16
2.47768e+16
2.44835e+16
2.41245e+16
2.38189e+16
2.35955e+16
2.31397e+16
2.28181e+16
2.23836e+16
2.19555e+16
2.14798e+16
2.10206e+16
2.04741e+16
1.9882e+16
1.91995e+16
1.86202e+16
1.7764e+16
1.72082e+16
1.65141e+16
1.56961e+16
1.49609e+16
1.41904e+16
1.33516e+16
1.24913e+16
1.18993e+16
1.08731e+16
1.01402e+16
9.1997e+15
8.3116e+15
7.32882e+15
6.41599e+15
5.50218e+15
4.57253e+15
3.60094e+15
2.58488e+15
1.53355e+15
1.5213e+15
2.49842e+15
3.48197e+15
4.39282e+15
5.29155e+15
6.27557e+15
7.11024e+15
7.97263e+15
8.94272e+15
9.74362e+15
1.06215e+16
1.15052e+16
1.23053e+16
1.32101e+16
1.39981e+16
1.46772e+16
1.55642e+16
1.62369e+16
1.70118e+16
1.75061e+16
1.8187e+16
1.87289e+16
1.92485e+16
1.97737e+16
2.04148e+16
2.10174e+16
2.14386e+16
2.18301e+16
2.22445e+16
2.26908e+16
2.3001e+16
2.34305e+16
2.36362e+16
2.37438e+16
2.40349e+16
2.42873e+16
2.41661e+16
2.449e+16
2.46389e+16
2.44786e+16
2.45387e+16
2.45523e+16
2.43168e+16
2.4086e+16
2.42412e+16
2.39376e+16
2.36411e+16
2.35618e+16
2.32331e+16
2.28165e+16
2.25766e+16
2.21465e+16
2.1649e+16
2.11785e+16
2.07652e+16
2.03234e+16
1.97667e+16
1.92073e+16
1.85524e+16
1.79966e+16
1.73216e+16
1.67295e+16
1.60727e+16
1.53136e+16
1.45631e+16
1.37213e+16
1.29881e+16
1.22159e+16
1.13479e+16
1.06089e+16
9.81626e+15
8.99713e+15
8.05781e+15
7.2297e+15
6.29312e+15
5.36702e+15
4.41219e+15
3.44733e+15
2.47899e+15
1.45574e+15
1.44894e+15
2.44745e+15
3.45216e+15
4.29768e+15
5.24271e+15
6.1448e+15
6.96832e+15
7.78513e+15
8.65976e+15
9.45933e+15
1.02979e+16
1.10827e+16
1.1904e+16
1.28135e+16
1.33057e+16
1.41844e+16
1.50285e+16
1.58294e+16
1.65032e+16
1.69978e+16
1.75955e+16
1.79864e+16
1.86175e+16
1.92128e+16
1.97482e+16
2.01275e+16
2.05546e+16
2.11933e+16
2.16565e+16
2.1949e+16
2.22319e+16
2.25042e+16
2.266e+16
2.29706e+16
2.33008e+16
2.34346e+16
2.34647e+16
2.36548e+16
2.36691e+16
2.37673e+16
2.37071e+16
2.3807e+16
2.35585e+16
2.34552e+16
2.32734e+16
2.32084e+16
2.30181e+16
2.2786e+16
2.25527e+16
2.20714e+16
2.18034e+16
2.13336e+16
2.09917e+16
2.06328e+16
2.00652e+16
1.97056e+16
1.91781e+16
1.85851e+16
1.80407e+16
1.72781e+16
1.68741e+16
1.61437e+16
1.55247e+16
1.4826e+16
1.41568e+16
1.32442e+16
1.26046e+16
1.18658e+16
1.09512e+16
1.02371e+16
9.39686e+15
8.54438e+15
7.82323e+15
6.93213e+15
6.12555e+15
5.13582e+15
4.21642e+15
3.30366e+15
2.43549e+15
1.45204e+15
1.38765e+15
2.39234e+15
3.28515e+15
4.13915e+15
5.00114e+15
5.85034e+15
6.70989e+15
7.50419e+15
8.33132e+15
9.16011e+15
1.00417e+16
1.07283e+16
1.15977e+16
1.22854e+16
1.3042e+16
1.38538e+16
1.44451e+16
1.50844e+16
1.57803e+16
1.64402e+16
1.68695e+16
1.73413e+16
1.81219e+16
1.84724e+16
1.89837e+16
1.94933e+16
1.98757e+16
2.02738e+16
2.07288e+16
2.1034e+16
2.16321e+16
2.14534e+16
2.21017e+16
2.23923e+16
2.23009e+16
2.2569e+16
2.28401e+16
2.29634e+16
2.29566e+16
2.28792e+16
2.28087e+16
2.28218e+16
2.26602e+16
2.26525e+16
2.2348e+16
2.22076e+16
2.23078e+16
2.19062e+16
2.15486e+16
2.12619e+16
2.09817e+16
2.06604e+16
2.0282e+16
1.99251e+16
1.94285e+16
1.89835e+16
1.84973e+16
1.80582e+16
1.72957e+16
1.68746e+16
1.62709e+16
1.55621e+16
1.48494e+16
1.42747e+16
1.35188e+16
1.28795e+16
1.22363e+16
1.13739e+16
1.06071e+16
9.86587e+15
9.14916e+15
8.29534e+15
7.50264e+15
6.67504e+15
5.87253e+15
5.04536e+15
4.09347e+15
3.22129e+15
2.32714e+15
1.42198e+15
1.35644e+15
2.25941e+15
3.14018e+15
3.96139e+15
4.83643e+15
5.57507e+15
6.43953e+15
7.25303e+15
8.02963e+15
8.79466e+15
9.51317e+15
1.03253e+16
1.11125e+16
1.16949e+16
1.24759e+16
1.31093e+16
1.38258e+16
1.44962e+16
1.5035e+16
1.55074e+16
1.62324e+16
1.6656e+16
1.73482e+16
1.76609e+16
1.82845e+16
1.86935e+16
1.91538e+16
1.94613e+16
1.99333e+16
2.00916e+16
2.04916e+16
2.0841e+16
2.11148e+16
2.11974e+16
2.14033e+16
2.15806e+16
2.16492e+16
2.1754e+16
2.19981e+16
2.20861e+16
2.18863e+16
2.18481e+16
2.1753e+16
2.16902e+16
2.14402e+16
2.1484e+16
2.11889e+16
2.11129e+16
2.07507e+16
2.05849e+16
2.02627e+16
1.96554e+16
1.93328e+16
1.90254e+16
1.86798e+16
1.81718e+16
1.7668e+16
1.72796e+16
1.67021e+16
1.61856e+16
1.54804e+16
1.4967e+16
1.43019e+16
1.36194e+16
1.29425e+16
1.22284e+16
1.159e+16
1.08334e+16
1.0219e+16
9.42076e+15
8.7087e+15
8.00201e+15
7.1676e+15
6.41016e+15
5.62499e+15
4.77585e+15
3.90876e+15
3.0627e+15
2.23464e+15
1.3299e+15
1.29666e+15
2.16395e+15
3.00011e+15
3.78716e+15
4.57307e+15
5.35396e+15
6.13283e+15
6.88288e+15
7.75684e+15
8.41258e+15
9.0915e+15
9.81621e+15
1.054e+16
1.12647e+16
1.19455e+16
1.25625e+16
1.3182e+16
1.38922e+16
1.43825e+16
1.49922e+16
1.55566e+16
1.61173e+16
1.64821e+16
1.68834e+16
1.75482e+16
1.79452e+16
1.82779e+16
1.86669e+16
1.90219e+16
1.94681e+16
1.96507e+16
1.99935e+16
2.00848e+16
2.02707e+16
2.05565e+16
2.06022e+16
2.07232e+16
2.08177e+16
2.09506e+16
2.09766e+16
2.10101e+16
2.0843e+16
2.08052e+16
2.06252e+16
2.05106e+16
2.03577e+16
2.01879e+16
2.00429e+16
1.98391e+16
1.96737e+16
1.92839e+16
1.89507e+16
1.86496e+16
1.81887e+16
1.7812e+16
1.73826e+16
1.69548e+16
1.62901e+16
1.59919e+16
1.52799e+16
1.48376e+16
1.43979e+16
1.36207e+16
1.30068e+16
1.23991e+16
1.1777e+16
1.10877e+16
1.04854e+16
9.62262e+15
9.07405e+15
8.34129e+15
7.68085e+15
6.87447e+15
6.05451e+15
5.30915e+15
4.53402e+15
3.76507e+15
2.9648e+15
2.13381e+15
1.30711e+15
1.2144e+15
2.09497e+15
2.853e+15
3.57594e+15
4.30328e+15
4.98897e+15
5.81012e+15
6.55739e+15
7.31478e+15
7.96179e+15
8.69961e+15
9.44038e+15
1.00672e+16
1.06845e+16
1.13498e+16
1.19435e+16
1.25821e+16
1.32311e+16
1.36221e+16
1.41692e+16
1.47834e+16
1.53925e+16
1.56926e+16
1.61984e+16
1.67294e+16
1.71277e+16
1.74101e+16
1.77675e+16
1.80352e+16
1.85121e+16
1.86595e+16
1.90571e+16
1.91605e+16
1.92457e+16
1.94939e+16
1.97386e+16
1.98117e+16
1.98101e+16
1.98222e+16
1.96743e+16
1.9846e+16
1.99422e+16
1.9841e+16
1.96931e+16
1.96146e+16
1.93214e+16
1.92496e+16
1.89801e+16
1.88493e+16
1.8422e+16
1.84232e+16
1.80812e+16
1.77248e+16
1.73673e+16
1.71034e+16
1.6639e+16
1.61532e+16
1.55724e+16
1.51281e+16
1.45296e+16
1.41992e+16
1.36276e+16
1.31002e+16
1.23972e+16
1.18642e+16
1.12257e+16
1.06136e+16
9.85281e+15
9.21906e+15
8.67132e+15
7.95828e+15
7.15789e+15
6.48651e+15
5.80072e+15
5.01901e+15
4.26078e+15
3.55149e+15
2.76455e+15
2.07368e+15
1.24708e+15
1.15897e+15
1.97096e+15
2.76657e+15
3.47861e+15
4.05642e+15
4.77646e+15
5.56201e+15
6.19364e+15
6.90235e+15
7.5394e+15
8.1573e+15
8.88469e+15
9.48545e+15
1.01117e+16
1.0801e+16
1.12982e+16
1.18877e+16
1.24214e+16
1.30542e+16
1.34957e+16
1.39579e+16
1.43528e+16
1.49218e+16
1.53731e+16
1.58281e+16
1.61735e+16
1.63968e+16
1.67638e+16
1.70817e+16
1.7397e+16
1.77037e+16
1.79469e+16
1.82541e+16
1.82035e+16
1.85699e+16
1.87269e+16
1.87896e+16
1.87422e+16
1.86966e+16
1.87123e+16
1.88152e+16
1.87711e+16
1.86776e+16
1.8691e+16
1.85337e+16
1.83606e+16
1.82044e+16
1.79263e+16
1.77543e+16
1.74733e+16
1.73278e+16
1.70465e+16
1.6722e+16
1.62644e+16
1.59499e+16
1.55354e+16
1.52377e+16
1.4805e+16
1.42444e+16
1.37722e+16
1.34349e+16
1.29612e+16
1.2404e+16
1.17194e+16
1.11408e+16
1.06034e+16
1.00019e+16
9.44306e+15
8.6784e+15
8.12622e+15
7.46619e+15
6.77623e+15
6.22157e+15
5.49717e+15
4.78818e+15
4.03336e+15
3.32372e+15
2.68761e+15
1.96484e+15
1.12226e+15
1.09384e+15
1.85159e+15
2.52668e+15
3.27349e+15
3.90687e+15
4.47626e+15
5.19537e+15
5.81286e+15
6.4593e+15
7.04989e+15
7.7396e+15
8.28522e+15
8.93967e+15
9.69928e+15
1.01171e+16
1.05859e+16
1.11214e+16
1.16673e+16
1.21645e+16
1.26395e+16
1.31225e+16
1.3428e+16
1.40586e+16
1.44584e+16
1.50156e+16
1.51531e+16
1.54741e+16
1.58626e+16
1.60417e+16
1.64277e+16
1.66117e+16
1.67858e+16
1.70067e+16
1.71666e+16
1.73928e+16
1.74011e+16
1.75281e+16
1.7636e+16
1.75626e+16
1.77675e+16
1.77186e+16
1.76781e+16
1.75619e+16
1.73535e+16
1.73717e+16
1.72596e+16
1.71052e+16
1.70197e+16
1.66401e+16
1.66062e+16
1.63269e+16
1.60659e+16
1.56075e+16
1.53807e+16
1.50479e+16
1.45981e+16
1.4323e+16
1.39042e+16
1.33678e+16
1.29833e+16
1.26219e+16
1.21632e+16
1.17382e+16
1.09265e+16
1.03973e+16
9.96546e+15
9.45917e+15
8.84607e+15
8.29405e+15
7.70362e+15
7.08866e+15
6.44593e+15
5.71389e+15
5.12767e+15
4.47247e+15
3.78718e+15
3.12718e+15
2.53344e+15
1.83934e+15
1.09505e+15
9.88363e+14
1.71796e+15
2.40285e+15
3.03385e+15
3.58086e+15
4.21239e+15
4.86009e+15
5.4139e+15
6.10273e+15
6.64541e+15
7.27276e+15
7.80867e+15
8.35058e+15
8.89925e+15
9.38524e+15
9.9097e+15
1.0364e+16
1.08913e+16
1.13309e+16
1.17451e+16
1.23009e+16
1.26484e+16
1.29959e+16
1.35491e+16
1.38363e+16
1.41252e+16
1.4467e+16
1.47214e+16
1.5022e+16
1.52642e+16
1.53216e+16
1.559e+16
1.58835e+16
1.60281e+16
1.60736e+16
1.61954e+16
1.63852e+16
1.6537e+16
1.6435e+16
1.64549e+16
1.6521e+16
1.65796e+16
1.64141e+16
1.63067e+16
1.62482e+16
1.6271e+16
1.60066e+16
1.57949e+16
1.57367e+16
1.54289e+16
1.5277e+16
1.49546e+16
1.46838e+16
1.42724e+16
1.38882e+16
1.36923e+16
1.3447e+16
1.30164e+16
1.25335e+16
1.21315e+16
1.164e+16
1.13543e+16
1.08495e+16
1.04527e+16
9.79344e+15
9.34405e+15
8.85862e+15
8.26917e+15
7.80929e+15
7.21112e+15
6.49704e+15
5.93856e+15
5.36966e+15
4.77415e+15
4.1897e+15
3.56348e+15
2.91027e+15
2.32131e+15
1.71124e+15
1.04936e+15
9.44193e+14
1.57517e+15
2.25794e+15
2.81369e+15
3.3475e+15
3.94672e+15
4.47336e+15
5.04891e+15
5.63506e+15
6.04796e+15
6.72878e+15
7.2805e+15
7.77032e+15
8.20329e+15
8.69419e+15
9.09615e+15
9.56681e+15
9.95745e+15
1.04799e+16
1.08983e+16
1.13269e+16
1.17583e+16
1.19988e+16
1.2457e+16
1.26466e+16
1.30434e+16
1.32484e+16
1.3526e+16
1.37879e+16
1.39624e+16
1.4236e+16
1.4371e+16
1.45761e+16
1.47917e+16
1.49486e+16
1.50478e+16
1.51935e+16
1.51613e+16
1.52233e+16
1.52382e+16
1.53629e+16
1.53818e+16
1.52298e+16
1.5136e+16
1.49451e+16
1.48404e+16
1.469e+16
1.46869e+16
1.44311e+16
1.41332e+16
1.40324e+16
1.37907e+16
1.34358e+16
1.31762e+16
1.29078e+16
1.26421e+16
1.23966e+16
1.20314e+16
1.15647e+16
1.11773e+16
1.09083e+16
1.04073e+16
9.96571e+15
9.57693e+15
9.14245e+15
8.70395e+15
8.23318e+15
7.70026e+15
7.14622e+15
6.62352e+15
6.09612e+15
5.53279e+15
4.98675e+15
4.45744e+15
3.85069e+15
3.27946e+15
2.69649e+15
2.13662e+15
1.55173e+15
9.32861e+14
8.6722e+14
1.45915e+15
2.039e+15
2.58918e+15
3.0364e+15
3.61836e+15
4.13116e+15
4.63245e+15
5.11603e+15
5.68364e+15
6.17438e+15
6.63018e+15
7.06362e+15
7.43857e+15
7.89262e+15
8.36343e+15
8.82439e+15
9.15185e+15
9.62716e+15
9.92978e+15
1.04321e+16
1.07984e+16
1.10357e+16
1.13866e+16
1.16599e+16
1.18916e+16
1.22679e+16
1.23604e+16
1.26582e+16
1.28898e+16
1.30958e+16
1.32329e+16
1.34313e+16
1.36967e+16
1.36253e+16
1.38406e+16
1.40037e+16
1.41178e+16
1.41198e+16
1.40953e+16
1.39327e+16
1.40189e+16
1.39385e+16
1.38021e+16
1.38375e+16
1.36766e+16
1.34619e+16
1.3408e+16
1.31787e+16
1.30359e+16
1.2849e+16
1.27147e+16
1.23945e+16
1.21636e+16
1.19306e+16
1.16024e+16
1.13254e+16
1.10275e+16
1.07087e+16
1.03323e+16
1.00259e+16
9.50001e+15
9.13564e+15
8.80255e+15
8.37737e+15
7.87491e+15
7.45215e+15
6.95247e+15
6.51934e+15
6.06158e+15
5.57745e+15
5.06313e+15
4.54295e+15
4.0142e+15
3.53124e+15
3.02882e+15
2.4936e+15
1.95656e+15
1.44165e+15
8.33421e+14
7.74652e+14
1.32653e+15
1.81841e+15
2.30366e+15
2.78833e+15
3.19719e+15
3.69796e+15
4.15374e+15
4.66232e+15
5.05455e+15
5.54885e+15
5.91791e+15
6.37443e+15
6.74654e+15
7.16264e+15
7.61379e+15
8.01233e+15
8.31186e+15
8.6483e+15
9.08546e+15
9.37972e+15
9.6698e+15
9.96174e+15
1.02605e+16
1.05531e+16
1.06858e+16
1.11047e+16
1.12998e+16
1.14491e+16
1.17034e+16
1.17574e+16
1.19276e+16
1.21064e+16
1.22734e+16
1.23572e+16
1.25175e+16
1.27362e+16
1.26724e+16
1.25214e+16
1.26089e+16
1.26702e+16
1.26315e+16
1.26476e+16
1.25515e+16
1.24333e+16
1.24029e+16
1.22724e+16
1.21775e+16
1.19845e+16
1.18715e+16
1.1663e+16
1.14175e+16
1.11944e+16
1.10646e+16
1.08085e+16
1.05504e+16
1.02618e+16
1.00044e+16
9.76443e+15
9.28406e+15
9.05066e+15
8.66415e+15
8.35569e+15
7.94569e+15
7.56598e+15
7.19429e+15
6.77793e+15
6.32916e+15
5.90996e+15
5.50202e+15
5.05805e+15
4.65591e+15
4.17011e+15
3.62967e+15
3.24899e+15
2.67738e+15
2.24133e+15
1.80417e+15
1.28987e+15
7.41844e+14
6.64381e+14
1.16624e+15
1.59985e+15
2.05694e+15
2.49438e+15
2.90724e+15
3.35089e+15
3.7376e+15
4.13611e+15
4.51613e+15
4.96505e+15
5.25727e+15
5.68648e+15
6.09406e+15
6.43901e+15
6.804e+15
7.09517e+15
7.45669e+15
7.77816e+15
7.98735e+15
8.3592e+15
8.63075e+15
8.99305e+15
9.2282e+15
9.40806e+15
9.595e+15
9.86252e+15
1.00509e+16
1.02073e+16
1.03316e+16
1.05174e+16
1.06422e+16
1.08737e+16
1.08493e+16
1.09974e+16
1.10874e+16
1.11313e+16
1.12342e+16
1.13184e+16
1.12546e+16
1.12796e+16
1.12575e+16
1.124e+16
1.12139e+16
1.11899e+16
1.10384e+16
1.09749e+16
1.07901e+16
1.07408e+16
1.05999e+16
1.03859e+16
1.01878e+16
1.00061e+16
9.78208e+15
9.54564e+15
9.45607e+15
9.24023e+15
9.01943e+15
8.66554e+15
8.37262e+15
8.07129e+15
7.78105e+15
7.32645e+15
6.98252e+15
6.65744e+15
6.372e+15
5.98854e+15
5.63738e+15
5.18241e+15
4.89512e+15
4.48445e+15
4.06426e+15
3.71425e+15
3.29405e+15
2.83465e+15
2.49308e+15
1.97061e+15
1.61759e+15
1.13157e+15
6.94076e+14
6.3098e+14
1.01989e+15
1.38625e+15
1.82174e+15
2.1411e+15
2.51388e+15
2.95572e+15
3.25465e+15
3.62983e+15
3.93713e+15
4.2156e+15
4.70711e+15
5.00282e+15
5.24653e+15
5.61446e+15
5.86985e+15
6.2702e+15
6.54381e+15
6.70726e+15
6.96961e+15
7.34653e+15
7.59815e+15
7.8349e+15
8.0367e+15
8.16499e+15
8.44448e+15
8.61918e+15
8.78707e+15
8.95103e+15
9.06951e+15
9.1471e+15
9.27291e+15
9.4443e+15
9.56428e+15
9.5682e+15
9.78038e+15
9.68116e+15
9.85317e+15
9.92426e+15
9.99958e+15
1.00639e+16
1.0011e+16
9.83872e+15
9.90418e+15
9.79055e+15
9.90449e+15
9.62546e+15
9.52313e+15
9.449e+15
9.3138e+15
9.1218e+15
8.89563e+15
8.78474e+15
8.59022e+15
8.49312e+15
8.19854e+15
8.0302e+15
7.86381e+15
7.59448e+15
7.31359e+15
7.05536e+15
6.84597e+15
6.42631e+15
6.22555e+15
5.82669e+15
5.60677e+15
5.33176e+15
4.96157e+15
4.57085e+15
4.30713e+15
3.96458e+15
3.57563e+15
3.20335e+15
2.85258e+15
2.48082e+15
2.16117e+15
1.75572e+15
1.359e+15
1.00993e+15
5.96778e+14
5.30311e+14
8.57541e+14
1.24007e+15
1.53739e+15
1.86139e+15
2.18387e+15
2.46745e+15
2.76803e+15
3.02462e+15
3.34729e+15
3.63785e+15
3.93741e+15
4.20648e+15
4.48834e+15
4.74011e+15
4.95988e+15
5.1996e+15
5.51942e+15
5.80362e+15
6.03567e+15
6.2097e+15
6.44552e+15
6.623e+15
6.81082e+15
7.03853e+15
7.1804e+15
7.31075e+15
7.56232e+15
7.65917e+15
7.79272e+15
7.85968e+15
7.94687e+15
8.06468e+15
8.11827e+15
8.21222e+15
8.2654e+15
8.33421e+15
8.32523e+15
8.50282e+15
8.50334e+15
8.42487e+15
8.51325e+15
8.40241e+15
8.35936e+15
8.3609e+15
8.36994e+15
8.21832e+15
8.15244e+15
8.0289e+15
7.88879e+15
7.80083e+15
7.56098e+15
7.4632e+15
7.34327e+15
7.16538e+15
6.982e+15
6.85764e+15
6.67473e+15
6.42146e+15
6.22529e+15
5.97563e+15
5.82679e+15
5.55251e+15
5.31395e+15
4.99825e+15
4.80421e+15
4.61532e+15
4.27415e+15
3.9181e+15
3.64506e+15
3.34343e+15
3.02832e+15
2.69113e+15
2.45567e+15
2.09256e+15
1.83684e+15
1.49008e+15
1.18183e+15
8.49157e+14
5.11816e+14
4.24575e+14
7.28638e+14
1.00385e+15
1.23671e+15
1.47914e+15
1.73393e+15
2.01654e+15
2.27181e+15
2.51091e+15
2.73256e+15
2.97956e+15
3.18936e+15
3.39904e+15
3.71089e+15
3.95572e+15
4.08295e+15
4.28135e+15
4.5253e+15
4.76281e+15
4.89633e+15
5.13666e+15
5.30827e+15
5.37224e+15
5.63047e+15
5.79964e+15
5.98941e+15
6.07862e+15
6.16865e+15
6.25678e+15
6.35936e+15
6.41434e+15
6.49451e+15
6.60075e+15
6.69962e+15
6.79667e+15
6.78728e+15
6.92769e+15
6.89987e+15
6.93415e+15
6.97276e+15
6.94489e+15
6.94251e+15
6.83167e+15
6.93554e+15
6.88226e+15
6.8086e+15
6.70829e+15
6.59188e+15
6.50256e+15
6.5576e+15
6.28016e+15
6.2051e+15
6.07661e+15
5.9685e+15
5.8366e+15
5.74197e+15
5.58953e+15
5.45097e+15
5.29594e+15
5.21504e+15
4.97949e+15
4.82873e+15
4.54536e+15
4.36449e+15
4.13095e+15
3.94335e+15
3.70338e+15
3.49792e+15
3.26625e+15
3.01676e+15
2.7373e+15
2.50281e+15
2.27524e+15
2.00546e+15
1.74711e+15
1.51223e+15
1.24939e+15
9.65215e+14
6.82124e+14
4.26409e+14
3.32548e+14
5.41049e+14
7.45447e+14
9.54693e+14
1.18432e+15
1.41557e+15
1.59428e+15
1.80864e+15
1.97022e+15
2.16662e+15
2.35132e+15
2.50587e+15
2.69238e+15
2.86583e+15
2.98763e+15
3.19029e+15
3.36065e+15
3.50843e+15
3.67238e+15
3.79462e+15
3.95547e+15
4.0758e+15
4.18509e+15
4.32893e+15
4.54517e+15
4.64921e+15
4.72412e+15
4.75751e+15
4.90064e+15
4.96661e+15
4.97313e+15
5.08066e+15
5.17782e+15
5.20399e+15
5.28091e+15
5.33997e+15
5.37988e+15
5.42376e+15
5.43006e+15
5.44725e+15
5.39464e+15
5.36145e+15
5.3901e+15
5.32319e+15
5.35954e+15
5.31013e+15
5.19279e+15
5.19491e+15
5.08056e+15
4.96836e+15
4.99083e+15
4.92618e+15
4.71444e+15
4.66648e+15
4.50709e+15
4.37089e+15
4.3215e+15
4.28798e+15
4.13106e+15
4.03199e+15
3.8411e+15
3.6628e+15
3.55307e+15
3.40129e+15
3.20122e+15
3.08877e+15
2.90452e+15
2.69944e+15
2.5794e+15
2.33276e+15
2.15643e+15
1.99198e+15
1.76152e+15
1.52304e+15
1.32642e+15
1.15577e+15
9.52489e+14
7.62561e+14
5.57874e+14
3.19648e+14
2.32949e+14
3.91503e+14
5.38649e+14
6.85418e+14
8.27768e+14
9.86407e+14
1.13118e+15
1.30442e+15
1.39126e+15
1.53131e+15
1.65873e+15
1.77267e+15
1.86238e+15
1.98629e+15
2.126e+15
2.27661e+15
2.37157e+15
2.46362e+15
2.56884e+15
2.74569e+15
2.80063e+15
2.94339e+15
2.98736e+15
3.10037e+15
3.15872e+15
3.30553e+15
3.36254e+15
3.41657e+15
3.52468e+15
3.49669e+15
3.54881e+15
3.62739e+15
3.59611e+15
3.63293e+15
3.72041e+15
3.71919e+15
3.80197e+15
3.81999e+15
3.839e+15
3.83251e+15
3.82871e+15
3.82982e+15
3.77538e+15
3.82559e+15
3.72214e+15
3.68851e+15
3.67506e+15
3.6581e+15
3.58503e+15
3.56692e+15
3.48945e+15
3.45871e+15
3.32958e+15
3.22654e+15
3.22661e+15
3.09111e+15
3.06507e+15
2.97093e+15
2.89196e+15
2.81922e+15
2.69259e+15
2.56091e+15
2.48266e+15
2.4026e+15
2.25296e+15
2.13036e+15
1.9785e+15
1.93632e+15
1.78531e+15
1.65114e+15
1.44225e+15
1.33584e+15
1.22408e+15
1.10002e+15
9.87723e+14
8.47629e+14
6.5848e+14
5.30822e+14
3.88022e+14
2.33676e+14
1.25076e+14
2.24152e+14
3.13927e+14
3.92473e+14
4.54619e+14
5.40626e+14
5.94197e+14
6.83529e+14
7.59577e+14
8.34666e+14
9.31457e+14
1.00051e+15
1.06189e+15
1.10819e+15
1.15593e+15
1.27055e+15
1.34563e+15
1.37326e+15
1.4745e+15
1.52491e+15
1.60357e+15
1.58582e+15
1.6664e+15
1.71146e+15
1.74413e+15
1.82133e+15
1.86245e+15
1.8717e+15
1.93681e+15
1.94634e+15
2.01325e+15
2.01234e+15
2.00639e+15
2.05517e+15
2.09064e+15
2.09318e+15
2.10437e+15
2.15623e+15
2.0964e+15
2.14509e+15
2.12819e+15
2.12247e+15
2.0668e+15
2.0879e+15
2.05919e+15
2.05145e+15
2.0155e+15
2.02059e+15
1.99433e+15
1.94093e+15
1.93437e+15
1.87902e+15
1.8764e+15
1.83119e+15
1.7733e+15
1.71246e+15
1.67632e+15
1.67722e+15
1.5985e+15
1.5631e+15
1.52544e+15
1.44561e+15
1.39023e+15
1.30214e+15
1.24625e+15
1.19664e+15
1.12292e+15
1.05616e+15
1.01835e+15
9.10699e+14
8.34743e+14
7.80217e+14
6.94117e+14
6.24428e+14
5.48261e+14
4.67708e+14
3.87762e+14
2.9703e+14
2.14055e+14
1.38223e+14
)
;

boundaryField
{
    movingWall
    {
        type            fixedValue;
        value           uniform 0;
    }
    fixedWalls
    {
        type            fixedValue;
        value           uniform 0;
    }
    frontAndBack
    {
        type            empty;
    }
}


// ************************************************************************* //
