/*--------------------------------*- C++ -*----------------------------------*\
  =========                 |
  \\      /  F ield         | OpenFOAM: The Open Source CFD Toolbox
   \\    /   O peration     | Website:  https://openfoam.org
    \\  /    A nd           | Version:  6
     \\/     M anipulation  |
\*---------------------------------------------------------------------------*/
FoamFile
{
    version     2.0;
    format      ascii;
    class       volScalarField;
    location    "600";
    object      dnp4;
}
// * * * * * * * * * * * * * * * * * * * * * * * * * * * * * * * * * * * * * //

dimensions      [0 -3 0 0 0 0 0];

internalField   nonuniform List<scalar> 
6400
(
4.17219e+14
1.00302e+15
1.50267e+15
1.96275e+15
2.39812e+15
2.80723e+15
3.18644e+15
3.59927e+15
3.99684e+15
4.35986e+15
4.71088e+15
5.11853e+15
5.47526e+15
5.81409e+15
6.20986e+15
6.56577e+15
6.91711e+15
7.19363e+15
7.51754e+15
7.79286e+15
8.10412e+15
8.3575e+15
8.54086e+15
8.78643e+15
9.06967e+15
9.25618e+15
9.4877e+15
9.67116e+15
9.88484e+15
1.00438e+16
1.02758e+16
1.03184e+16
1.04745e+16
1.05603e+16
1.06715e+16
1.06986e+16
1.08266e+16
1.08177e+16
1.08428e+16
1.08349e+16
1.09341e+16
1.08692e+16
1.08638e+16
1.07219e+16
1.06333e+16
1.05707e+16
1.05527e+16
1.04449e+16
1.03048e+16
1.02515e+16
1.00863e+16
1.00001e+16
9.75823e+15
9.53873e+15
9.29832e+15
9.07301e+15
8.82868e+15
8.60684e+15
8.32788e+15
8.03348e+15
7.72037e+15
7.42634e+15
7.11369e+15
6.79475e+15
6.51938e+15
6.18672e+15
5.87155e+15
5.47888e+15
5.1653e+15
4.80395e+15
4.42413e+15
4.02046e+15
3.59313e+15
3.21399e+15
2.8086e+15
2.42106e+15
1.97193e+15
1.51626e+15
1.03972e+15
4.23534e+14
1.06494e+15
2.64348e+15
4.0164e+15
5.27021e+15
6.38095e+15
7.47692e+15
8.5084e+15
9.59797e+15
1.06926e+16
1.15997e+16
1.25663e+16
1.35868e+16
1.46315e+16
1.55282e+16
1.65653e+16
1.75518e+16
1.83971e+16
1.92271e+16
2.00077e+16
2.0807e+16
2.15272e+16
2.22877e+16
2.28237e+16
2.34888e+16
2.42252e+16
2.4783e+16
2.5358e+16
2.588e+16
2.6438e+16
2.67671e+16
2.72188e+16
2.7514e+16
2.79711e+16
2.811e+16
2.83941e+16
2.8599e+16
2.88144e+16
2.8883e+16
2.89553e+16
2.89832e+16
2.90734e+16
2.90545e+16
2.89095e+16
2.86458e+16
2.83885e+16
2.82136e+16
2.81132e+16
2.77918e+16
2.75496e+16
2.72796e+16
2.69378e+16
2.65436e+16
2.60581e+16
2.54502e+16
2.48159e+16
2.41905e+16
2.35477e+16
2.29249e+16
2.22685e+16
2.14505e+16
2.06102e+16
1.98193e+16
1.89784e+16
1.81075e+16
1.73911e+16
1.65663e+16
1.56373e+16
1.46802e+16
1.37219e+16
1.28413e+16
1.18156e+16
1.07343e+16
9.60708e+15
8.58058e+15
7.50768e+15
6.38394e+15
5.24537e+15
4.01645e+15
2.72894e+15
1.07428e+15
1.62615e+15
4.09794e+15
6.20019e+15
8.14389e+15
9.83462e+15
1.15165e+16
1.31543e+16
1.48179e+16
1.64829e+16
1.79258e+16
1.93999e+16
2.09385e+16
2.25281e+16
2.40159e+16
2.56213e+16
2.7069e+16
2.83567e+16
2.96349e+16
3.09221e+16
3.21622e+16
3.3265e+16
3.44322e+16
3.52932e+16
3.63583e+16
3.74489e+16
3.83489e+16
3.91976e+16
4.01114e+16
4.07696e+16
4.13173e+16
4.19925e+16
4.25923e+16
4.30835e+16
4.34893e+16
4.38965e+16
4.42684e+16
4.45508e+16
4.46687e+16
4.45973e+16
4.46998e+16
4.47387e+16
4.47544e+16
4.45526e+16
4.42487e+16
4.38798e+16
4.35743e+16
4.3332e+16
4.29298e+16
4.24998e+16
4.20736e+16
4.15549e+16
4.08863e+16
4.01846e+16
3.93068e+16
3.83643e+16
3.74198e+16
3.63848e+16
3.54602e+16
3.44043e+16
3.31912e+16
3.18601e+16
3.06746e+16
2.93743e+16
2.80135e+16
2.68475e+16
2.55905e+16
2.41743e+16
2.27375e+16
2.12056e+16
1.98159e+16
1.82712e+16
1.66415e+16
1.48936e+16
1.33261e+16
1.15939e+16
9.85488e+15
8.12476e+15
6.2013e+15
4.13791e+15
1.63393e+15
2.12866e+15
5.42116e+15
8.22777e+15
1.07534e+16
1.30366e+16
1.5253e+16
1.74269e+16
1.9587e+16
2.17921e+16
2.37794e+16
2.57084e+16
2.77027e+16
2.96863e+16
3.18274e+16
3.38047e+16
3.56706e+16
3.74264e+16
3.91188e+16
4.08499e+16
4.24324e+16
4.40276e+16
4.54536e+16
4.67196e+16
4.81709e+16
4.95222e+16
5.07487e+16
5.16697e+16
5.27925e+16
5.37556e+16
5.45634e+16
5.54746e+16
5.61702e+16
5.67904e+16
5.74347e+16
5.79468e+16
5.84319e+16
5.88252e+16
5.90276e+16
5.90013e+16
5.90789e+16
5.91322e+16
5.90909e+16
5.87792e+16
5.83167e+16
5.79626e+16
5.75859e+16
5.71941e+16
5.67595e+16
5.61956e+16
5.55092e+16
5.47789e+16
5.39058e+16
5.30037e+16
5.19525e+16
5.07702e+16
4.95382e+16
4.82297e+16
4.68287e+16
4.53907e+16
4.39145e+16
4.22056e+16
4.05116e+16
3.87913e+16
3.71048e+16
3.5531e+16
3.37899e+16
3.19974e+16
3.016e+16
2.80846e+16
2.61305e+16
2.40743e+16
2.19259e+16
1.97124e+16
1.75205e+16
1.52797e+16
1.29885e+16
1.06965e+16
8.18516e+15
5.38637e+15
2.1227e+15
2.61025e+15
6.72694e+15
1.0104e+16
1.31884e+16
1.59882e+16
1.87592e+16
2.14324e+16
2.40921e+16
2.67065e+16
2.9232e+16
3.16698e+16
3.4019e+16
3.64749e+16
3.91062e+16
4.15534e+16
4.37836e+16
4.59742e+16
4.80602e+16
5.00524e+16
5.20884e+16
5.39537e+16
5.57469e+16
5.74404e+16
5.91969e+16
6.08771e+16
6.23564e+16
6.35896e+16
6.48406e+16
6.59863e+16
6.70872e+16
6.79712e+16
6.8853e+16
6.97416e+16
7.03883e+16
7.11327e+16
7.16972e+16
7.22057e+16
7.26104e+16
7.26652e+16
7.27263e+16
7.26754e+16
7.25765e+16
7.22272e+16
7.17308e+16
7.12175e+16
7.09358e+16
7.04308e+16
6.97482e+16
6.91193e+16
6.81575e+16
6.72413e+16
6.60679e+16
6.50661e+16
6.39882e+16
6.2527e+16
6.10187e+16
5.93928e+16
5.75817e+16
5.57966e+16
5.40434e+16
5.201e+16
4.97892e+16
4.77129e+16
4.56318e+16
4.36493e+16
4.15665e+16
3.94141e+16
3.71224e+16
3.45164e+16
3.20704e+16
2.9457e+16
2.67981e+16
2.4172e+16
2.13783e+16
1.86117e+16
1.58975e+16
1.30783e+16
1.00428e+16
6.57455e+15
2.57838e+15
3.08089e+15
7.91368e+15
1.1962e+16
1.55855e+16
1.88273e+16
2.20695e+16
2.52406e+16
2.84004e+16
3.14481e+16
3.44339e+16
3.72997e+16
4.01219e+16
4.30615e+16
4.60772e+16
4.88776e+16
5.14393e+16
5.40947e+16
5.655e+16
5.8945e+16
6.14286e+16
6.3642e+16
6.56993e+16
6.76616e+16
6.97295e+16
7.16707e+16
7.34842e+16
7.49992e+16
7.64239e+16
7.77676e+16
7.90565e+16
8.0039e+16
8.11816e+16
8.22563e+16
8.31141e+16
8.3953e+16
8.46261e+16
8.52241e+16
8.56183e+16
8.57547e+16
8.56325e+16
8.56745e+16
8.55099e+16
8.51089e+16
8.47408e+16
8.42286e+16
8.38107e+16
8.31291e+16
8.23127e+16
8.14296e+16
8.03316e+16
7.9213e+16
7.79321e+16
7.66159e+16
7.52227e+16
7.3641e+16
7.19896e+16
7.00709e+16
6.791e+16
6.58021e+16
6.37864e+16
6.14559e+16
5.88793e+16
5.64094e+16
5.3854e+16
5.14874e+16
4.9052e+16
4.65438e+16
4.36749e+16
4.06817e+16
3.7766e+16
3.46528e+16
3.1505e+16
2.83558e+16
2.51e+16
2.18504e+16
1.86897e+16
1.53591e+16
1.18218e+16
7.75216e+15
3.04885e+15
3.51639e+15
9.04058e+15
1.37428e+16
1.78897e+16
2.16125e+16
2.531e+16
2.89458e+16
3.25409e+16
3.60493e+16
3.95317e+16
4.28094e+16
4.61017e+16
4.94848e+16
5.27737e+16
5.59096e+16
5.90147e+16
6.19617e+16
6.49573e+16
6.78105e+16
7.05066e+16
7.29534e+16
7.53929e+16
7.76277e+16
7.9898e+16
8.21719e+16
8.43429e+16
8.62503e+16
8.77553e+16
8.91984e+16
9.07859e+16
9.20242e+16
9.32659e+16
9.43908e+16
9.53897e+16
9.63875e+16
9.71448e+16
9.78819e+16
9.81412e+16
9.82014e+16
9.83063e+16
9.83104e+16
9.81442e+16
9.77952e+16
9.74147e+16
9.67177e+16
9.61691e+16
9.55155e+16
9.45464e+16
9.34116e+16
9.21477e+16
9.08197e+16
8.94498e+16
8.80146e+16
8.61325e+16
8.43854e+16
8.26889e+16
8.04765e+16
7.80027e+16
7.54967e+16
7.31912e+16
7.05514e+16
6.7694e+16
6.47501e+16
6.18591e+16
5.91025e+16
5.62387e+16
5.34448e+16
5.01545e+16
4.66911e+16
4.33199e+16
3.969e+16
3.60974e+16
3.24638e+16
2.87421e+16
2.49939e+16
2.13492e+16
1.75039e+16
1.35542e+16
8.9569e+15
3.52869e+15
3.95395e+15
1.01938e+16
1.55125e+16
2.01705e+16
2.44192e+16
2.85847e+16
3.26744e+16
3.66248e+16
4.06536e+16
4.45532e+16
4.82783e+16
5.19958e+16
5.58449e+16
5.94297e+16
6.29985e+16
6.65199e+16
6.99559e+16
7.33069e+16
7.63688e+16
7.93955e+16
8.21406e+16
8.48726e+16
8.75655e+16
9.01332e+16
9.25974e+16
9.49381e+16
9.71178e+16
9.87782e+16
1.00797e+17
1.02449e+17
1.03742e+17
1.05119e+17
1.06387e+17
1.07507e+17
1.08571e+17
1.0933e+17
1.10137e+17
1.1054e+17
1.10752e+17
1.10813e+17
1.10748e+17
1.10464e+17
1.10125e+17
1.09796e+17
1.08905e+17
1.08151e+17
1.07508e+17
1.0638e+17
1.05197e+17
1.03692e+17
1.02312e+17
1.00734e+17
9.88204e+16
9.69398e+16
9.4955e+16
9.29191e+16
9.05235e+16
8.7989e+16
8.51401e+16
8.22288e+16
7.92407e+16
7.61363e+16
7.29282e+16
6.96441e+16
6.65442e+16
6.32864e+16
5.99512e+16
5.63534e+16
5.2586e+16
4.86572e+16
4.46676e+16
4.06026e+16
3.65069e+16
3.22729e+16
2.81484e+16
2.39621e+16
1.96488e+16
1.52127e+16
1.00728e+16
3.95022e+15
4.37357e+15
1.12761e+16
1.72333e+16
2.24203e+16
2.723e+16
3.17412e+16
3.63306e+16
4.07721e+16
4.51479e+16
4.95204e+16
5.37914e+16
5.77672e+16
6.20467e+16
6.62534e+16
7.02075e+16
7.38425e+16
7.7778e+16
8.16482e+16
8.4966e+16
8.82645e+16
9.14196e+16
9.43726e+16
9.73076e+16
1.00346e+17
1.02963e+17
1.05542e+17
1.07912e+17
1.09872e+17
1.1196e+17
1.13823e+17
1.15516e+17
1.17033e+17
1.18526e+17
1.19603e+17
1.20622e+17
1.21527e+17
1.22347e+17
1.22839e+17
1.23118e+17
1.2315e+17
1.22998e+17
1.22699e+17
1.22205e+17
1.21686e+17
1.20942e+17
1.20035e+17
1.19192e+17
1.18006e+17
1.16826e+17
1.15249e+17
1.13537e+17
1.11675e+17
1.09692e+17
1.07684e+17
1.05405e+17
1.03065e+17
1.00395e+17
9.75261e+16
9.44159e+16
9.12835e+16
8.78526e+16
8.45926e+16
8.10881e+16
7.74481e+16
7.37473e+16
7.01435e+16
6.63923e+16
6.22922e+16
5.81369e+16
5.38467e+16
4.95708e+16
4.50964e+16
4.0407e+16
3.57537e+16
3.11942e+16
2.65826e+16
2.1777e+16
1.67858e+16
1.10778e+16
4.35845e+15
4.81935e+15
1.23216e+16
1.88416e+16
2.45805e+16
2.99006e+16
3.49238e+16
3.99325e+16
4.47715e+16
4.96749e+16
5.45283e+16
5.92882e+16
6.36471e+16
6.80916e+16
7.28228e+16
7.72247e+16
8.14255e+16
8.56637e+16
8.97383e+16
9.35375e+16
9.72198e+16
1.00732e+17
1.03923e+17
1.07205e+17
1.10488e+17
1.13497e+17
1.16329e+17
1.18787e+17
1.21089e+17
1.23346e+17
1.25309e+17
1.27187e+17
1.2884e+17
1.30368e+17
1.31572e+17
1.32755e+17
1.33557e+17
1.3441e+17
1.34839e+17
1.35132e+17
1.35372e+17
1.35243e+17
1.34831e+17
1.34376e+17
1.3367e+17
1.3293e+17
1.31939e+17
1.30971e+17
1.29681e+17
1.28314e+17
1.2663e+17
1.248e+17
1.22736e+17
1.20587e+17
1.18279e+17
1.15692e+17
1.13119e+17
1.09968e+17
1.06832e+17
1.03679e+17
1.00208e+17
9.64893e+16
9.26387e+16
8.88374e+16
8.49645e+16
8.10731e+16
7.71005e+16
7.27353e+16
6.82262e+16
6.35405e+16
5.89848e+16
5.42709e+16
4.93184e+16
4.41251e+16
3.91505e+16
3.41539e+16
2.91271e+16
2.38375e+16
1.8303e+16
1.21189e+16
4.73012e+15
5.29835e+15
1.34286e+16
2.0463e+16
2.66955e+16
3.24422e+16
3.8046e+16
4.35135e+16
4.87896e+16
5.41852e+16
5.94928e+16
6.47713e+16
6.94332e+16
7.41254e+16
7.92431e+16
8.41357e+16
8.87919e+16
9.34053e+16
9.77872e+16
1.02054e+17
1.06191e+17
1.09965e+17
1.13577e+17
1.16936e+17
1.20304e+17
1.23764e+17
1.26835e+17
1.29594e+17
1.32024e+17
1.34547e+17
1.36594e+17
1.3857e+17
1.40327e+17
1.41995e+17
1.43424e+17
1.44661e+17
1.45573e+17
1.4637e+17
1.46957e+17
1.47223e+17
1.47622e+17
1.47294e+17
1.46896e+17
1.46425e+17
1.45563e+17
1.44721e+17
1.43632e+17
1.42654e+17
1.41231e+17
1.39644e+17
1.37858e+17
1.35838e+17
1.33488e+17
1.31113e+17
1.28585e+17
1.25844e+17
1.22825e+17
1.1939e+17
1.16232e+17
1.12737e+17
1.09111e+17
1.05203e+17
1.00921e+17
9.68494e+16
9.25447e+16
8.82316e+16
8.38536e+16
7.89917e+16
7.4004e+16
6.91196e+16
6.40195e+16
5.89019e+16
5.35573e+16
4.8013e+16
4.25928e+16
3.71656e+16
3.16371e+16
2.58483e+16
1.98592e+16
1.31161e+16
5.1164e+15
5.79468e+15
1.45769e+16
2.20805e+16
2.8852e+16
3.51351e+16
4.11622e+16
4.70924e+16
5.28213e+16
5.84965e+16
6.42962e+16
6.99518e+16
7.51956e+16
8.02688e+16
8.57219e+16
9.10395e+16
9.62701e+16
1.01265e+17
1.05931e+17
1.10529e+17
1.14927e+17
1.19076e+17
1.23144e+17
1.26669e+17
1.30551e+17
1.3418e+17
1.37327e+17
1.403e+17
1.42927e+17
1.45487e+17
1.4801e+17
1.50168e+17
1.52112e+17
1.53894e+17
1.55214e+17
1.56377e+17
1.57494e+17
1.58386e+17
1.58775e+17
1.59e+17
1.59316e+17
1.59144e+17
1.58829e+17
1.58147e+17
1.57286e+17
1.56344e+17
1.55318e+17
1.54015e+17
1.52445e+17
1.50795e+17
1.48775e+17
1.46607e+17
1.44098e+17
1.41497e+17
1.38821e+17
1.3578e+17
1.32456e+17
1.29053e+17
1.25377e+17
1.21622e+17
1.17876e+17
1.13775e+17
1.09288e+17
1.04727e+17
1.00057e+17
9.52406e+16
9.03051e+16
8.51988e+16
7.98192e+16
7.45184e+16
6.90575e+16
6.34684e+16
5.78482e+16
5.18614e+16
4.59456e+16
4.00669e+16
3.40753e+16
2.79449e+16
2.14031e+16
1.41212e+16
5.52055e+15
6.21173e+15
1.57234e+16
2.37735e+16
3.09901e+16
3.7811e+16
4.43484e+16
5.06855e+16
5.69942e+16
6.29241e+16
6.91658e+16
7.52512e+16
8.10443e+16
8.67265e+16
9.24369e+16
9.79854e+16
1.03646e+17
1.08884e+17
1.13901e+17
1.18886e+17
1.23646e+17
1.28284e+17
1.32783e+17
1.36686e+17
1.40836e+17
1.44721e+17
1.47955e+17
1.51079e+17
1.53944e+17
1.56731e+17
1.59349e+17
1.61576e+17
1.63557e+17
1.65449e+17
1.67074e+17
1.68113e+17
1.69357e+17
1.69996e+17
1.70475e+17
1.70883e+17
1.7098e+17
1.70925e+17
1.70359e+17
1.69869e+17
1.68948e+17
1.68011e+17
1.66709e+17
1.65308e+17
1.63678e+17
1.61752e+17
1.59563e+17
1.57164e+17
1.54461e+17
1.51634e+17
1.48562e+17
1.4536e+17
1.41907e+17
1.38268e+17
1.34396e+17
1.30305e+17
1.26211e+17
1.21899e+17
1.17349e+17
1.12274e+17
1.07338e+17
1.02056e+17
9.67652e+16
9.12978e+16
8.5606e+16
8.00617e+16
7.40631e+16
6.80187e+16
6.20067e+16
5.56777e+16
4.9237e+16
4.29703e+16
3.64933e+16
2.99134e+16
2.29184e+16
1.51525e+16
5.90298e+15
6.61174e+15
1.68668e+16
2.54478e+16
3.31766e+16
4.05494e+16
4.75651e+16
5.42779e+16
6.0917e+16
6.72977e+16
7.41064e+16
8.06388e+16
8.69388e+16
9.3197e+16
9.92253e+16
1.05024e+17
1.10977e+17
1.16845e+17
1.22131e+17
1.27643e+17
1.3266e+17
1.37684e+17
1.42103e+17
1.46571e+17
1.50932e+17
1.55074e+17
1.58677e+17
1.61841e+17
1.64987e+17
1.67738e+17
1.7061e+17
1.72876e+17
1.75142e+17
1.77083e+17
1.78581e+17
1.79702e+17
1.81028e+17
1.81728e+17
1.82251e+17
1.8267e+17
1.8259e+17
1.82492e+17
1.81865e+17
1.81107e+17
1.80032e+17
1.78864e+17
1.77466e+17
1.76026e+17
1.74241e+17
1.72233e+17
1.69792e+17
1.67211e+17
1.64367e+17
1.61146e+17
1.58008e+17
1.54526e+17
1.50823e+17
1.46998e+17
1.43089e+17
1.38615e+17
1.34251e+17
1.29699e+17
1.24752e+17
1.19499e+17
1.14145e+17
1.08588e+17
1.02984e+17
9.73309e+16
9.14977e+16
8.5467e+16
7.90724e+16
7.25648e+16
6.61951e+16
5.9518e+16
5.26891e+16
4.5863e+16
3.90786e+16
3.18534e+16
2.44075e+16
1.61296e+16
6.31505e+15
6.93531e+15
1.78889e+16
2.7056e+16
3.54093e+16
4.32117e+16
5.07531e+16
5.80169e+16
6.50085e+16
7.18346e+16
7.89996e+16
8.58501e+16
9.27986e+16
9.95594e+16
1.05971e+17
1.12192e+17
1.18479e+17
1.24606e+17
1.30289e+17
1.36046e+17
1.41575e+17
1.46864e+17
1.51551e+17
1.56373e+17
1.60968e+17
1.6529e+17
1.6892e+17
1.72593e+17
1.75943e+17
1.789e+17
1.81806e+17
1.84364e+17
1.86501e+17
1.88486e+17
1.90052e+17
1.9131e+17
1.92329e+17
1.93177e+17
1.93589e+17
1.9406e+17
1.93768e+17
1.93537e+17
1.92944e+17
1.92106e+17
1.90814e+17
1.89655e+17
1.87973e+17
1.86271e+17
1.84321e+17
1.82198e+17
1.79589e+17
1.7679e+17
1.73681e+17
1.70343e+17
1.6693e+17
1.63228e+17
1.59203e+17
1.55117e+17
1.5111e+17
1.46496e+17
1.41892e+17
1.37046e+17
1.31837e+17
1.26375e+17
1.20636e+17
1.14988e+17
1.09129e+17
1.03188e+17
9.70287e+16
9.06311e+16
8.38401e+16
7.72301e+16
7.03545e+16
6.32605e+16
5.61847e+16
4.89718e+16
4.17035e+16
3.39513e+16
2.59972e+16
1.71732e+16
6.72659e+15
7.3198e+15
1.89397e+16
2.86688e+16
3.74794e+16
4.57326e+16
5.38544e+16
6.16852e+16
6.9186e+16
7.63935e+16
8.38607e+16
9.13083e+16
9.86446e+16
1.0571e+17
1.12647e+17
1.19383e+17
1.26099e+17
1.32381e+17
1.3847e+17
1.44608e+17
1.50362e+17
1.56038e+17
1.61104e+17
1.66309e+17
1.71146e+17
1.75488e+17
1.79373e+17
1.83241e+17
1.86242e+17
1.89746e+17
1.9263e+17
1.9518e+17
1.97585e+17
1.99435e+17
2.0124e+17
2.02332e+17
2.03494e+17
2.04186e+17
2.04416e+17
2.04845e+17
2.0447e+17
2.04157e+17
2.03628e+17
2.02602e+17
2.01362e+17
1.9999e+17
1.98122e+17
1.96079e+17
1.93842e+17
1.91649e+17
1.88802e+17
1.85761e+17
1.82619e+17
1.78916e+17
1.7514e+17
1.71306e+17
1.67259e+17
1.62906e+17
1.58858e+17
1.53989e+17
1.49083e+17
1.44081e+17
1.38799e+17
1.33181e+17
1.2699e+17
1.21254e+17
1.15089e+17
1.08776e+17
1.02277e+17
9.5548e+16
8.86622e+16
8.15865e+16
7.4397e+16
6.70952e+16
5.95596e+16
5.19057e+16
4.42384e+16
3.59978e+16
2.75296e+16
1.81641e+16
7.098e+15
7.68779e+15
2.00006e+16
3.03335e+16
3.96564e+16
4.83129e+16
5.68306e+16
6.52675e+16
7.33164e+16
8.1085e+16
8.89693e+16
9.68852e+16
1.04612e+17
1.11959e+17
1.19418e+17
1.26647e+17
1.33627e+17
1.40304e+17
1.46764e+17
1.53327e+17
1.59244e+17
1.65109e+17
1.70634e+17
1.7602e+17
1.80999e+17
1.85479e+17
1.89604e+17
1.93635e+17
1.96906e+17
2.00482e+17
2.03407e+17
2.05886e+17
2.08269e+17
2.10069e+17
2.11807e+17
2.13104e+17
2.14138e+17
2.14742e+17
2.14987e+17
2.15287e+17
2.14921e+17
2.14411e+17
2.1357e+17
2.1253e+17
2.11125e+17
2.09462e+17
2.07574e+17
2.05326e+17
2.02805e+17
2.00382e+17
1.97372e+17
1.94321e+17
1.90861e+17
1.87144e+17
1.83145e+17
1.79e+17
1.74798e+17
1.70254e+17
1.65845e+17
1.61016e+17
1.55923e+17
1.50623e+17
1.45045e+17
1.39341e+17
1.33091e+17
1.26939e+17
1.20773e+17
1.14152e+17
1.07432e+17
1.00455e+17
9.31868e+16
8.60132e+16
7.84216e+16
7.06363e+16
6.28511e+16
5.47925e+16
4.65577e+16
3.80075e+16
2.89724e+16
1.91464e+16
7.50017e+15
8.17838e+15
2.11048e+16
3.19472e+16
4.18551e+16
5.10846e+16
6.00414e+16
6.88175e+16
7.74238e+16
8.56411e+16
9.39693e+16
1.02261e+17
1.10379e+17
1.18304e+17
1.26304e+17
1.3389e+17
1.41138e+17
1.48302e+17
1.55003e+17
1.61998e+17
1.68217e+17
1.74125e+17
1.79943e+17
1.85417e+17
1.90662e+17
1.95284e+17
1.99601e+17
2.03845e+17
2.07285e+17
2.10711e+17
2.13881e+17
2.1622e+17
2.18587e+17
2.20614e+17
2.22032e+17
2.23379e+17
2.24417e+17
2.24996e+17
2.25206e+17
2.25118e+17
2.24752e+17
2.24081e+17
2.23196e+17
2.21825e+17
2.20153e+17
2.18564e+17
2.16411e+17
2.14026e+17
2.11399e+17
2.08684e+17
2.05286e+17
2.0204e+17
1.98431e+17
1.94638e+17
1.90543e+17
1.86382e+17
1.81935e+17
1.77244e+17
1.72368e+17
1.67479e+17
1.62097e+17
1.56705e+17
1.51014e+17
1.45059e+17
1.39036e+17
1.32605e+17
1.26151e+17
1.19273e+17
1.12288e+17
1.0517e+17
9.77502e+16
9.03294e+16
8.22266e+16
7.40225e+16
6.59118e+16
5.75585e+16
4.88945e+16
3.98993e+16
3.04109e+16
2.00897e+16
7.89291e+15
8.63436e+15
2.21119e+16
3.35772e+16
4.39979e+16
5.38105e+16
6.32446e+16
7.23396e+16
8.1291e+16
9.00472e+16
9.89659e+16
1.07791e+17
1.16135e+17
1.24709e+17
1.32997e+17
1.40876e+17
1.48541e+17
1.56149e+17
1.63234e+17
1.70375e+17
1.76983e+17
1.83216e+17
1.89299e+17
1.94941e+17
2.00073e+17
2.04997e+17
2.09688e+17
2.13889e+17
2.17669e+17
2.20914e+17
2.24122e+17
2.26536e+17
2.28844e+17
2.30635e+17
2.32052e+17
2.33391e+17
2.34274e+17
2.34974e+17
2.34938e+17
2.34758e+17
2.34189e+17
2.3337e+17
2.32013e+17
2.30558e+17
2.28643e+17
2.26873e+17
2.24498e+17
2.22002e+17
2.19103e+17
2.1621e+17
2.1263e+17
2.093e+17
2.05479e+17
2.01743e+17
1.97475e+17
1.93085e+17
1.8842e+17
1.83455e+17
1.78384e+17
1.73327e+17
1.68059e+17
1.62583e+17
1.5647e+17
1.50669e+17
1.44523e+17
1.37842e+17
1.31049e+17
1.2419e+17
1.16895e+17
1.097e+17
1.02201e+17
9.4267e+16
8.58029e+16
7.74047e+16
6.89101e+16
6.01437e+16
5.10528e+16
4.1686e+16
3.18692e+16
2.10576e+16
8.30186e+15
9.07376e+15
2.3211e+16
3.51961e+16
4.61167e+16
5.62791e+16
6.62102e+16
7.56932e+16
8.50893e+16
9.45622e+16
1.04127e+17
1.13181e+17
1.21931e+17
1.31071e+17
1.39822e+17
1.48116e+17
1.56123e+17
1.64019e+17
1.7153e+17
1.78802e+17
1.85696e+17
1.92357e+17
1.98386e+17
2.0427e+17
2.09697e+17
2.14913e+17
2.19539e+17
2.23823e+17
2.2762e+17
2.30976e+17
2.34163e+17
2.36252e+17
2.38609e+17
2.40206e+17
2.41591e+17
2.4287e+17
2.43571e+17
2.44038e+17
2.43847e+17
2.4357e+17
2.42786e+17
2.41695e+17
2.4039e+17
2.38614e+17
2.36597e+17
2.3447e+17
2.31874e+17
2.29419e+17
2.26128e+17
2.229e+17
2.19281e+17
2.15691e+17
2.1191e+17
2.07742e+17
2.03337e+17
1.98905e+17
1.94085e+17
1.89149e+17
1.84041e+17
1.78819e+17
1.73399e+17
1.67533e+17
1.6157e+17
1.55684e+17
1.49582e+17
1.42749e+17
1.35638e+17
1.28649e+17
1.2144e+17
1.13711e+17
1.0603e+17
9.79403e+16
8.92524e+16
8.07289e+16
7.19769e+16
6.27075e+16
5.32489e+16
4.34513e+16
3.33067e+16
2.20427e+16
8.70888e+15
9.5493e+15
2.43884e+16
3.6795e+16
4.81306e+16
5.86854e+16
6.92498e+16
7.93234e+16
8.91327e+16
9.93084e+16
1.09046e+17
1.18374e+17
1.27876e+17
1.37279e+17
1.46636e+17
1.5535e+17
1.63666e+17
1.7195e+17
1.79681e+17
1.8711e+17
1.94296e+17
2.00969e+17
2.07403e+17
2.13515e+17
2.19453e+17
2.24434e+17
2.28926e+17
2.33215e+17
2.37071e+17
2.40431e+17
2.43478e+17
2.45712e+17
2.48e+17
2.49541e+17
2.51005e+17
2.51855e+17
2.52428e+17
2.52581e+17
2.52312e+17
2.5157e+17
2.50786e+17
2.49452e+17
2.47969e+17
2.46206e+17
2.43763e+17
2.41571e+17
2.38727e+17
2.35966e+17
2.32522e+17
2.29017e+17
2.25234e+17
2.21491e+17
2.17462e+17
2.13247e+17
2.08589e+17
2.03914e+17
1.99215e+17
1.9402e+17
1.8901e+17
1.83504e+17
1.78124e+17
1.72118e+17
1.66092e+17
1.59978e+17
1.53999e+17
1.47119e+17
1.4003e+17
1.32901e+17
1.25456e+17
1.17492e+17
1.09653e+17
1.01374e+17
9.25464e+16
8.37362e+16
7.46763e+16
6.52612e+16
5.5436e+16
4.5379e+16
3.47113e+16
2.29386e+16
9.08308e+15
9.9171e+15
2.54911e+16
3.85567e+16
5.01488e+16
6.12854e+16
7.23179e+16
8.28219e+16
9.32799e+16
1.03687e+17
1.13891e+17
1.23725e+17
1.33752e+17
1.43687e+17
1.53269e+17
1.62423e+17
1.71213e+17
1.79838e+17
1.87839e+17
1.95599e+17
2.02911e+17
2.09722e+17
2.16343e+17
2.22504e+17
2.28584e+17
2.33564e+17
2.3815e+17
2.42496e+17
2.46314e+17
2.49691e+17
2.52727e+17
2.55e+17
2.57068e+17
2.58424e+17
2.59634e+17
2.6051e+17
2.60867e+17
2.60729e+17
2.60123e+17
2.59394e+17
2.58208e+17
2.56755e+17
2.55139e+17
2.52973e+17
2.50478e+17
2.47697e+17
2.44648e+17
2.41465e+17
2.38045e+17
2.34483e+17
2.30631e+17
2.26664e+17
2.2224e+17
2.17878e+17
2.13108e+17
2.08266e+17
2.03419e+17
1.98234e+17
1.93192e+17
1.87606e+17
1.82129e+17
1.76337e+17
1.70188e+17
1.6388e+17
1.57675e+17
1.50862e+17
1.4374e+17
1.36516e+17
1.28953e+17
1.21029e+17
1.13043e+17
1.04711e+17
9.56369e+16
8.66831e+16
7.72269e+16
6.76844e+16
5.7583e+16
4.71632e+16
3.60832e+16
2.38811e+16
9.47175e+15
1.0372e+16
2.66038e+16
4.01097e+16
5.22445e+16
6.40263e+16
7.53885e+16
8.63247e+16
9.71958e+16
1.07859e+17
1.18625e+17
1.29004e+17
1.39531e+17
1.49957e+17
1.59846e+17
1.69526e+17
1.78787e+17
1.8754e+17
1.95934e+17
2.03763e+17
2.11216e+17
2.18393e+17
2.25201e+17
2.31551e+17
2.37463e+17
2.42715e+17
2.47488e+17
2.51557e+17
2.55435e+17
2.58825e+17
2.61703e+17
2.63881e+17
2.65764e+17
2.67324e+17
2.68246e+17
2.68657e+17
2.6885e+17
2.68375e+17
2.67786e+17
2.66557e+17
2.65196e+17
2.63431e+17
2.61523e+17
2.59107e+17
2.56483e+17
2.53219e+17
2.5019e+17
2.46522e+17
2.43112e+17
2.39337e+17
2.35326e+17
2.31006e+17
2.26303e+17
2.21696e+17
2.16914e+17
2.11976e+17
2.06752e+17
2.01467e+17
1.96386e+17
1.90864e+17
1.85253e+17
1.7948e+17
1.73394e+17
1.66952e+17
1.60897e+17
1.53889e+17
1.46785e+17
1.39451e+17
1.32012e+17
1.24065e+17
1.1604e+17
1.0752e+17
9.8588e+16
8.94935e+16
7.98576e+16
7.01072e+16
5.96397e+16
4.87952e+16
3.74024e+16
2.48314e+16
9.83316e+15
1.07866e+16
2.76143e+16
4.17572e+16
5.44922e+16
6.65689e+16
7.84141e+16
8.97748e+16
1.01063e+17
1.12338e+17
1.23721e+17
1.34571e+17
1.45642e+17
1.56295e+17
1.66391e+17
1.76431e+17
1.85858e+17
1.95096e+17
2.03725e+17
2.11785e+17
2.19523e+17
2.27052e+17
2.34053e+17
2.4053e+17
2.46364e+17
2.5154e+17
2.56339e+17
2.6054e+17
2.64076e+17
2.67277e+17
2.70012e+17
2.72384e+17
2.73922e+17
2.75288e+17
2.76092e+17
2.76311e+17
2.76128e+17
2.7546e+17
2.74682e+17
2.73219e+17
2.71682e+17
2.69476e+17
2.67195e+17
2.64495e+17
2.61719e+17
2.58332e+17
2.54919e+17
2.51087e+17
2.47415e+17
2.43526e+17
2.39123e+17
2.34813e+17
2.30122e+17
2.25365e+17
2.20296e+17
2.1535e+17
2.10034e+17
2.04326e+17
1.99128e+17
1.93666e+17
1.8784e+17
1.82073e+17
1.76088e+17
1.69565e+17
1.63457e+17
1.56686e+17
1.49572e+17
1.42136e+17
1.3461e+17
1.26827e+17
1.18566e+17
1.10057e+17
1.013e+17
9.20468e+16
8.22472e+16
7.23673e+16
6.16141e+16
5.05522e+16
3.87809e+16
2.56998e+16
1.00686e+16
1.11553e+16
2.85009e+16
4.32555e+16
5.64464e+16
6.90718e+16
8.14156e+16
9.33798e+16
1.05143e+17
1.16898e+17
1.28585e+17
1.39917e+17
1.51364e+17
1.62383e+17
1.73032e+17
1.83405e+17
1.93251e+17
2.02597e+17
2.11248e+17
2.19828e+17
2.27966e+17
2.35659e+17
2.4258e+17
2.49061e+17
2.5482e+17
2.59925e+17
2.64705e+17
2.68865e+17
2.7239e+17
2.75448e+17
2.78185e+17
2.80154e+17
2.81702e+17
2.82836e+17
2.8338e+17
2.83444e+17
2.83051e+17
2.82042e+17
2.80868e+17
2.79229e+17
2.77301e+17
2.75139e+17
2.7269e+17
2.69789e+17
2.6655e+17
2.63062e+17
2.59297e+17
2.55152e+17
2.51161e+17
2.46883e+17
2.42422e+17
2.37907e+17
2.3315e+17
2.28159e+17
2.23169e+17
2.17881e+17
2.12687e+17
2.06889e+17
2.01346e+17
1.95632e+17
1.89774e+17
1.83898e+17
1.78111e+17
1.71531e+17
1.65187e+17
1.5858e+17
1.51737e+17
1.44378e+17
1.36793e+17
1.29034e+17
1.20907e+17
1.12428e+17
1.03587e+17
9.40268e+16
8.43638e+16
7.42301e+16
6.33744e+16
5.21556e+16
4.00331e+16
2.6524e+16
1.03847e+16
1.15005e+16
2.93982e+16
4.46569e+16
5.84863e+16
7.15856e+16
8.43722e+16
9.68484e+16
1.09159e+17
1.21256e+17
1.33483e+17
1.45517e+17
1.57216e+17
1.68565e+17
1.79535e+17
1.90179e+17
2.00254e+17
2.09804e+17
2.18795e+17
2.27846e+17
2.35838e+17
2.43418e+17
2.50673e+17
2.57067e+17
2.62898e+17
2.68196e+17
2.72946e+17
2.77086e+17
2.80507e+17
2.83493e+17
2.85975e+17
2.87946e+17
2.8924e+17
2.89869e+17
2.9013e+17
2.90039e+17
2.89225e+17
2.88325e+17
2.86777e+17
2.84896e+17
2.8272e+17
2.80066e+17
2.77288e+17
2.74018e+17
2.7077e+17
2.66823e+17
2.62871e+17
2.58781e+17
2.5454e+17
2.49979e+17
2.45263e+17
2.40291e+17
2.35398e+17
2.30182e+17
2.25076e+17
2.19869e+17
2.1436e+17
2.08732e+17
2.02932e+17
1.97247e+17
1.91221e+17
1.85228e+17
1.7938e+17
1.73056e+17
1.66589e+17
1.60082e+17
1.53241e+17
1.46104e+17
1.38567e+17
1.30884e+17
1.2272e+17
1.14348e+17
1.05711e+17
9.61376e+16
8.64875e+16
7.60946e+16
6.51342e+16
5.36134e+16
4.11955e+16
2.73096e+16
1.07385e+16
1.18479e+16
3.02573e+16
4.60932e+16
6.05131e+16
7.40522e+16
8.71677e+16
1.00161e+17
1.13002e+17
1.25734e+17
1.38165e+17
1.50619e+17
1.62814e+17
1.74536e+17
1.86001e+17
1.96897e+17
2.07076e+17
2.16989e+17
2.26265e+17
2.35371e+17
2.4372e+17
2.51531e+17
2.58632e+17
2.65161e+17
2.70994e+17
2.76374e+17
2.80716e+17
2.84853e+17
2.8807e+17
2.90836e+17
2.93152e+17
2.94772e+17
2.95833e+17
2.96383e+17
2.96291e+17
2.95697e+17
2.95007e+17
2.93549e+17
2.91988e+17
2.89646e+17
2.87227e+17
2.8433e+17
2.8121e+17
2.7774e+17
2.74131e+17
2.70181e+17
2.65929e+17
2.61335e+17
2.57221e+17
2.52148e+17
2.47492e+17
2.42308e+17
2.37236e+17
2.31717e+17
2.26456e+17
2.21084e+17
2.15657e+17
2.09949e+17
2.0426e+17
1.98435e+17
1.92477e+17
1.86457e+17
1.80376e+17
1.74097e+17
1.67447e+17
1.60951e+17
1.54211e+17
1.47012e+17
1.39615e+17
1.3196e+17
1.24083e+17
1.15801e+17
1.0749e+17
9.80897e+16
8.826e+16
7.78656e+16
6.68053e+16
5.51035e+16
4.23172e+16
2.80012e+16
1.1041e+16
1.21793e+16
3.11657e+16
4.74887e+16
6.2421e+16
7.64059e+16
8.99568e+16
1.0351e+17
1.16866e+17
1.30101e+17
1.43068e+17
1.5602e+17
1.68426e+17
1.80643e+17
1.92181e+17
2.03267e+17
2.13972e+17
2.24065e+17
2.33803e+17
2.42946e+17
2.51553e+17
2.59243e+17
2.66291e+17
2.72962e+17
2.7888e+17
2.84019e+17
2.88578e+17
2.92409e+17
2.95397e+17
2.98089e+17
2.9997e+17
3.01479e+17
3.02204e+17
3.02218e+17
3.01874e+17
3.01053e+17
3.00073e+17
2.98263e+17
2.96226e+17
2.93837e+17
2.91241e+17
2.87922e+17
2.84436e+17
2.80842e+17
2.76998e+17
2.72576e+17
2.682e+17
2.63435e+17
2.5916e+17
2.54104e+17
2.4901e+17
2.43826e+17
2.38503e+17
2.33026e+17
2.27482e+17
2.21852e+17
2.1636e+17
2.10594e+17
2.04727e+17
1.98925e+17
1.92962e+17
1.86826e+17
1.80742e+17
1.74653e+17
1.68163e+17
1.61549e+17
1.54991e+17
1.47871e+17
1.40436e+17
1.32967e+17
1.25305e+17
1.17236e+17
1.08826e+17
9.96583e+16
8.98176e+16
7.94676e+16
6.81742e+16
5.63818e+16
4.33403e+16
2.8728e+16
1.12952e+16
1.25246e+16
3.21188e+16
4.89616e+16
6.42952e+16
7.87405e+16
9.28419e+16
1.06952e+17
1.20814e+17
1.34413e+17
1.48081e+17
1.61261e+17
1.73957e+17
1.86487e+17
1.98353e+17
2.09709e+17
2.20737e+17
2.31077e+17
2.40975e+17
2.5042e+17
2.58956e+17
2.66739e+17
2.73976e+17
2.8067e+17
2.86541e+17
2.91274e+17
2.95655e+17
2.99372e+17
3.02077e+17
3.04453e+17
3.0612e+17
3.07236e+17
3.07687e+17
3.07744e+17
3.07131e+17
3.06238e+17
3.04645e+17
3.0268e+17
3.00204e+17
2.97535e+17
2.94519e+17
2.90919e+17
2.87177e+17
2.83302e+17
2.79008e+17
2.74577e+17
2.70082e+17
2.65394e+17
2.60442e+17
2.55428e+17
2.50097e+17
2.44848e+17
2.39239e+17
2.3378e+17
2.28211e+17
2.2242e+17
2.16485e+17
2.10919e+17
2.04961e+17
1.99009e+17
1.92954e+17
1.86779e+17
1.80793e+17
1.74747e+17
1.68291e+17
1.61783e+17
1.54992e+17
1.47917e+17
1.4095e+17
1.33394e+17
1.25878e+17
1.18003e+17
1.09917e+17
1.00902e+17
9.12739e+16
8.08309e+16
6.94054e+16
5.75851e+16
4.44567e+16
2.95205e+16
1.16011e+16
1.28634e+16
3.31005e+16
5.05211e+16
6.62076e+16
8.12215e+16
9.59439e+16
1.10449e+17
1.24916e+17
1.38885e+17
1.52819e+17
1.66439e+17
1.79533e+17
1.92438e+17
2.0437e+17
2.16231e+17
2.27558e+17
2.38103e+17
2.48253e+17
2.57702e+17
2.66295e+17
2.74262e+17
2.81528e+17
2.88188e+17
2.9353e+17
2.98365e+17
3.02623e+17
3.06006e+17
3.08403e+17
3.10635e+17
3.12236e+17
3.12866e+17
3.13168e+17
3.12817e+17
3.11976e+17
3.10641e+17
3.08712e+17
3.06212e+17
3.03389e+17
3.00332e+17
2.9697e+17
2.93463e+17
2.89443e+17
2.85222e+17
2.80747e+17
2.76252e+17
2.71499e+17
2.66642e+17
2.61599e+17
2.56203e+17
2.50852e+17
2.45303e+17
2.39813e+17
2.34062e+17
2.28343e+17
2.226e+17
2.16573e+17
2.10596e+17
2.0467e+17
1.98656e+17
1.92507e+17
1.8642e+17
1.80235e+17
1.74227e+17
1.67928e+17
1.61339e+17
1.54901e+17
1.48043e+17
1.40963e+17
1.33565e+17
1.26259e+17
1.18405e+17
1.10489e+17
1.01766e+17
9.21986e+16
8.17557e+16
7.04768e+16
5.85918e+16
4.52663e+16
3.01171e+16
1.18768e+16
1.31862e+16
3.40639e+16
5.19166e+16
6.82157e+16
8.37097e+16
9.87758e+16
1.13784e+17
1.28755e+17
1.43177e+17
1.5752e+17
1.71586e+17
1.85255e+17
1.98223e+17
2.10613e+17
2.22791e+17
2.34241e+17
2.4499e+17
2.55289e+17
2.64809e+17
2.73515e+17
2.81434e+17
2.88825e+17
2.95025e+17
3.00511e+17
3.05118e+17
3.09051e+17
3.12308e+17
3.14684e+17
3.16736e+17
3.17805e+17
3.18173e+17
3.1792e+17
3.17243e+17
3.1609e+17
3.14004e+17
3.1187e+17
3.09026e+17
3.06082e+17
3.02669e+17
2.99016e+17
2.95318e+17
2.9098e+17
2.86834e+17
2.82168e+17
2.77461e+17
2.72445e+17
2.67305e+17
2.62247e+17
2.57017e+17
2.51432e+17
2.45831e+17
2.39998e+17
2.34209e+17
2.28183e+17
2.2229e+17
2.16185e+17
2.10222e+17
2.04217e+17
1.98166e+17
1.91984e+17
1.85652e+17
1.79279e+17
1.73254e+17
1.66992e+17
1.60544e+17
1.54138e+17
1.47586e+17
1.40636e+17
1.33489e+17
1.26406e+17
1.18619e+17
1.10758e+17
1.02152e+17
9.29013e+16
8.2573e+16
7.12381e+16
5.93386e+16
4.594e+16
3.07088e+16
1.2142e+16
1.34781e+16
3.48091e+16
5.30937e+16
6.99428e+16
8.58812e+16
1.01552e+17
1.17162e+17
1.32526e+17
1.4746e+17
1.62102e+17
1.76515e+17
1.90674e+17
2.03976e+17
2.16834e+17
2.29373e+17
2.40827e+17
2.5197e+17
2.62344e+17
2.71884e+17
2.8067e+17
2.88441e+17
2.95342e+17
3.0143e+17
3.06823e+17
3.11066e+17
3.14883e+17
3.1801e+17
3.20229e+17
3.21883e+17
3.22161e+17
3.2238e+17
3.21817e+17
3.20836e+17
3.1911e+17
3.16982e+17
3.14559e+17
3.11617e+17
3.08557e+17
3.04895e+17
3.01076e+17
2.96791e+17
2.92327e+17
2.87898e+17
2.83012e+17
2.78156e+17
2.73055e+17
2.67732e+17
2.62387e+17
2.57063e+17
2.51587e+17
2.45689e+17
2.39976e+17
2.34083e+17
2.27928e+17
2.21811e+17
2.15598e+17
2.09663e+17
2.03585e+17
1.97272e+17
1.91204e+17
1.84833e+17
1.78423e+17
1.7216e+17
1.65666e+17
1.59505e+17
1.5314e+17
1.46263e+17
1.39934e+17
1.33024e+17
1.25941e+17
1.18429e+17
1.10633e+17
1.0226e+17
9.314e+16
8.29185e+16
7.18295e+16
5.9834e+16
4.65463e+16
3.1276e+16
1.23253e+16
1.37109e+16
3.5455e+16
5.42341e+16
7.15798e+16
8.80171e+16
1.0419e+17
1.20324e+17
1.36149e+17
1.51481e+17
1.66598e+17
1.81585e+17
1.95742e+17
2.09599e+17
2.23028e+17
2.35492e+17
2.47487e+17
2.58658e+17
2.69044e+17
2.78699e+17
2.87308e+17
2.94818e+17
3.01894e+17
3.07833e+17
3.12834e+17
3.17277e+17
3.20758e+17
3.23589e+17
3.2531e+17
3.26465e+17
3.26638e+17
3.26438e+17
3.25485e+17
3.24087e+17
3.22065e+17
3.19654e+17
3.1692e+17
3.13666e+17
3.10277e+17
3.06373e+17
3.02438e+17
2.97855e+17
2.93293e+17
2.88642e+17
2.83634e+17
2.78651e+17
2.73481e+17
2.68232e+17
2.62641e+17
2.57099e+17
2.51586e+17
2.45523e+17
2.39688e+17
2.33662e+17
2.27581e+17
2.21276e+17
2.15024e+17
2.08922e+17
2.02586e+17
1.96497e+17
1.90153e+17
1.83678e+17
1.77248e+17
1.70844e+17
1.64295e+17
1.58102e+17
1.51904e+17
1.45216e+17
1.38759e+17
1.32225e+17
1.25136e+17
1.17823e+17
1.10348e+17
1.01981e+17
9.31923e+16
8.31511e+16
7.23501e+16
6.04211e+16
4.71372e+16
3.16454e+16
1.25378e+16
1.39897e+16
3.61192e+16
5.53406e+16
7.31953e+16
9.00329e+16
1.06797e+17
1.23582e+17
1.39884e+17
1.55691e+17
1.71286e+17
1.86428e+17
2.01267e+17
2.15503e+17
2.2907e+17
2.4183e+17
2.54105e+17
2.65299e+17
2.75769e+17
2.85245e+17
2.93581e+17
3.0132e+17
3.08089e+17
3.13943e+17
3.1879e+17
3.2301e+17
3.26153e+17
3.28412e+17
3.29837e+17
3.30609e+17
3.30409e+17
3.29649e+17
3.2833e+17
3.26735e+17
3.24254e+17
3.21668e+17
3.18694e+17
3.15107e+17
3.11549e+17
3.07484e+17
3.03418e+17
2.98775e+17
2.94202e+17
2.89165e+17
2.84312e+17
2.7892e+17
2.73665e+17
2.68349e+17
2.62721e+17
2.56978e+17
2.51198e+17
2.45332e+17
2.39053e+17
2.33068e+17
2.26896e+17
2.20787e+17
2.14352e+17
2.08036e+17
2.01546e+17
1.95312e+17
1.892e+17
1.82819e+17
1.76283e+17
1.69821e+17
1.63233e+17
1.56683e+17
1.5034e+17
1.43737e+17
1.37356e+17
1.30653e+17
1.2398e+17
1.16921e+17
1.09746e+17
1.01604e+17
9.28185e+16
8.32104e+16
7.26401e+16
6.07518e+16
4.7537e+16
3.1956e+16
1.27844e+16
1.42803e+16
3.69435e+16
5.66015e+16
7.49153e+16
9.21703e+16
1.09493e+17
1.26575e+17
1.43297e+17
1.59781e+17
1.75762e+17
1.91384e+17
2.06647e+17
2.21084e+17
2.35095e+17
2.47817e+17
2.60374e+17
2.71477e+17
2.81971e+17
2.91346e+17
2.99937e+17
3.07418e+17
3.14108e+17
3.19645e+17
3.24274e+17
3.28126e+17
3.30702e+17
3.3264e+17
3.33578e+17
3.33944e+17
3.33529e+17
3.32632e+17
3.30936e+17
3.29021e+17
3.26291e+17
3.23415e+17
3.20168e+17
3.16417e+17
3.12544e+17
3.08388e+17
3.04129e+17
2.99531e+17
2.94748e+17
2.89619e+17
2.84441e+17
2.78977e+17
2.73592e+17
2.6795e+17
2.62314e+17
2.56341e+17
2.50653e+17
2.44501e+17
2.38449e+17
2.32118e+17
2.25991e+17
2.19883e+17
2.13364e+17
2.07055e+17
2.00475e+17
1.93929e+17
1.87598e+17
1.81241e+17
1.7482e+17
1.68373e+17
1.61822e+17
1.55094e+17
1.48846e+17
1.42222e+17
1.35692e+17
1.29248e+17
1.22638e+17
1.15825e+17
1.08745e+17
1.00958e+17
9.25076e+16
8.31713e+16
7.29503e+16
6.10495e+16
4.77913e+16
3.22963e+16
1.28804e+16
1.45892e+16
3.77398e+16
5.76036e+16
7.64226e+16
9.4306e+16
1.11924e+17
1.29524e+17
1.46914e+17
1.63852e+17
1.80192e+17
1.96278e+17
2.11985e+17
2.26562e+17
2.4078e+17
2.53913e+17
2.66441e+17
2.77499e+17
2.8803e+17
2.975e+17
3.05978e+17
3.13467e+17
3.19746e+17
3.24867e+17
3.29236e+17
3.3251e+17
3.34962e+17
3.36363e+17
3.37058e+17
3.37133e+17
3.36329e+17
3.35008e+17
3.32979e+17
3.30654e+17
3.27886e+17
3.24691e+17
3.2126e+17
3.17562e+17
3.13422e+17
3.09182e+17
3.04573e+17
2.99906e+17
2.94899e+17
2.89849e+17
2.84405e+17
2.79189e+17
2.73419e+17
2.67839e+17
2.62022e+17
2.56077e+17
2.49971e+17
2.43902e+17
2.37743e+17
2.31499e+17
2.25059e+17
2.18811e+17
2.12393e+17
2.05966e+17
1.99328e+17
1.92914e+17
1.86242e+17
1.79935e+17
1.73439e+17
1.66611e+17
1.60161e+17
1.53386e+17
1.47134e+17
1.40519e+17
1.34008e+17
1.27653e+17
1.21222e+17
1.14532e+17
1.07458e+17
1.00018e+17
9.19295e+16
8.28922e+16
7.29645e+16
6.13528e+16
4.80408e+16
3.25167e+16
1.30225e+16
1.49279e+16
3.84858e+16
5.88365e+16
7.78634e+16
9.62594e+16
1.1454e+17
1.32523e+17
1.50432e+17
1.67646e+17
1.84561e+17
2.01058e+17
2.16812e+17
2.31836e+17
2.46426e+17
2.59685e+17
2.72135e+17
2.83491e+17
2.93907e+17
3.03325e+17
3.11866e+17
3.18933e+17
3.24928e+17
3.29791e+17
3.33696e+17
3.3671e+17
3.38655e+17
3.39795e+17
3.40156e+17
3.3967e+17
3.38498e+17
3.36949e+17
3.34852e+17
3.32213e+17
3.29413e+17
3.2611e+17
3.22309e+17
3.18364e+17
3.14301e+17
3.09808e+17
3.05107e+17
3.00174e+17
2.95021e+17
2.89779e+17
2.84286e+17
2.7865e+17
2.73138e+17
2.67298e+17
2.61492e+17
2.55474e+17
2.49453e+17
2.43199e+17
2.36952e+17
2.30717e+17
2.24323e+17
2.17853e+17
2.11486e+17
2.04943e+17
1.98263e+17
1.91631e+17
1.84999e+17
1.78506e+17
1.71984e+17
1.65287e+17
1.58634e+17
1.51807e+17
1.45335e+17
1.38691e+17
1.3227e+17
1.25808e+17
1.19416e+17
1.12817e+17
1.0591e+17
9.87089e+16
9.10671e+16
8.23012e+16
7.27024e+16
6.13897e+16
4.82289e+16
3.27316e+16
1.31354e+16
1.52515e+16
3.92582e+16
6.00774e+16
7.94067e+16
9.82607e+16
1.16922e+17
1.35477e+17
1.53748e+17
1.71361e+17
1.88841e+17
2.0583e+17
2.21986e+17
2.37342e+17
2.52014e+17
2.6529e+17
2.77786e+17
2.89297e+17
2.99604e+17
3.08981e+17
3.17222e+17
3.2389e+17
3.29574e+17
3.34115e+17
3.3784e+17
3.40286e+17
3.41927e+17
3.42703e+17
3.42607e+17
3.41825e+17
3.40541e+17
3.388e+17
3.36329e+17
3.33701e+17
3.30562e+17
3.27074e+17
3.23244e+17
3.18981e+17
3.14817e+17
3.10226e+17
3.05331e+17
3.00446e+17
2.95101e+17
2.89632e+17
2.84217e+17
2.78538e+17
2.72667e+17
2.668e+17
2.60779e+17
2.54762e+17
2.48611e+17
2.42467e+17
2.36163e+17
2.29896e+17
2.23474e+17
2.17005e+17
2.10482e+17
2.03982e+17
1.9722e+17
1.90643e+17
1.83716e+17
1.77037e+17
1.7051e+17
1.63698e+17
1.57115e+17
1.50203e+17
1.43422e+17
1.36755e+17
1.3022e+17
1.23733e+17
1.17513e+17
1.11031e+17
1.04158e+17
9.7186e+16
8.98285e+16
8.14019e+16
7.20604e+16
6.10932e+16
4.8265e+16
3.27421e+16
1.31808e+16
1.54035e+16
3.98742e+16
6.12005e+16
8.09868e+16
1.00307e+17
1.19402e+17
1.38355e+17
1.56943e+17
1.75127e+17
1.9317e+17
2.10259e+17
2.26789e+17
2.42504e+17
2.57164e+17
2.70704e+17
2.83111e+17
2.94697e+17
3.05203e+17
3.14665e+17
3.22078e+17
3.28517e+17
3.33805e+17
3.381e+17
3.41483e+17
3.43497e+17
3.4485e+17
3.45142e+17
3.44775e+17
3.43773e+17
3.42006e+17
3.40357e+17
3.37705e+17
3.35064e+17
3.31527e+17
3.27991e+17
3.23961e+17
3.19713e+17
3.15279e+17
3.10533e+17
3.05433e+17
3.00345e+17
2.94764e+17
2.89518e+17
2.8379e+17
2.78233e+17
2.72258e+17
2.66383e+17
2.60189e+17
2.54214e+17
2.48094e+17
2.41763e+17
2.35368e+17
2.29183e+17
2.22571e+17
2.16119e+17
2.09361e+17
2.03103e+17
1.96359e+17
1.89748e+17
1.82721e+17
1.75835e+17
1.69017e+17
1.62247e+17
1.55517e+17
1.48675e+17
1.41815e+17
1.34982e+17
1.28425e+17
1.21755e+17
1.15354e+17
1.09082e+17
1.02275e+17
9.5419e+16
8.82214e+16
8.03316e+16
7.12762e+16
6.07453e+16
4.8058e+16
3.27513e+16
1.32581e+16
1.56714e+16
4.0508e+16
6.21919e+16
8.25377e+16
1.02144e+17
1.21739e+17
1.41159e+17
1.60157e+17
1.78851e+17
1.97153e+17
2.14765e+17
2.31711e+17
2.47497e+17
2.62313e+17
2.75978e+17
2.8856e+17
3.00243e+17
3.10617e+17
3.19387e+17
3.26671e+17
3.3283e+17
3.37955e+17
3.41772e+17
3.44812e+17
3.46456e+17
3.47186e+17
3.47021e+17
3.46513e+17
3.45197e+17
3.43846e+17
3.41612e+17
3.3915e+17
3.35884e+17
3.32437e+17
3.28796e+17
3.2437e+17
3.20154e+17
3.15488e+17
3.1062e+17
3.05304e+17
3.00318e+17
2.94578e+17
2.89394e+17
2.83503e+17
2.77873e+17
2.7191e+17
2.65994e+17
2.59895e+17
2.53746e+17
2.47521e+17
2.41321e+17
2.34923e+17
2.28652e+17
2.22066e+17
2.15448e+17
2.08707e+17
2.02117e+17
1.95245e+17
1.8864e+17
1.81778e+17
1.74815e+17
1.67901e+17
1.60997e+17
1.54169e+17
1.4712e+17
1.40269e+17
1.33347e+17
1.26496e+17
1.19712e+17
1.13394e+17
1.06935e+17
1.00345e+17
9.36007e+16
8.64644e+16
7.89969e+16
7.03413e+16
6.01595e+16
4.78671e+16
3.27358e+16
1.32532e+16
1.58763e+16
4.11485e+16
6.33368e+16
8.39669e+16
1.0404e+17
1.24142e+17
1.43923e+17
1.635e+17
1.82674e+17
2.0123e+17
2.19093e+17
2.36316e+17
2.52317e+17
2.67312e+17
2.81079e+17
2.93719e+17
3.05187e+17
3.1532e+17
3.23909e+17
3.3118e+17
3.36851e+17
3.41722e+17
3.45076e+17
3.4741e+17
3.48441e+17
3.48973e+17
3.48984e+17
3.48188e+17
3.46936e+17
3.45163e+17
3.42755e+17
3.39848e+17
3.36514e+17
3.3289e+17
3.288e+17
3.24633e+17
3.20212e+17
3.15438e+17
3.10484e+17
3.05311e+17
3.00088e+17
2.94735e+17
2.89199e+17
2.83498e+17
2.77566e+17
2.718e+17
2.6585e+17
2.59734e+17
2.5351e+17
2.47326e+17
2.40981e+17
2.3453e+17
2.28059e+17
2.21693e+17
2.15014e+17
2.0816e+17
2.01481e+17
1.94611e+17
1.87764e+17
1.81075e+17
1.74008e+17
1.66984e+17
1.59754e+17
1.52882e+17
1.45884e+17
1.3867e+17
1.3167e+17
1.24786e+17
1.17875e+17
1.11235e+17
1.04902e+17
9.84058e+16
9.17926e+16
8.49312e+16
7.74702e+16
6.92619e+16
5.93252e+16
4.74732e+16
3.26262e+16
1.32029e+16
1.61556e+16
4.18936e+16
6.43241e+16
8.5437e+16
1.05902e+17
1.26335e+17
1.46621e+17
1.66417e+17
1.8597e+17
2.04986e+17
2.23373e+17
2.4078e+17
2.57175e+17
2.72286e+17
2.85932e+17
2.98617e+17
3.09993e+17
3.19737e+17
3.28107e+17
3.34846e+17
3.40375e+17
3.44765e+17
3.47488e+17
3.49477e+17
3.5041e+17
3.51057e+17
3.50755e+17
3.49754e+17
3.48108e+17
3.45936e+17
3.43604e+17
3.40248e+17
3.36929e+17
3.32975e+17
3.28814e+17
3.24569e+17
3.20044e+17
3.15191e+17
3.10096e+17
3.05003e+17
2.99715e+17
2.94318e+17
2.88834e+17
2.82992e+17
2.77265e+17
2.71359e+17
2.65434e+17
2.59336e+17
2.53201e+17
2.47113e+17
2.40595e+17
2.34328e+17
2.27755e+17
2.21362e+17
2.14754e+17
2.07969e+17
2.01207e+17
1.94358e+17
1.87234e+17
1.80443e+17
1.73256e+17
1.66224e+17
1.58998e+17
1.51682e+17
1.44693e+17
1.375e+17
1.30168e+17
1.23067e+17
1.15956e+17
1.09406e+17
1.02777e+17
9.63497e+16
8.98174e+16
8.2957e+16
7.59668e+16
6.79796e+16
5.85842e+16
4.7142e+16
3.24693e+16
1.31605e+16
1.64314e+16
4.25242e+16
6.52749e+16
8.6719e+16
1.07776e+17
1.28571e+17
1.49258e+17
1.6956e+17
1.8962e+17
2.08986e+17
2.27563e+17
2.452e+17
2.61725e+17
2.76895e+17
2.9063e+17
3.03189e+17
3.14439e+17
3.2401e+17
3.32005e+17
3.38203e+17
3.43598e+17
3.47252e+17
3.49737e+17
3.51597e+17
3.52419e+17
3.52631e+17
3.51916e+17
3.50826e+17
3.48882e+17
3.46522e+17
3.43849e+17
3.40611e+17
3.36978e+17
3.33178e+17
3.28897e+17
3.24573e+17
3.19841e+17
3.14914e+17
3.0981e+17
3.04624e+17
2.99209e+17
2.93764e+17
2.88224e+17
2.82637e+17
2.76885e+17
2.70958e+17
2.65075e+17
2.58861e+17
2.52925e+17
2.4674e+17
2.40499e+17
2.34029e+17
2.27589e+17
2.21021e+17
2.14555e+17
2.07693e+17
2.00913e+17
1.94088e+17
1.87071e+17
1.79938e+17
1.72895e+17
1.6558e+17
1.58307e+17
1.5086e+17
1.43567e+17
1.36247e+17
1.28989e+17
1.21539e+17
1.14285e+17
1.0728e+17
1.0074e+17
9.42884e+16
8.78183e+16
8.11479e+16
7.41952e+16
6.67081e+16
5.76371e+16
4.65009e+16
3.21639e+16
1.31806e+16
1.66075e+16
4.30809e+16
6.63606e+16
8.81621e+16
1.09443e+17
1.30769e+17
1.51832e+17
1.72596e+17
1.93126e+17
2.12677e+17
2.3149e+17
2.49417e+17
2.66026e+17
2.81295e+17
2.9519e+17
3.07663e+17
3.18604e+17
3.27733e+17
3.35239e+17
3.41328e+17
3.46151e+17
3.49307e+17
3.51778e+17
3.53526e+17
3.54071e+17
3.53977e+17
3.53065e+17
3.51594e+17
3.49556e+17
3.46975e+17
3.44424e+17
3.41031e+17
3.37234e+17
3.33279e+17
3.2878e+17
3.24377e+17
3.1954e+17
3.14717e+17
3.09481e+17
3.04243e+17
2.98786e+17
2.93447e+17
2.8779e+17
2.82307e+17
2.76624e+17
2.7068e+17
2.64848e+17
2.58782e+17
2.5276e+17
2.4658e+17
2.40277e+17
2.34003e+17
2.27466e+17
2.21055e+17
2.14355e+17
2.07609e+17
2.00809e+17
1.93977e+17
1.87051e+17
1.79875e+17
1.7251e+17
1.65462e+17
1.57875e+17
1.50472e+17
1.42907e+17
1.35351e+17
1.27858e+17
1.20342e+17
1.12804e+17
1.05519e+17
9.87766e+16
9.22013e+16
8.58086e+16
7.92212e+16
7.23985e+16
6.51444e+16
5.64799e+16
4.56918e+16
3.18496e+16
1.30574e+16
1.67769e+16
4.35123e+16
6.72219e+16
8.94264e+16
1.11317e+17
1.329e+17
1.54442e+17
1.75741e+17
1.96445e+17
2.16444e+17
2.35651e+17
2.53843e+17
2.70391e+17
2.85673e+17
2.99452e+17
3.11852e+17
3.22471e+17
3.31252e+17
3.38123e+17
3.43925e+17
3.48191e+17
3.51353e+17
3.53716e+17
3.54987e+17
3.5518e+17
3.54735e+17
3.5376e+17
3.52254e+17
3.50092e+17
3.47468e+17
3.44535e+17
3.40773e+17
3.37028e+17
3.32859e+17
3.2848e+17
3.2391e+17
3.19212e+17
3.14256e+17
3.0909e+17
3.03814e+17
2.9854e+17
2.93058e+17
2.87676e+17
2.82011e+17
2.76522e+17
2.70623e+17
2.64799e+17
2.58755e+17
2.52746e+17
2.46757e+17
2.40383e+17
2.34157e+17
2.27713e+17
2.21174e+17
2.14583e+17
2.07917e+17
2.00903e+17
1.94148e+17
1.87122e+17
1.79987e+17
1.72564e+17
1.65123e+17
1.57822e+17
1.50022e+17
1.42573e+17
1.34751e+17
1.26876e+17
1.19255e+17
1.11651e+17
1.04001e+17
9.69621e+16
9.01257e+16
8.37217e+16
7.73677e+16
7.06512e+16
6.35098e+16
5.52242e+16
4.48036e+16
3.1387e+16
1.2898e+16
1.69026e+16
4.39311e+16
6.79891e+16
9.07009e+16
1.1288e+17
1.35003e+17
1.56984e+17
1.78714e+17
1.99698e+17
2.20182e+17
2.39559e+17
2.57698e+17
2.74371e+17
2.8967e+17
3.03311e+17
3.15625e+17
3.25775e+17
3.34095e+17
3.40802e+17
3.46328e+17
3.50325e+17
3.53153e+17
3.55286e+17
3.56153e+17
3.56182e+17
3.556e+17
3.54527e+17
3.52736e+17
3.50315e+17
3.47603e+17
3.44236e+17
3.40661e+17
3.3685e+17
3.32539e+17
3.28083e+17
3.23612e+17
3.18763e+17
3.13982e+17
3.0894e+17
3.03793e+17
2.98614e+17
2.93152e+17
2.87795e+17
2.82168e+17
2.76564e+17
2.70893e+17
2.65087e+17
2.5905e+17
2.53066e+17
2.4712e+17
2.4091e+17
2.34559e+17
2.28209e+17
2.21689e+17
2.15009e+17
2.0844e+17
2.0147e+17
1.94459e+17
1.87418e+17
1.80285e+17
1.72926e+17
1.65403e+17
1.57916e+17
1.50133e+17
1.42317e+17
1.34503e+17
1.26468e+17
1.18585e+17
1.10592e+17
1.02849e+17
9.54101e+16
8.83769e+16
8.16834e+16
7.52216e+16
6.87779e+16
6.18257e+16
5.39544e+16
4.39362e+16
3.08775e+16
1.27662e+16
1.70618e+16
4.45111e+16
6.87323e+16
9.19196e+16
1.14613e+17
1.37138e+17
1.59415e+17
1.81513e+17
2.02997e+17
2.23756e+17
2.43256e+17
2.61509e+17
2.78254e+17
2.93452e+17
3.07054e+17
3.19108e+17
3.28846e+17
3.36821e+17
3.43207e+17
3.48349e+17
3.52019e+17
3.54609e+17
3.5638e+17
3.56939e+17
3.56822e+17
3.56087e+17
3.54698e+17
3.52639e+17
3.5021e+17
3.47166e+17
3.43875e+17
3.40434e+17
3.36325e+17
3.32023e+17
3.27839e+17
3.2327e+17
3.18582e+17
3.13726e+17
3.08802e+17
3.03581e+17
2.98538e+17
2.93121e+17
2.87753e+17
2.82254e+17
2.76613e+17
2.71048e+17
2.65092e+17
2.59241e+17
2.53345e+17
2.47235e+17
2.41256e+17
2.34959e+17
2.28672e+17
2.2238e+17
2.15703e+17
2.09061e+17
2.022e+17
1.95309e+17
1.88033e+17
1.80792e+17
1.73319e+17
1.65875e+17
1.58213e+17
1.50501e+17
1.42442e+17
1.34339e+17
1.26158e+17
1.18055e+17
1.09889e+17
1.01805e+17
9.40416e+16
8.66653e+16
7.99232e+16
7.32451e+16
6.68198e+16
6.0069e+16
5.24574e+16
4.28544e+16
3.0291e+16
1.25071e+16
1.7179e+16
4.47473e+16
6.94019e+16
9.29957e+16
1.16135e+17
1.39088e+17
1.61877e+17
1.84423e+17
2.06199e+17
2.27124e+17
2.46839e+17
2.65258e+17
2.82093e+17
2.97025e+17
3.10501e+17
3.2214e+17
3.31354e+17
3.3898e+17
3.45234e+17
3.49976e+17
3.5333e+17
3.55869e+17
3.57103e+17
3.57551e+17
3.57279e+17
3.56385e+17
3.54865e+17
3.52846e+17
3.50214e+17
3.47104e+17
3.43694e+17
3.39987e+17
3.35772e+17
3.31742e+17
3.27227e+17
3.22929e+17
3.18298e+17
3.13551e+17
3.08608e+17
3.03584e+17
2.98434e+17
2.93229e+17
2.87923e+17
2.82608e+17
2.77039e+17
2.71543e+17
2.65872e+17
2.60011e+17
2.54133e+17
2.48119e+17
2.4187e+17
2.35812e+17
2.29361e+17
2.23094e+17
2.1658e+17
2.10028e+17
2.0317e+17
1.96221e+17
1.89109e+17
1.81782e+17
1.74346e+17
1.66601e+17
1.58937e+17
1.51035e+17
1.43018e+17
1.34802e+17
1.26396e+17
1.17896e+17
1.09421e+17
1.01221e+17
9.30631e+16
8.52181e+16
7.81937e+16
7.14741e+16
6.50123e+16
5.84054e+16
5.10329e+16
4.18513e+16
2.9724e+16
1.23151e+16
1.72559e+16
4.50821e+16
7.00747e+16
9.3938e+16
1.17505e+17
1.40938e+17
1.64016e+17
1.87002e+17
2.09254e+17
2.30493e+17
2.50313e+17
2.6867e+17
2.85341e+17
3.00454e+17
3.13649e+17
3.24686e+17
3.33531e+17
3.41033e+17
3.46774e+17
3.51129e+17
3.54475e+17
3.56477e+17
3.57659e+17
3.57946e+17
3.57591e+17
3.56647e+17
3.54893e+17
3.52631e+17
3.49649e+17
3.46452e+17
3.42991e+17
3.39262e+17
3.35404e+17
3.31375e+17
3.2694e+17
3.22589e+17
3.17933e+17
3.13278e+17
3.08494e+17
3.03667e+17
2.98576e+17
2.9348e+17
2.88267e+17
2.82931e+17
2.77598e+17
2.72161e+17
2.66476e+17
2.60764e+17
2.54964e+17
2.49183e+17
2.42995e+17
2.36778e+17
2.30407e+17
2.24018e+17
2.17546e+17
2.10908e+17
2.04248e+17
1.97283e+17
1.90285e+17
1.82919e+17
1.75432e+17
1.67645e+17
1.5983e+17
1.51808e+17
1.43631e+17
1.35229e+17
1.26673e+17
1.18152e+17
1.09347e+17
1.00598e+17
9.22444e+16
8.40916e+16
7.65841e+16
6.96109e+16
6.30808e+16
5.65942e+16
4.96133e+16
4.08385e+16
2.90483e+16
1.22279e+16
1.72733e+16
4.54595e+16
7.06508e+16
9.49264e+16
1.1898e+17
1.42778e+17
1.6639e+17
1.8979e+17
2.12189e+17
2.33686e+17
2.53534e+17
2.72033e+17
2.88779e+17
3.03478e+17
3.1648e+17
3.27085e+17
3.35675e+17
3.42707e+17
3.4803e+17
3.52473e+17
3.5548e+17
3.57193e+17
3.5825e+17
3.58268e+17
3.57742e+17
3.56406e+17
3.54379e+17
3.51762e+17
3.49092e+17
3.4597e+17
3.42676e+17
3.38821e+17
3.3516e+17
3.3116e+17
3.26902e+17
3.22784e+17
3.18103e+17
3.13597e+17
3.08865e+17
3.04095e+17
2.9913e+17
2.94208e+17
2.88976e+17
2.83928e+17
2.78471e+17
2.7307e+17
2.67432e+17
2.61817e+17
2.55981e+17
2.50343e+17
2.44229e+17
2.38082e+17
2.31818e+17
2.25273e+17
2.1889e+17
2.12159e+17
2.05583e+17
1.98693e+17
1.9183e+17
1.84405e+17
1.7689e+17
1.69092e+17
1.61099e+17
1.53024e+17
1.44737e+17
1.36276e+17
1.27402e+17
1.18628e+17
1.09724e+17
1.0053e+17
9.17496e+16
8.32334e+16
7.54083e+16
6.80817e+16
6.1292e+16
5.4693e+16
4.78846e+16
3.96924e+16
2.84557e+16
1.21275e+16
1.74782e+16
4.58182e+16
7.12972e+16
9.58892e+16
1.20283e+17
1.44545e+17
1.68612e+17
1.922e+17
2.15042e+17
2.3674e+17
2.56784e+17
2.75299e+17
2.91817e+17
3.06439e+17
3.18965e+17
3.29076e+17
3.37333e+17
3.44076e+17
3.49309e+17
3.53404e+17
3.55944e+17
3.57737e+17
3.58371e+17
3.58171e+17
3.57439e+17
3.55899e+17
3.53723e+17
3.51369e+17
3.4862e+17
3.45493e+17
3.42095e+17
3.38503e+17
3.34904e+17
3.30974e+17
3.26902e+17
3.22684e+17
3.18182e+17
3.13768e+17
3.09146e+17
3.04517e+17
2.99818e+17
2.94717e+17
2.89853e+17
2.84662e+17
2.79378e+17
2.74112e+17
2.68596e+17
2.62977e+17
2.57385e+17
2.51437e+17
2.45811e+17
2.39621e+17
2.3367e+17
2.27011e+17
2.20555e+17
2.13668e+17
2.07188e+17
2.00034e+17
1.93271e+17
1.86018e+17
1.78451e+17
1.70738e+17
1.62648e+17
1.54534e+17
1.46055e+17
1.37426e+17
1.28446e+17
1.19442e+17
1.10139e+17
1.0084e+17
9.1555e+16
8.25418e+16
7.4212e+16
6.66195e+16
5.95704e+16
5.30172e+16
4.62747e+16
3.84678e+16
2.77213e+16
1.18351e+16
1.75881e+16
4.6113e+16
7.18959e+16
9.67817e+16
1.21568e+17
1.46251e+17
1.70684e+17
1.94728e+17
2.17738e+17
2.39491e+17
2.5975e+17
2.78158e+17
2.94702e+17
3.09065e+17
3.21056e+17
3.30973e+17
3.38863e+17
3.45315e+17
3.50265e+17
3.53944e+17
3.56431e+17
3.57814e+17
3.58211e+17
3.57882e+17
3.56905e+17
3.55173e+17
3.53155e+17
3.50661e+17
3.47853e+17
3.44952e+17
3.41754e+17
3.3823e+17
3.34639e+17
3.30783e+17
3.26965e+17
3.22778e+17
3.18573e+17
3.14267e+17
3.09638e+17
3.05112e+17
3.00496e+17
2.95662e+17
2.90955e+17
2.85878e+17
2.80771e+17
2.75373e+17
2.69984e+17
2.64386e+17
2.58824e+17
2.53116e+17
2.47185e+17
2.41254e+17
2.35201e+17
2.2901e+17
2.22546e+17
2.15796e+17
2.09093e+17
2.02074e+17
1.94938e+17
1.87869e+17
1.80285e+17
1.72653e+17
1.64559e+17
1.563e+17
1.47673e+17
1.39068e+17
1.29967e+17
1.20663e+17
1.11141e+17
1.01352e+17
9.18701e+16
8.25071e+16
7.35878e+16
6.53805e+16
5.80734e+16
5.13398e+16
4.47409e+16
3.71849e+16
2.69329e+16
1.14757e+16
1.76561e+16
4.63179e+16
7.23833e+16
9.76894e+16
1.22832e+17
1.47842e+17
1.72724e+17
1.96978e+17
2.20217e+17
2.42328e+17
2.62517e+17
2.80928e+17
2.97314e+17
3.11298e+17
3.23019e+17
3.32427e+17
3.40092e+17
3.46384e+17
3.50774e+17
3.54362e+17
3.56393e+17
3.5748e+17
3.57822e+17
3.57414e+17
3.56195e+17
3.54541e+17
3.52441e+17
3.50031e+17
3.47609e+17
3.44683e+17
3.41396e+17
3.37983e+17
3.34359e+17
3.3053e+17
3.26817e+17
3.22723e+17
3.18811e+17
3.14473e+17
3.10237e+17
3.05893e+17
3.01507e+17
2.96909e+17
2.92247e+17
2.87337e+17
2.82379e+17
2.77123e+17
2.71925e+17
2.66312e+17
2.60766e+17
2.55139e+17
2.49256e+17
2.43322e+17
2.37231e+17
2.3087e+17
2.24613e+17
2.18062e+17
2.11279e+17
2.04326e+17
1.97182e+17
1.89847e+17
1.82288e+17
1.74645e+17
1.6676e+17
1.58382e+17
1.49662e+17
1.40663e+17
1.31479e+17
1.22097e+17
1.12367e+17
1.02353e+17
9.23782e+16
8.23744e+16
7.30035e+16
6.443e+16
5.66756e+16
4.97555e+16
4.31348e+16
3.58703e+16
2.60347e+16
1.11819e+16
1.76023e+16
4.64824e+16
7.28139e+16
9.84473e+16
1.2407e+17
1.49442e+17
1.74734e+17
1.99321e+17
2.2278e+17
2.44917e+17
2.65172e+17
2.83529e+17
2.99671e+17
3.13299e+17
3.24691e+17
3.33696e+17
3.41218e+17
3.4701e+17
3.51358e+17
3.54355e+17
3.56093e+17
3.5711e+17
3.57199e+17
3.56655e+17
3.55418e+17
3.53679e+17
3.51664e+17
3.49513e+17
3.46972e+17
3.44138e+17
3.40915e+17
3.37602e+17
3.34164e+17
3.30681e+17
3.27017e+17
3.2323e+17
3.19313e+17
3.15206e+17
3.11047e+17
3.06901e+17
3.02589e+17
2.98152e+17
2.93431e+17
2.88731e+17
2.83782e+17
2.78857e+17
2.73726e+17
2.6841e+17
2.62949e+17
2.5745e+17
2.51581e+17
2.45739e+17
2.39676e+17
2.33406e+17
2.26784e+17
2.20385e+17
2.1365e+17
2.06799e+17
1.99449e+17
1.92388e+17
1.84705e+17
1.76858e+17
1.68942e+17
1.60702e+17
1.51965e+17
1.42977e+17
1.33556e+17
1.23905e+17
1.13935e+17
1.03501e+17
9.33957e+16
8.29696e+16
7.3006e+16
6.37413e+16
5.54394e+16
4.82894e+16
4.1601e+16
3.43968e+16
2.51496e+16
1.08958e+16
1.7575e+16
4.65829e+16
7.32089e+16
9.94094e+16
1.25211e+17
1.51042e+17
1.76721e+17
2.01575e+17
2.25172e+17
2.47455e+17
2.67622e+17
2.85898e+17
3.01865e+17
3.14945e+17
3.25969e+17
3.34874e+17
3.41839e+17
3.47391e+17
3.51256e+17
3.54047e+17
3.55695e+17
3.5655e+17
3.5635e+17
3.55786e+17
3.54495e+17
3.52856e+17
3.51106e+17
3.48881e+17
3.46345e+17
3.4342e+17
3.40532e+17
3.37441e+17
3.34423e+17
3.30782e+17
3.27316e+17
3.23737e+17
3.19799e+17
3.1598e+17
3.11932e+17
3.07989e+17
3.03646e+17
2.99471e+17
2.94932e+17
2.90442e+17
2.85594e+17
2.80748e+17
2.75862e+17
2.70679e+17
2.65432e+17
2.5989e+17
2.54214e+17
2.48228e+17
2.42189e+17
2.36125e+17
2.29587e+17
2.23056e+17
2.16279e+17
2.09508e+17
2.0222e+17
1.9483e+17
1.87427e+17
1.79474e+17
1.71459e+17
1.63179e+17
1.54444e+17
1.4525e+17
1.35775e+17
1.25963e+17
1.15886e+17
1.05232e+17
9.44553e+16
8.36626e+16
7.31732e+16
6.34407e+16
5.45915e+16
4.69661e+16
4.01709e+16
3.31832e+16
2.422e+16
1.05948e+16
1.75225e+16
4.64812e+16
7.34868e+16
9.98404e+16
1.26243e+17
1.52558e+17
1.78575e+17
2.03572e+17
2.27555e+17
2.49901e+17
2.70013e+17
2.88155e+17
3.03559e+17
3.16422e+17
3.2718e+17
3.35474e+17
3.42253e+17
3.47414e+17
3.51166e+17
3.53558e+17
3.55054e+17
3.55407e+17
3.55429e+17
3.54809e+17
3.53422e+17
3.52091e+17
3.50288e+17
3.48094e+17
3.45635e+17
3.43117e+17
3.40475e+17
3.37522e+17
3.34269e+17
3.30917e+17
3.27655e+17
3.24079e+17
3.20324e+17
3.16695e+17
3.12887e+17
3.09136e+17
3.05057e+17
3.00897e+17
2.96519e+17
2.92183e+17
2.87509e+17
2.82879e+17
2.78038e+17
2.73113e+17
2.67903e+17
2.62473e+17
2.57002e+17
2.51263e+17
2.45126e+17
2.38999e+17
2.32609e+17
2.26002e+17
2.19174e+17
2.12221e+17
2.05148e+17
1.97665e+17
1.90141e+17
1.82379e+17
1.74219e+17
1.65945e+17
1.57274e+17
1.48059e+17
1.38461e+17
1.28407e+17
1.18126e+17
1.07281e+17
9.62025e+16
8.4929e+16
7.38455e+16
6.342e+16
5.39669e+16
4.59032e+16
3.88138e+16
3.1841e+16
2.32875e+16
1.02688e+16
1.74019e+16
4.65776e+16
7.38971e+16
1.00611e+17
1.27555e+17
1.54093e+17
1.80314e+17
2.05761e+17
2.29827e+17
2.521e+17
2.72157e+17
2.89959e+17
3.05209e+17
3.17677e+17
3.27795e+17
3.36068e+17
3.42426e+17
3.47366e+17
3.50544e+17
3.52739e+17
3.53998e+17
3.54454e+17
3.54407e+17
3.53644e+17
3.52535e+17
3.5108e+17
3.49272e+17
3.47172e+17
3.45069e+17
3.42662e+17
3.39974e+17
3.36773e+17
3.33921e+17
3.31054e+17
3.27677e+17
3.24463e+17
3.21058e+17
3.17705e+17
3.13887e+17
3.10338e+17
3.06441e+17
3.02528e+17
2.98382e+17
2.94295e+17
2.89703e+17
2.85218e+17
2.80349e+17
2.75546e+17
2.70486e+17
2.65319e+17
2.59838e+17
2.54322e+17
2.48282e+17
2.42137e+17
2.35829e+17
2.29137e+17
2.22299e+17
2.15231e+17
2.08169e+17
2.00743e+17
1.93335e+17
1.85358e+17
1.77072e+17
1.68721e+17
1.60055e+17
1.50832e+17
1.41264e+17
1.31234e+17
1.20596e+17
1.09506e+17
9.80304e+16
8.64285e+16
7.4819e+16
6.37413e+16
5.36248e+16
4.4958e+16
3.75812e+16
3.07057e+16
2.24381e+16
9.89682e+15
1.73862e+16
4.6607e+16
7.40228e+16
1.01299e+17
1.28418e+17
1.5543e+17
1.82055e+17
2.07647e+17
2.31912e+17
2.54257e+17
2.74209e+17
2.9173e+17
3.06602e+17
3.18604e+17
3.28508e+17
3.36098e+17
3.42188e+17
3.46849e+17
3.49854e+17
3.51834e+17
3.52961e+17
3.53255e+17
3.53115e+17
3.52525e+17
3.51339e+17
3.49932e+17
3.48237e+17
3.46445e+17
3.44236e+17
3.41907e+17
3.39229e+17
3.36608e+17
3.34358e+17
3.31063e+17
3.28185e+17
3.25018e+17
3.21836e+17
3.18474e+17
3.15143e+17
3.1165e+17
3.07985e+17
3.04343e+17
3.00328e+17
2.96335e+17
2.92033e+17
2.87388e+17
2.83143e+17
2.78194e+17
2.73297e+17
2.68155e+17
2.62759e+17
2.5729e+17
2.5164e+17
2.45482e+17
2.39297e+17
2.32756e+17
2.25794e+17
2.1875e+17
2.11481e+17
2.03986e+17
1.96506e+17
1.88811e+17
1.805e+17
1.71956e+17
1.63275e+17
1.54025e+17
1.44307e+17
1.34128e+17
1.23552e+17
1.12211e+17
1.0043e+17
8.8358e+16
7.62383e+16
6.45001e+16
5.36042e+16
4.42424e+16
3.64488e+16
2.95004e+16
2.14578e+16
9.45619e+15
1.73291e+16
4.66749e+16
7.44416e+16
1.02018e+17
1.29646e+17
1.5699e+17
1.83893e+17
2.09755e+17
2.34028e+17
2.56295e+17
2.75958e+17
2.93181e+17
3.07603e+17
3.19167e+17
3.28599e+17
3.36139e+17
3.4193e+17
3.4614e+17
3.48755e+17
3.50549e+17
3.51473e+17
3.5186e+17
3.51809e+17
3.51036e+17
3.49959e+17
3.48794e+17
3.47278e+17
3.45257e+17
3.43286e+17
3.41212e+17
3.38898e+17
3.3674e+17
3.33988e+17
3.31016e+17
3.28554e+17
3.25464e+17
3.22724e+17
3.19612e+17
3.16475e+17
3.13166e+17
3.09518e+17
3.05941e+17
3.02189e+17
2.98372e+17
2.9449e+17
2.90195e+17
2.85798e+17
2.8134e+17
2.7641e+17
2.71449e+17
2.66069e+17
2.60571e+17
2.54882e+17
2.48913e+17
2.42644e+17
2.36317e+17
2.29584e+17
2.22468e+17
2.15092e+17
2.07515e+17
1.99734e+17
1.91887e+17
1.83802e+17
1.75261e+17
1.66404e+17
1.5727e+17
1.47533e+17
1.37316e+17
1.26541e+17
1.1504e+17
1.03044e+17
9.05783e+16
7.79369e+16
6.55423e+16
5.39383e+16
4.38262e+16
3.54705e+16
2.82884e+16
2.04808e+16
9.08682e+15
1.72695e+16
4.65763e+16
7.45622e+16
1.02434e+17
1.3039e+17
1.58099e+17
1.85427e+17
2.11553e+17
2.35866e+17
2.58038e+17
2.77575e+17
2.94412e+17
3.08358e+17
3.19581e+17
3.28679e+17
3.35815e+17
3.41107e+17
3.45076e+17
3.47464e+17
3.49033e+17
3.49904e+17
3.50273e+17
3.50039e+17
3.49382e+17
3.48547e+17
3.47483e+17
3.45773e+17
3.4409e+17
3.4258e+17
3.4058e+17
3.38618e+17
3.36291e+17
3.33769e+17
3.31391e+17
3.29135e+17
3.26212e+17
3.23697e+17
3.20544e+17
3.17686e+17
3.14271e+17
3.11186e+17
3.07796e+17
3.04174e+17
3.00775e+17
2.96864e+17
2.92912e+17
2.88635e+17
2.84097e+17
2.79469e+17
2.7445e+17
2.69181e+17
2.6392e+17
2.58365e+17
2.52332e+17
2.46242e+17
2.39755e+17
2.33128e+17
2.26235e+17
2.18952e+17
2.11447e+17
2.03642e+17
1.95713e+17
1.87437e+17
1.78928e+17
1.7001e+17
1.60755e+17
1.51016e+17
1.40658e+17
1.29899e+17
1.18282e+17
1.06013e+17
9.3235e+16
8.00244e+16
6.69749e+16
5.45569e+16
4.36212e+16
3.46757e+16
2.73139e+16
1.96249e+16
8.68478e+15
1.72192e+16
4.67557e+16
7.50377e+16
1.03348e+17
1.31715e+17
1.5992e+17
1.87427e+17
2.13588e+17
2.37865e+17
2.59893e+17
2.79099e+17
2.95409e+17
3.0887e+17
3.19611e+17
3.28257e+17
3.35019e+17
3.40052e+17
3.43695e+17
3.45819e+17
3.47338e+17
3.48184e+17
3.48482e+17
3.48387e+17
3.4779e+17
3.46953e+17
3.45881e+17
3.44358e+17
3.43199e+17
3.41541e+17
3.39772e+17
3.37796e+17
3.3559e+17
3.33653e+17
3.31678e+17
3.29178e+17
3.26677e+17
3.2416e+17
3.21466e+17
3.1881e+17
3.1574e+17
3.12972e+17
3.09658e+17
3.06434e+17
3.03006e+17
2.99281e+17
2.95547e+17
2.91253e+17
2.86985e+17
2.82421e+17
2.77724e+17
2.72587e+17
2.67318e+17
2.61775e+17
2.56016e+17
2.49931e+17
2.43582e+17
2.36792e+17
2.29891e+17
2.22695e+17
2.1522e+17
2.0727e+17
1.99293e+17
1.9114e+17
1.82521e+17
1.73665e+17
1.64359e+17
1.54691e+17
1.44356e+17
1.33406e+17
1.21695e+17
1.09264e+17
9.61288e+16
8.25216e+16
6.87628e+16
5.55816e+16
4.38109e+16
3.40818e+16
2.64865e+16
1.89105e+16
8.35432e+15
1.71493e+16
4.66293e+16
7.50496e+16
1.03645e+17
1.32411e+17
1.61137e+17
1.88924e+17
2.15275e+17
2.39642e+17
2.61404e+17
2.80278e+17
2.96162e+17
3.09151e+17
3.1953e+17
3.27845e+17
3.34028e+17
3.3873e+17
3.42022e+17
3.44093e+17
3.4544e+17
3.46253e+17
3.46606e+17
3.4638e+17
3.45855e+17
3.45286e+17
3.44336e+17
3.42957e+17
3.41856e+17
3.40397e+17
3.38899e+17
3.37111e+17
3.35388e+17
3.33578e+17
3.31367e+17
3.29289e+17
3.2708e+17
3.24587e+17
3.22427e+17
3.198e+17
3.16998e+17
3.14441e+17
3.11324e+17
3.08212e+17
3.04981e+17
3.01687e+17
2.9774e+17
2.9393e+17
2.89814e+17
2.85293e+17
2.80645e+17
2.75857e+17
2.70515e+17
2.65123e+17
2.59335e+17
2.53438e+17
2.4723e+17
2.40628e+17
2.3374e+17
2.26627e+17
2.19279e+17
2.11521e+17
2.03236e+17
1.94994e+17
1.86497e+17
1.77518e+17
1.68177e+17
1.58462e+17
1.48113e+17
1.37091e+17
1.25395e+17
1.12687e+17
9.93457e+16
8.5249e+16
7.0969e+16
5.6927e+16
4.42221e+16
3.3673e+16
2.55996e+16
1.80663e+16
7.97209e+15
1.708e+16
4.68196e+16
7.58431e+16
1.04899e+17
1.34122e+17
1.63072e+17
1.91019e+17
2.1738e+17
2.41575e+17
2.63018e+17
2.81438e+17
2.96794e+17
3.09176e+17
3.1909e+17
3.26738e+17
3.32663e+17
3.3717e+17
3.40155e+17
3.42013e+17
3.43284e+17
3.44173e+17
3.44286e+17
3.44181e+17
3.43892e+17
3.43344e+17
3.42348e+17
3.41326e+17
3.40491e+17
3.39127e+17
3.37672e+17
3.361e+17
3.34577e+17
3.32547e+17
3.30937e+17
3.29155e+17
3.26918e+17
3.24857e+17
3.22995e+17
3.20574e+17
3.18257e+17
3.15654e+17
3.12895e+17
3.09791e+17
3.06813e+17
3.03488e+17
3.00097e+17
2.96271e+17
2.92257e+17
2.88044e+17
2.8346e+17
2.78843e+17
2.7381e+17
2.68631e+17
2.62979e+17
2.56938e+17
2.50859e+17
2.44353e+17
2.3751e+17
2.30406e+17
2.23037e+17
2.15424e+17
2.07211e+17
1.98807e+17
1.90288e+17
1.81444e+17
1.72101e+17
1.62391e+17
1.52052e+17
1.41042e+17
1.29214e+17
1.1644e+17
1.02786e+17
8.8384e+16
7.34114e+16
5.86347e+16
4.50089e+16
3.35558e+16
2.50153e+16
1.74161e+16
7.71994e+15
1.6969e+16
4.67186e+16
7.57148e+16
1.05119e+17
1.3488e+17
1.64383e+17
1.92616e+17
2.19082e+17
2.43207e+17
2.64276e+17
2.82232e+17
2.96963e+17
3.08904e+17
3.18346e+17
3.25552e+17
3.31159e+17
3.35201e+17
3.37958e+17
3.39797e+17
3.41023e+17
3.41605e+17
3.41788e+17
3.41878e+17
3.41589e+17
3.4107e+17
3.40279e+17
3.39464e+17
3.38763e+17
3.37573e+17
3.36375e+17
3.35035e+17
3.33279e+17
3.32143e+17
3.30648e+17
3.28693e+17
3.27082e+17
3.25472e+17
3.23493e+17
3.21117e+17
3.18846e+17
3.16361e+17
3.1375e+17
3.1085e+17
3.08035e+17
3.04732e+17
3.01687e+17
2.98235e+17
2.94176e+17
2.90189e+17
2.8603e+17
2.81415e+17
2.76585e+17
2.71532e+17
2.66141e+17
2.60359e+17
2.54183e+17
2.47926e+17
2.41255e+17
2.34207e+17
2.27069e+17
2.19416e+17
2.11314e+17
2.02847e+17
1.94273e+17
1.85344e+17
1.76119e+17
1.66346e+17
1.56011e+17
1.45074e+17
1.33276e+17
1.20396e+17
1.06623e+17
9.17599e+16
7.63567e+16
6.06807e+16
4.61511e+16
3.3687e+16
2.45005e+16
1.66645e+16
7.37844e+15
1.70479e+16
4.72408e+16
7.706e+16
1.07019e+17
1.37108e+17
1.66652e+17
1.95034e+17
2.21386e+17
2.45093e+17
2.65749e+17
2.83127e+17
2.97222e+17
3.08526e+17
3.17232e+17
3.24017e+17
3.29217e+17
3.32926e+17
3.35384e+17
3.37038e+17
3.38163e+17
3.38859e+17
3.39071e+17
3.39341e+17
3.38981e+17
3.38611e+17
3.37974e+17
3.37398e+17
3.36648e+17
3.35634e+17
3.34437e+17
3.33385e+17
3.32063e+17
3.31053e+17
3.29456e+17
3.27885e+17
3.26573e+17
3.24922e+17
3.23125e+17
3.21234e+17
3.19077e+17
3.16515e+17
3.14133e+17
3.11428e+17
3.08704e+17
3.05647e+17
3.02835e+17
2.99321e+17
2.96024e+17
2.92099e+17
2.88237e+17
2.83816e+17
2.78945e+17
2.74117e+17
2.68857e+17
2.63372e+17
2.57331e+17
2.51089e+17
2.44517e+17
2.37712e+17
2.30455e+17
2.23172e+17
2.15237e+17
2.06831e+17
1.98207e+17
1.89396e+17
1.80076e+17
1.70383e+17
1.60131e+17
1.49173e+17
1.37397e+17
1.24454e+17
1.10557e+17
9.54953e+16
7.95407e+16
6.31526e+16
4.75621e+16
3.40654e+16
2.41684e+16
1.60838e+16
7.0124e+15
1.68977e+16
4.66999e+16
7.63777e+16
1.06944e+17
1.37807e+17
1.6804e+17
1.96692e+17
2.23064e+17
2.46622e+17
2.66686e+17
2.83308e+17
2.96793e+17
3.07467e+17
3.15704e+17
3.22095e+17
3.26822e+17
3.30174e+17
3.32512e+17
3.34086e+17
3.35126e+17
3.35769e+17
3.36053e+17
3.36294e+17
3.35956e+17
3.35826e+17
3.35323e+17
3.34837e+17
3.34212e+17
3.33384e+17
3.32428e+17
3.31492e+17
3.30417e+17
3.2941e+17
3.28029e+17
3.26806e+17
3.25424e+17
3.23979e+17
3.2242e+17
3.20798e+17
3.18823e+17
3.1646e+17
3.13883e+17
3.11391e+17
3.08632e+17
3.05851e+17
3.02902e+17
2.99787e+17
2.9653e+17
2.93057e+17
2.8928e+17
2.85433e+17
2.81232e+17
2.76447e+17
2.71222e+17
2.65884e+17
2.60127e+17
2.54175e+17
2.47615e+17
2.40998e+17
2.33914e+17
2.26761e+17
2.18994e+17
2.10694e+17
2.02127e+17
1.93329e+17
1.84202e+17
1.74459e+17
1.64265e+17
1.53345e+17
1.41712e+17
1.28764e+17
1.14749e+17
9.94554e+16
8.31362e+16
6.59786e+16
4.94722e+16
3.47686e+16
2.40379e+16
1.55356e+16
6.74533e+15
1.71414e+16
4.82003e+16
7.90494e+16
1.09953e+17
1.40903e+17
1.71014e+17
1.99597e+17
2.25645e+17
2.48558e+17
2.67877e+17
2.83826e+17
2.96493e+17
3.06443e+17
3.14033e+17
3.19814e+17
3.24122e+17
3.27188e+17
3.29313e+17
3.30622e+17
3.31704e+17
3.32404e+17
3.32826e+17
3.32897e+17
3.32733e+17
3.32774e+17
3.32338e+17
3.31932e+17
3.31394e+17
3.30618e+17
3.29988e+17
3.29043e+17
3.28263e+17
3.27149e+17
3.25952e+17
3.2489e+17
3.23751e+17
3.22393e+17
3.20924e+17
3.19367e+17
3.1731e+17
3.15435e+17
3.13453e+17
3.11159e+17
3.08557e+17
3.06007e+17
3.02965e+17
3.00108e+17
2.96829e+17
2.93525e+17
2.89598e+17
2.8623e+17
2.82215e+17
2.77735e+17
2.72888e+17
2.67799e+17
2.62128e+17
2.56422e+17
2.50345e+17
2.43693e+17
2.36874e+17
2.29899e+17
2.22323e+17
2.14334e+17
2.05827e+17
1.97107e+17
1.88005e+17
1.7847e+17
1.68315e+17
1.57568e+17
1.45926e+17
1.33083e+17
1.19043e+17
1.03648e+17
8.70201e+16
6.92257e+16
5.16958e+16
3.5736e+16
2.40606e+16
1.50932e+16
6.41606e+15
1.67902e+16
4.66409e+16
7.7302e+16
1.09436e+17
1.41468e+17
1.7245e+17
2.01332e+17
2.27235e+17
2.49751e+17
2.68365e+17
2.83399e+17
2.95371e+17
3.04554e+17
3.11545e+17
3.16992e+17
3.20869e+17
3.23631e+17
3.25561e+17
3.26861e+17
3.27833e+17
3.28541e+17
3.2891e+17
3.29013e+17
3.29034e+17
3.2906e+17
3.28764e+17
3.28347e+17
3.27889e+17
3.27331e+17
3.26789e+17
3.26036e+17
3.25364e+17
3.24535e+17
3.2323e+17
3.2242e+17
3.2155e+17
3.20386e+17
3.18843e+17
3.17255e+17
3.15342e+17
3.13593e+17
3.11753e+17
3.09617e+17
3.07464e+17
3.05083e+17
3.02415e+17
2.99619e+17
2.96536e+17
2.93291e+17
2.89873e+17
2.86338e+17
2.82593e+17
2.78339e+17
2.73604e+17
2.68666e+17
2.63349e+17
2.58026e+17
2.52256e+17
2.45966e+17
2.39358e+17
2.32534e+17
2.25282e+17
2.17426e+17
2.09241e+17
2.00635e+17
1.91766e+17
1.8229e+17
1.7238e+17
1.61679e+17
1.5025e+17
1.37507e+17
1.23579e+17
1.08044e+17
9.11645e+16
7.28179e+16
5.44268e+16
3.71094e+16
2.44005e+16
1.4689e+16
6.09813e+15
1.76914e+16
5.04935e+16
8.24947e+16
1.14276e+17
1.45971e+17
1.76532e+17
2.05002e+17
2.30184e+17
2.51647e+17
2.69171e+17
2.83336e+17
2.94316e+17
3.027e+17
3.09121e+17
3.13883e+17
3.1724e+17
3.19729e+17
3.21426e+17
3.22639e+17
3.23576e+17
3.24148e+17
3.24446e+17
3.24761e+17
3.24753e+17
3.2493e+17
3.24564e+17
3.24149e+17
3.23833e+17
3.23235e+17
3.22814e+17
3.22217e+17
3.2158e+17
3.20914e+17
3.19718e+17
3.18899e+17
3.17928e+17
3.1692e+17
3.15772e+17
3.1421e+17
3.12725e+17
3.1107e+17
3.09282e+17
3.07368e+17
3.05097e+17
3.02823e+17
3.00466e+17
2.97793e+17
2.95207e+17
2.92058e+17
2.88996e+17
2.85613e+17
2.82047e+17
2.77863e+17
2.73638e+17
2.69029e+17
2.63931e+17
2.58762e+17
2.5328e+17
2.47337e+17
2.41053e+17
2.34488e+17
2.27495e+17
2.20042e+17
2.12146e+17
2.03807e+17
1.95102e+17
1.85904e+17
1.76087e+17
1.6573e+17
1.5443e+17
1.41884e+17
1.28071e+17
1.1254e+17
9.5565e+16
7.67207e+16
5.74834e+16
3.88229e+16
2.48691e+16
1.44388e+16
5.99243e+15
1.65973e+16
4.60039e+16
7.87236e+16
1.13195e+17
1.46557e+17
1.78079e+17
2.06684e+17
2.31441e+17
2.52241e+17
2.68926e+17
2.82005e+17
2.92045e+17
2.99729e+17
3.05569e+17
3.09776e+17
3.1281e+17
3.14979e+17
3.16559e+17
3.17641e+17
3.18414e+17
3.19056e+17
3.19284e+17
3.19573e+17
3.19719e+17
3.19894e+17
3.19474e+17
3.19191e+17
3.18895e+17
3.18375e+17
3.18047e+17
3.17315e+17
3.16614e+17
3.16125e+17
3.15316e+17
3.14342e+17
3.13347e+17
3.1226e+17
3.11338e+17
3.10028e+17
3.08623e+17
3.07078e+17
3.0554e+17
3.03752e+17
3.01795e+17
2.99632e+17
2.97469e+17
2.95126e+17
2.9238e+17
2.89732e+17
2.86642e+17
2.8349e+17
2.79946e+17
2.76232e+17
2.7216e+17
2.67632e+17
2.63017e+17
2.58323e+17
2.53264e+17
2.47778e+17
2.4179e+17
2.35555e+17
2.28978e+17
2.2176e+17
2.14498e+17
2.06451e+17
1.9804e+17
1.89065e+17
1.79622e+17
1.69382e+17
1.58469e+17
1.46153e+17
1.3261e+17
1.17231e+17
1.00187e+17
8.09937e+16
6.10339e+16
4.09649e+16
2.5705e+16
1.42983e+16
5.91385e+15
1.91268e+16
5.54077e+16
8.78723e+16
1.20469e+17
1.52923e+17
1.83555e+17
2.11163e+17
2.34691e+17
2.54033e+17
2.69123e+17
2.81082e+17
2.9008e+17
2.96811e+17
3.01816e+17
3.05433e+17
3.07977e+17
3.09857e+17
3.11162e+17
3.12057e+17
3.12809e+17
3.13291e+17
3.13465e+17
3.13594e+17
3.1378e+17
3.13763e+17
3.13608e+17
3.13095e+17
3.12744e+17
3.12272e+17
3.11763e+17
3.11277e+17
3.10515e+17
3.09884e+17
3.09154e+17
3.08388e+17
3.07455e+17
3.06507e+17
3.05417e+17
3.0424e+17
3.02943e+17
3.01527e+17
3.00146e+17
2.98475e+17
2.96758e+17
2.94736e+17
2.92667e+17
2.9033e+17
2.87952e+17
2.8539e+17
2.82532e+17
2.79509e+17
2.76333e+17
2.72856e+17
2.69108e+17
2.65191e+17
2.61039e+17
2.5666e+17
2.51941e+17
2.46801e+17
2.41236e+17
2.35652e+17
2.29339e+17
2.22663e+17
2.15639e+17
2.08185e+17
2.00216e+17
1.91648e+17
1.8257e+17
1.72731e+17
1.62159e+17
1.50283e+17
1.37019e+17
1.21815e+17
1.04954e+17
8.54953e+16
6.49356e+16
4.3525e+16
2.68508e+16
1.43255e+16
6.00232e+15
1.60844e+16
4.4126e+16
8.14734e+16
1.18732e+17
1.53378e+17
1.85023e+17
2.1241e+17
2.35128e+17
2.53325e+17
2.67407e+17
2.78198e+17
2.86128e+17
2.92082e+17
2.9648e+17
2.99599e+17
3.01788e+17
3.03366e+17
3.04438e+17
3.0531e+17
3.05739e+17
3.06256e+17
3.06438e+17
3.0632e+17
3.06397e+17
3.06335e+17
3.06117e+17
3.05913e+17
3.05368e+17
3.04898e+17
3.04319e+17
3.03759e+17
3.03129e+17
3.02334e+17
3.01726e+17
3.00846e+17
2.99992e+17
2.99042e+17
2.98113e+17
2.96986e+17
2.95873e+17
2.94472e+17
2.93064e+17
2.91538e+17
2.89863e+17
2.88045e+17
2.86202e+17
2.84031e+17
2.81867e+17
2.79422e+17
2.769e+17
2.74123e+17
2.71264e+17
2.68136e+17
2.64788e+17
2.61266e+17
2.57455e+17
2.53397e+17
2.49025e+17
2.44385e+17
2.39455e+17
2.34159e+17
2.28398e+17
2.22255e+17
2.15973e+17
2.08927e+17
2.01433e+17
1.93364e+17
1.8488e+17
1.7547e+17
1.65427e+17
1.53924e+17
1.41205e+17
1.26369e+17
1.0976e+17
9.02997e+16
6.93294e+16
4.65633e+16
2.83905e+16
1.45467e+16
6.51516e+15
2.28174e+16
6.48247e+16
9.5815e+16
1.29413e+17
1.62245e+17
1.9201e+17
2.17528e+17
2.38209e+17
2.54381e+17
2.6651e+17
2.75747e+17
2.82516e+17
2.8744e+17
2.90895e+17
2.93426e+17
2.95178e+17
2.96444e+17
2.97163e+17
2.97682e+17
2.98046e+17
2.98258e+17
2.98375e+17
2.98183e+17
2.97913e+17
2.97752e+17
2.97307e+17
2.96974e+17
2.96606e+17
2.95995e+17
2.95492e+17
2.94779e+17
2.94105e+17
2.93294e+17
2.92535e+17
2.91674e+17
2.90772e+17
2.89845e+17
2.88906e+17
2.87746e+17
2.86554e+17
2.85292e+17
2.83954e+17
2.82492e+17
2.80999e+17
2.79279e+17
2.7756e+17
2.75624e+17
2.73658e+17
2.71453e+17
2.69193e+17
2.66705e+17
2.64117e+17
2.61241e+17
2.58299e+17
2.5509e+17
2.51707e+17
2.48065e+17
2.44172e+17
2.40096e+17
2.35641e+17
2.30876e+17
2.25803e+17
2.20424e+17
2.14593e+17
2.08129e+17
2.01453e+17
1.94054e+17
1.86192e+17
1.7736e+17
1.67951e+17
1.57054e+17
1.44911e+17
1.30582e+17
1.14535e+17
9.51639e+16
7.40492e+16
5.00847e+16
3.03441e+16
1.48858e+16
7.58972e+15
1.39681e+16
4.11162e+16
8.63982e+16
1.26641e+17
1.61978e+17
1.92366e+17
2.17094e+17
2.36369e+17
2.50997e+17
2.61863e+17
2.69967e+17
2.75537e+17
2.79753e+17
2.8276e+17
2.84779e+17
2.86237e+17
2.87148e+17
2.87635e+17
2.87949e+17
2.87978e+17
2.88011e+17
2.87869e+17
2.87744e+17
2.87391e+17
2.87066e+17
2.8655e+17
2.8606e+17
2.855e+17
2.84935e+17
2.84222e+17
2.83577e+17
2.8276e+17
2.82042e+17
2.81168e+17
2.80293e+17
2.79352e+17
2.78383e+17
2.77329e+17
2.76293e+17
2.75123e+17
2.73923e+17
2.72624e+17
2.71278e+17
2.69823e+17
2.6833e+17
2.66701e+17
2.64993e+17
2.63177e+17
2.61212e+17
2.59215e+17
2.56989e+17
2.54718e+17
2.52178e+17
2.49635e+17
2.46724e+17
2.43862e+17
2.4062e+17
2.37398e+17
2.33705e+17
2.2997e+17
2.25723e+17
2.21436e+17
2.16543e+17
2.114e+17
2.0571e+17
1.99772e+17
1.93041e+17
1.86039e+17
1.77945e+17
1.69332e+17
1.59129e+17
1.47835e+17
1.34207e+17
1.18965e+17
1.00026e+17
7.91817e+16
5.41524e+16
3.27981e+16
1.54359e+16
9.47273e+15
3.17727e+16
7.93748e+16
1.07425e+17
1.41816e+17
1.73666e+17
2.00482e+17
2.21875e+17
2.38063e+17
2.50032e+17
2.58528e+17
2.64784e+17
2.69178e+17
2.72259e+17
2.74324e+17
2.7575e+17
2.76565e+17
2.77144e+17
2.77344e+17
2.77327e+17
2.77014e+17
2.76718e+17
2.76316e+17
2.75852e+17
2.75353e+17
2.74731e+17
2.74111e+17
2.73429e+17
2.72739e+17
2.71972e+17
2.71235e+17
2.70364e+17
2.69561e+17
2.68605e+17
2.67804e+17
2.66756e+17
2.65881e+17
2.64797e+17
2.63796e+17
2.6267e+17
2.61616e+17
2.60401e+17
2.59288e+17
2.57918e+17
2.5665e+17
2.55176e+17
2.53766e+17
2.52211e+17
2.50565e+17
2.48843e+17
2.47033e+17
2.45115e+17
2.43072e+17
2.40904e+17
2.38645e+17
2.36208e+17
2.33717e+17
2.30915e+17
2.28135e+17
2.24965e+17
2.21791e+17
2.1812e+17
2.14496e+17
2.10238e+17
2.05963e+17
2.01033e+17
1.95923e+17
1.90102e+17
1.84013e+17
1.76763e+17
1.6908e+17
1.59758e+17
1.49522e+17
1.36787e+17
1.22668e+17
1.04495e+17
8.42996e+16
5.87045e+16
3.5841e+16
1.61284e+16
1.22672e+16
8.15156e+15
3.96894e+16
9.39776e+16
1.3656e+17
1.70203e+17
1.96601e+17
2.16319e+17
2.30465e+17
2.40672e+17
2.47887e+17
2.53015e+17
2.56598e+17
2.59074e+17
2.6068e+17
2.61727e+17
2.62258e+17
2.62478e+17
2.62477e+17
2.6231e+17
2.61994e+17
2.61515e+17
2.60986e+17
2.60355e+17
2.59705e+17
2.58972e+17
2.58267e+17
2.57439e+17
2.56674e+17
2.55833e+17
2.55005e+17
2.54119e+17
2.53224e+17
2.5229e+17
2.51359e+17
2.50374e+17
2.49401e+17
2.48367e+17
2.4735e+17
2.46239e+17
2.45227e+17
2.44032e+17
2.42933e+17
2.41688e+17
2.40479e+17
2.39136e+17
2.37854e+17
2.36421e+17
2.35004e+17
2.33448e+17
2.3189e+17
2.30175e+17
2.28478e+17
2.26545e+17
2.24695e+17
2.22559e+17
2.20501e+17
2.18105e+17
2.15829e+17
2.1312e+17
2.1053e+17
2.07437e+17
2.04465e+17
2.00912e+17
1.97445e+17
1.93247e+17
1.89091e+17
1.84069e+17
1.79005e+17
1.72639e+17
1.6612e+17
1.57776e+17
1.48965e+17
1.37449e+17
1.24962e+17
1.07988e+17
8.92581e+16
6.3513e+16
3.95792e+16
1.69705e+16
1.61453e+16
4.84449e+16
9.76212e+16
1.24536e+17
1.56856e+17
1.8355e+17
2.03396e+17
2.17708e+17
2.27681e+17
2.34554e+17
2.39243e+17
2.42441e+17
2.44547e+17
2.45864e+17
2.46615e+17
2.46991e+17
2.47013e+17
2.46766e+17
2.46373e+17
2.45834e+17
2.45232e+17
2.44481e+17
2.43774e+17
2.42898e+17
2.42074e+17
2.41167e+17
2.40303e+17
2.39367e+17
2.38453e+17
2.37472e+17
2.36528e+17
2.35518e+17
2.34544e+17
2.33508e+17
2.32527e+17
2.31472e+17
2.30484e+17
2.29374e+17
2.28401e+17
2.27224e+17
2.26237e+17
2.2501e+17
2.23989e+17
2.22694e+17
2.21613e+17
2.20281e+17
2.19149e+17
2.17719e+17
2.1652e+17
2.14965e+17
2.137e+17
2.1206e+17
2.10654e+17
2.08882e+17
2.07366e+17
2.05428e+17
2.03783e+17
2.01652e+17
1.99846e+17
1.97466e+17
1.95462e+17
1.92795e+17
1.90507e+17
1.87442e+17
1.84759e+17
1.81159e+17
1.77958e+17
1.73613e+17
1.69649e+17
1.64191e+17
1.59074e+17
1.51867e+17
1.44823e+17
1.34766e+17
1.24406e+17
1.09174e+17
9.29121e+16
6.80379e+16
4.38142e+16
1.78599e+16
2.06427e+16
-8.68444e+14
4.16601e+16
1.0011e+17
1.4095e+17
1.66728e+17
1.84113e+17
1.95994e+17
2.04152e+17
2.09749e+17
2.13556e+17
2.1614e+17
2.1783e+17
2.18869e+17
2.19458e+17
2.19667e+17
2.19631e+17
2.19384e+17
2.18993e+17
2.18464e+17
2.17865e+17
2.17157e+17
2.16433e+17
2.15616e+17
2.14802e+17
2.13922e+17
2.1309e+17
2.12158e+17
2.11286e+17
2.10297e+17
2.09423e+17
2.08395e+17
2.07491e+17
2.06446e+17
2.05542e+17
2.04459e+17
2.03558e+17
2.02447e+17
2.01541e+17
2.00397e+17
1.99478e+17
1.98295e+17
1.97346e+17
1.96107e+17
1.95152e+17
1.93841e+17
1.92884e+17
1.91498e+17
1.90498e+17
1.89042e+17
1.87995e+17
1.8643e+17
1.85371e+17
1.8369e+17
1.82548e+17
1.80742e+17
1.7952e+17
1.7754e+17
1.76254e+17
1.74096e+17
1.72691e+17
1.70289e+17
1.68716e+17
1.65978e+17
1.64206e+17
1.61034e+17
1.58939e+17
1.55179e+17
1.52599e+17
1.47938e+17
1.44608e+17
1.38512e+17
1.33864e+17
1.25385e+17
1.18236e+17
1.05275e+17
9.30637e+16
7.03356e+16
4.78925e+16
1.83592e+16
2.43005e+16
6.41533e+16
1.18399e+17
1.4075e+17
1.56166e+17
1.66669e+17
1.7385e+17
1.78337e+17
1.81163e+17
1.82708e+17
1.83557e+17
1.8376e+17
1.83698e+17
1.83236e+17
1.82711e+17
1.81908e+17
1.81161e+17
1.80178e+17
1.79309e+17
1.78212e+17
1.77291e+17
1.7615e+17
1.75196e+17
1.7403e+17
1.73063e+17
1.71881e+17
1.7092e+17
1.69741e+17
1.68794e+17
1.67601e+17
1.66689e+17
1.65462e+17
1.64578e+17
1.63343e+17
1.6247e+17
1.61219e+17
1.60391e+17
1.5911e+17
1.5833e+17
1.57017e+17
1.56274e+17
1.54919e+17
1.5421e+17
1.52808e+17
1.52125e+17
1.50681e+17
1.50014e+17
1.48502e+17
1.47876e+17
1.4629e+17
1.45693e+17
1.4402e+17
1.43454e+17
1.41679e+17
1.41132e+17
1.3922e+17
1.38726e+17
1.36644e+17
1.36202e+17
1.33929e+17
1.33524e+17
1.31026e+17
1.30639e+17
1.27847e+17
1.27477e+17
1.24323e+17
1.23918e+17
1.2027e+17
1.19762e+17
1.1544e+17
1.14688e+17
1.09299e+17
1.07973e+17
1.00783e+17
9.81773e+16
8.74661e+16
8.1642e+16
6.321e+16
4.87424e+16
1.77865e+16
2.81533e+16
1.72435e+15
4.14367e+16
5.80326e+16
6.60208e+16
7.12931e+16
7.50761e+16
7.7517e+16
7.91621e+16
8.01025e+16
8.07145e+16
8.09216e+16
8.10266e+16
8.08509e+16
8.06885e+16
8.02979e+16
7.99921e+16
7.9492e+16
7.91154e+16
7.85337e+16
7.81328e+16
7.75004e+16
7.7095e+16
7.6411e+16
7.60205e+16
7.53054e+16
7.49316e+16
7.41967e+16
7.38508e+16
7.30822e+16
7.27782e+16
7.19737e+16
7.17207e+16
7.08735e+16
7.06645e+16
6.97803e+16
6.96319e+16
6.86943e+16
6.86102e+16
6.76216e+16
6.75953e+16
6.6547e+16
6.65971e+16
6.54663e+16
6.55965e+16
6.43762e+16
6.46055e+16
6.32737e+16
6.36167e+16
6.21576e+16
6.26345e+16
6.10129e+16
6.16506e+16
5.98378e+16
6.06641e+16
5.86287e+16
5.96623e+16
5.73622e+16
5.86439e+16
5.60444e+16
5.76062e+16
5.46419e+16
5.65417e+16
5.31284e+16
5.54217e+16
5.14616e+16
5.42187e+16
4.95911e+16
5.28899e+16
4.74076e+16
5.13544e+16
4.47219e+16
4.9432e+16
4.11704e+16
4.68346e+16
3.59813e+16
4.31785e+16
2.78242e+16
4.01791e+16
1.38557e+16
5.18343e+16
)
;

boundaryField
{
    movingWall
    {
        type            fixedValue;
        value           uniform 0;
    }
    fixedWalls
    {
        type            fixedValue;
        value           uniform 0;
    }
    frontAndBack
    {
        type            empty;
    }
}


// ************************************************************************* //
