/*--------------------------------*- C++ -*----------------------------------*\
  =========                 |
  \\      /  F ield         | OpenFOAM: The Open Source CFD Toolbox
   \\    /   O peration     | Website:  https://openfoam.org
    \\  /    A nd           | Version:  6
     \\/     M anipulation  |
\*---------------------------------------------------------------------------*/
FoamFile
{
    version     2.0;
    format      ascii;
    class       volScalarField;
    location    "600";
    object      dnp4_s;
}
// * * * * * * * * * * * * * * * * * * * * * * * * * * * * * * * * * * * * * //

dimensions      [0 -3 -1 0 0 0 0];

internalField   nonuniform List<scalar> 
6400
(
2.09972e+14
3.40919e+14
4.61218e+14
5.83801e+14
7.4124e+14
8.63591e+14
9.52962e+14
1.09493e+15
1.20235e+15
1.33665e+15
1.41061e+15
1.59243e+15
1.64596e+15
1.73366e+15
1.88582e+15
1.96704e+15
2.13696e+15
2.1462e+15
2.30964e+15
2.34148e+15
2.51425e+15
2.55457e+15
2.55613e+15
2.63091e+15
2.7604e+15
2.75451e+15
2.86902e+15
2.89043e+15
2.98258e+15
3.04701e+15
3.26634e+15
3.11783e+15
3.18808e+15
3.2367e+15
3.30391e+15
3.20083e+15
3.35974e+15
3.27177e+15
3.29184e+15
3.22847e+15
3.41064e+15
3.26208e+15
3.37299e+15
3.22805e+15
3.21441e+15
3.19157e+15
3.24399e+15
3.2158e+15
3.07643e+15
3.17052e+15
3.0247e+15
3.13678e+15
2.94254e+15
2.89607e+15
2.80989e+15
2.76082e+15
2.67121e+15
2.63813e+15
2.50002e+15
2.42757e+15
2.32554e+15
2.24826e+15
2.15384e+15
2.05475e+15
1.98638e+15
1.83668e+15
1.80825e+15
1.6068e+15
1.60298e+15
1.44528e+15
1.33803e+15
1.21814e+15
1.06526e+15
9.75947e+14
8.38456e+14
7.84913e+14
6.06e+14
4.77973e+14
3.70218e+14
2.11324e+14
3.18667e+14
4.99147e+14
7.35613e+14
9.63124e+14
1.13153e+15
1.34442e+15
1.48002e+15
1.69189e+15
1.94949e+15
2.01712e+15
2.20116e+15
2.39186e+15
2.6465e+15
2.68264e+15
2.904e+15
3.1463e+15
3.25911e+15
3.43351e+15
3.49928e+15
3.67366e+15
3.75532e+15
3.97767e+15
3.9808e+15
4.08364e+15
4.29481e+15
4.34268e+15
4.47011e+15
4.49111e+15
4.75695e+15
4.69504e+15
4.81929e+15
4.75245e+15
5.06611e+15
4.87548e+15
4.98226e+15
4.99314e+15
5.0741e+15
5.06596e+15
5.17732e+15
5.12881e+15
5.19988e+15
5.21893e+15
5.16877e+15
5.06488e+15
4.96999e+15
4.93852e+15
5.02884e+15
4.85156e+15
4.876e+15
4.82035e+15
4.77124e+15
4.71323e+15
4.64796e+15
4.48644e+15
4.34463e+15
4.22086e+15
4.11642e+15
3.99158e+15
3.9474e+15
3.7427e+15
3.58887e+15
3.45119e+15
3.29778e+15
3.09972e+15
3.06639e+15
2.92623e+15
2.72037e+15
2.54173e+15
2.35676e+15
2.28576e+15
2.06405e+15
1.85257e+15
1.6267e+15
1.47213e+15
1.32587e+15
1.10775e+15
9.25461e+14
7.13267e+14
5.953e+14
3.09192e+14
4.33802e+14
7.033e+14
9.48082e+14
1.28527e+15
1.45164e+15
1.71672e+15
1.9585e+15
2.22765e+15
2.5226e+15
2.65471e+15
2.87041e+15
3.10992e+15
3.43443e+15
3.55368e+15
3.93118e+15
4.15633e+15
4.28658e+15
4.46899e+15
4.68626e+15
4.92831e+15
4.97644e+15
5.30454e+15
5.26068e+15
5.43178e+15
5.68069e+15
5.78855e+15
5.95966e+15
6.2573e+15
6.23844e+15
6.22352e+15
6.34162e+15
6.53974e+15
6.56367e+15
6.60971e+15
6.673e+15
6.76399e+15
6.81619e+15
6.85099e+15
6.64967e+15
6.73919e+15
6.69839e+15
6.80583e+15
6.8009e+15
6.81263e+15
6.65461e+15
6.5527e+15
6.57248e+15
6.4693e+15
6.36454e+15
6.3752e+15
6.3469e+15
6.19927e+15
6.13676e+15
5.95295e+15
5.76928e+15
5.64173e+15
5.38282e+15
5.39106e+15
5.25614e+15
5.02531e+15
4.717e+15
4.66459e+15
4.45777e+15
4.12178e+15
4.00364e+15
3.87922e+15
3.60186e+15
3.38625e+15
3.10545e+15
3.01406e+15
2.78632e+15
2.55999e+15
2.1774e+15
2.08925e+15
1.74686e+15
1.48147e+15
1.28587e+15
9.64183e+14
7.39026e+14
4.37635e+14
5.26432e+14
8.51622e+14
1.24302e+15
1.58461e+15
1.88951e+15
2.17827e+15
2.48592e+15
2.76334e+15
3.1887e+15
3.42806e+15
3.63558e+15
3.96978e+15
4.155e+15
4.60004e+15
4.81533e+15
5.09794e+15
5.34534e+15
5.55423e+15
5.91823e+15
6.04202e+15
6.40935e+15
6.56613e+15
6.63079e+15
6.91193e+15
7.07682e+15
7.35534e+15
7.23805e+15
7.49e+15
7.70054e+15
7.72043e+15
8.03817e+15
8.07697e+15
8.05708e+15
8.28667e+15
8.27235e+15
8.36374e+15
8.46081e+15
8.48785e+15
8.38182e+15
8.37693e+15
8.44915e+15
8.52088e+15
8.46005e+15
8.25419e+15
8.27623e+15
8.12136e+15
8.03894e+15
8.10363e+15
8.00497e+15
7.90067e+15
7.81507e+15
7.7159e+15
7.57307e+15
7.36689e+15
7.20565e+15
7.03299e+15
6.87875e+15
6.64177e+15
6.42159e+15
6.28064e+15
5.96768e+15
5.74771e+15
5.45852e+15
5.22695e+15
5.07763e+15
4.75154e+15
4.4983e+15
4.32652e+15
3.95579e+15
3.70871e+15
3.45217e+15
3.15203e+15
2.80587e+15
2.51616e+15
2.22295e+15
1.84274e+15
1.57418e+15
1.22525e+15
8.61264e+14
5.36135e+14
6.18943e+14
1.1319e+15
1.43027e+15
1.85264e+15
2.20656e+15
2.64034e+15
2.98552e+15
3.35553e+15
3.71129e+15
4.09534e+15
4.47027e+15
4.68587e+15
4.98526e+15
5.47276e+15
5.87902e+15
6.15779e+15
6.45892e+15
6.75356e+15
6.91279e+15
7.24326e+15
7.44111e+15
7.73693e+15
7.98345e+15
8.22919e+15
8.53017e+15
8.7437e+15
8.8701e+15
9.03008e+15
9.15664e+15
9.41185e+15
9.42316e+15
9.47153e+15
9.702e+15
9.60077e+15
9.81101e+15
9.85263e+15
9.93808e+15
1.02078e+16
1.01623e+16
1.02556e+16
1.01331e+16
1.01936e+16
1.01714e+16
9.98761e+15
9.69245e+15
9.82437e+15
9.81621e+15
9.59929e+15
9.70932e+15
9.4404e+15
9.39614e+15
9.02292e+15
8.99429e+15
9.09802e+15
8.77987e+15
8.51975e+15
8.3172e+15
7.98933e+15
7.7033e+15
7.53597e+15
7.2518e+15
6.78027e+15
6.52494e+15
6.24053e+15
6.00085e+15
5.72e+15
5.4485e+15
5.25559e+15
4.72634e+15
4.46159e+15
4.05706e+15
3.66842e+15
3.41336e+15
2.9243e+15
2.52317e+15
2.20557e+15
1.84753e+15
1.484e+15
1.01109e+15
6.17149e+14
7.46434e+14
1.27013e+15
1.73359e+15
2.21864e+15
2.54889e+15
3.01437e+15
3.44734e+15
3.93307e+15
4.32672e+15
4.73738e+15
5.12076e+15
5.46418e+15
5.87901e+15
6.40273e+15
6.81047e+15
6.98063e+15
7.48323e+15
7.71495e+15
7.95679e+15
8.48084e+15
8.82748e+15
9.04311e+15
9.22155e+15
9.57178e+15
9.80642e+15
1.01237e+16
1.02651e+16
1.04834e+16
1.06833e+16
1.09022e+16
1.08342e+16
1.10458e+16
1.13014e+16
1.14053e+16
1.15148e+16
1.1598e+16
1.17008e+16
1.18821e+16
1.20489e+16
1.17076e+16
1.18116e+16
1.18228e+16
1.16474e+16
1.16697e+16
1.15794e+16
1.15882e+16
1.14101e+16
1.1282e+16
1.12091e+16
1.10263e+16
1.0899e+16
1.06734e+16
1.03883e+16
1.03219e+16
1.01005e+16
9.88759e+15
9.66926e+15
9.28367e+15
8.97135e+15
8.80556e+15
8.52123e+15
8.04357e+15
7.77294e+15
7.27603e+15
7.00034e+15
6.71227e+15
6.42704e+15
5.93659e+15
5.52165e+15
5.18962e+15
4.7458e+15
4.29255e+15
3.87592e+15
3.41051e+15
2.95668e+15
2.60689e+15
2.16763e+15
1.73072e+15
1.17719e+15
7.38742e+14
8.30238e+14
1.38728e+15
1.96906e+15
2.50136e+15
2.89106e+15
3.39707e+15
3.89296e+15
4.42975e+15
4.87122e+15
5.43256e+15
5.81603e+15
6.25796e+15
6.74707e+15
7.19245e+15
7.54158e+15
8.05482e+15
8.30371e+15
8.82718e+15
9.33046e+15
9.68032e+15
9.91883e+15
1.03333e+16
1.04851e+16
1.06981e+16
1.10591e+16
1.14953e+16
1.19374e+16
1.20668e+16
1.19289e+16
1.23549e+16
1.25478e+16
1.26877e+16
1.27939e+16
1.28699e+16
1.3098e+16
1.31813e+16
1.3495e+16
1.34631e+16
1.32781e+16
1.33854e+16
1.34176e+16
1.34764e+16
1.3395e+16
1.34041e+16
1.31728e+16
1.31007e+16
1.31095e+16
1.30061e+16
1.27563e+16
1.25829e+16
1.22794e+16
1.21097e+16
1.22348e+16
1.16317e+16
1.13451e+16
1.14237e+16
1.11151e+16
1.06066e+16
1.01188e+16
1.00716e+16
9.75308e+15
9.32291e+15
8.77459e+15
8.35078e+15
7.99843e+15
7.55366e+15
7.45462e+15
6.91718e+15
6.3099e+15
5.99359e+15
5.36898e+15
4.91533e+15
4.42894e+15
3.93379e+15
3.33762e+15
2.94119e+15
2.37452e+15
2.00444e+15
1.43925e+15
8.89519e+14
9.35243e+14
1.60487e+15
2.24369e+15
2.80238e+15
3.28615e+15
3.90332e+15
4.45947e+15
4.88621e+15
5.56251e+15
6.09118e+15
6.52577e+15
7.05009e+15
7.68506e+15
7.97915e+15
8.47781e+15
9.06998e+15
9.53015e+15
9.9824e+15
1.03065e+16
1.08042e+16
1.10667e+16
1.14243e+16
1.18827e+16
1.21444e+16
1.24712e+16
1.2757e+16
1.32729e+16
1.31871e+16
1.37913e+16
1.40686e+16
1.39864e+16
1.41351e+16
1.42709e+16
1.44371e+16
1.47067e+16
1.46476e+16
1.4909e+16
1.50421e+16
1.51152e+16
1.51033e+16
1.51387e+16
1.50068e+16
1.49271e+16
1.52132e+16
1.48148e+16
1.45089e+16
1.4681e+16
1.44582e+16
1.43521e+16
1.39324e+16
1.38771e+16
1.38014e+16
1.32794e+16
1.30386e+16
1.27528e+16
1.25729e+16
1.22845e+16
1.21325e+16
1.16703e+16
1.10928e+16
1.07372e+16
1.02544e+16
9.81506e+15
9.25857e+15
9.02867e+15
8.56235e+15
8.1314e+15
7.73859e+15
7.27708e+15
6.64726e+15
6.07736e+15
5.49455e+15
5.03393e+15
4.36186e+15
3.86695e+15
3.2624e+15
2.68393e+15
2.2502e+15
1.63571e+15
9.60814e+14
1.01378e+15
1.73638e+15
2.52235e+15
3.11546e+15
3.77266e+15
4.22242e+15
4.93751e+15
5.56801e+15
6.07261e+15
6.69373e+15
7.372e+15
7.6929e+15
8.43203e+15
9.11335e+15
9.67429e+15
9.78542e+15
1.04231e+16
1.12436e+16
1.15098e+16
1.19127e+16
1.23918e+16
1.27078e+16
1.29364e+16
1.35791e+16
1.37673e+16
1.41287e+16
1.46136e+16
1.47295e+16
1.49758e+16
1.52806e+16
1.56215e+16
1.57468e+16
1.61636e+16
1.61962e+16
1.61967e+16
1.63669e+16
1.65585e+16
1.67438e+16
1.6863e+16
1.67891e+16
1.67112e+16
1.67253e+16
1.64889e+16
1.64324e+16
1.63935e+16
1.60959e+16
1.60246e+16
1.57992e+16
1.58325e+16
1.56339e+16
1.52966e+16
1.4985e+16
1.46686e+16
1.4522e+16
1.41831e+16
1.39213e+16
1.36935e+16
1.33197e+16
1.2722e+16
1.24158e+16
1.17521e+16
1.15751e+16
1.10948e+16
1.05213e+16
9.78204e+15
9.35415e+15
9.03963e+15
8.41103e+15
7.94595e+15
7.28559e+15
6.83018e+15
6.27785e+15
5.5569e+15
4.863e+15
4.27855e+15
3.6804e+15
3.01892e+15
2.45912e+15
1.7156e+15
1.07768e+15
1.14006e+15
1.83987e+15
2.68102e+15
3.38874e+15
4.11457e+15
4.70451e+15
5.40855e+15
5.99283e+15
6.70585e+15
7.39218e+15
8.13374e+15
8.64323e+15
9.08127e+15
9.9127e+15
1.04953e+16
1.10515e+16
1.16069e+16
1.21398e+16
1.26508e+16
1.31349e+16
1.37185e+16
1.39485e+16
1.44018e+16
1.49332e+16
1.53397e+16
1.58332e+16
1.6071e+16
1.63977e+16
1.67209e+16
1.69378e+16
1.72429e+16
1.74488e+16
1.76913e+16
1.77396e+16
1.80537e+16
1.79478e+16
1.82161e+16
1.81959e+16
1.81578e+16
1.83156e+16
1.84929e+16
1.83071e+16
1.82835e+16
1.80872e+16
1.80463e+16
1.77908e+16
1.76592e+16
1.74487e+16
1.73493e+16
1.71084e+16
1.69131e+16
1.66244e+16
1.63352e+16
1.60492e+16
1.55368e+16
1.55019e+16
1.49339e+16
1.42994e+16
1.40608e+16
1.35447e+16
1.29743e+16
1.23345e+16
1.17874e+16
1.13183e+16
1.08921e+16
1.04926e+16
9.86834e+15
9.32449e+15
8.46948e+15
8.04349e+15
7.43511e+15
6.75145e+15
5.87424e+15
5.30257e+15
4.62435e+15
4.03459e+15
3.31454e+15
2.61454e+15
1.93922e+15
1.12252e+15
1.28959e+15
2.02183e+15
2.90678e+15
3.64803e+15
4.2955e+15
5.12148e+15
5.88185e+15
6.5159e+15
7.37393e+15
8.06456e+15
9.01833e+15
9.41549e+15
9.81692e+15
1.06242e+16
1.13408e+16
1.18871e+16
1.25414e+16
1.30964e+16
1.37145e+16
1.44413e+16
1.48904e+16
1.54259e+16
1.5709e+16
1.58289e+16
1.65067e+16
1.70511e+16
1.75585e+16
1.76936e+16
1.82608e+16
1.8356e+16
1.85836e+16
1.87216e+16
1.89671e+16
1.92982e+16
1.95973e+16
1.96599e+16
1.96947e+16
2.00097e+16
1.9842e+16
2.02985e+16
2.01372e+16
1.99341e+16
2.00567e+16
1.97625e+16
1.96292e+16
1.92012e+16
1.93067e+16
1.91479e+16
1.88579e+16
1.86958e+16
1.84933e+16
1.80382e+16
1.76707e+16
1.72996e+16
1.70466e+16
1.67394e+16
1.58797e+16
1.57197e+16
1.52075e+16
1.47262e+16
1.42745e+16
1.34333e+16
1.30402e+16
1.23933e+16
1.18636e+16
1.15132e+16
1.07215e+16
9.95407e+15
9.45149e+15
8.66229e+15
8.06799e+15
7.30209e+15
6.51578e+15
5.83422e+15
5.13083e+15
4.40275e+15
3.52786e+15
2.8783e+15
2.0662e+15
1.21103e+15
1.4766e+15
2.23521e+15
3.0716e+15
3.95819e+15
4.75393e+15
5.49786e+15
6.35306e+15
7.05735e+15
7.75947e+15
8.62334e+15
9.45399e+15
1.0179e+16
1.06053e+16
1.1408e+16
1.21541e+16
1.297e+16
1.37389e+16
1.42682e+16
1.48737e+16
1.54454e+16
1.59249e+16
1.66958e+16
1.67911e+16
1.74257e+16
1.80282e+16
1.842e+16
1.89213e+16
1.91944e+16
1.93183e+16
1.99058e+16
2.02683e+16
2.05542e+16
2.09624e+16
2.09909e+16
2.10166e+16
2.11785e+16
2.16498e+16
2.16213e+16
2.13249e+16
2.15455e+16
2.15634e+16
2.1754e+16
2.15086e+16
2.13034e+16
2.09964e+16
2.10079e+16
2.07999e+16
2.04637e+16
2.04121e+16
2.01081e+16
1.99259e+16
1.95454e+16
1.90917e+16
1.89272e+16
1.85324e+16
1.79414e+16
1.75898e+16
1.69259e+16
1.63471e+16
1.60108e+16
1.55539e+16
1.48033e+16
1.42227e+16
1.35512e+16
1.29163e+16
1.22123e+16
1.16174e+16
1.07763e+16
1.00314e+16
9.39207e+15
8.62772e+15
8.00726e+15
7.06257e+15
6.28474e+15
5.4937e+15
4.69398e+15
3.96062e+15
3.09772e+15
2.21113e+15
1.32996e+15
1.53035e+15
2.43054e+15
3.35991e+15
4.19244e+15
5.08405e+15
5.96776e+15
6.79048e+15
7.84303e+15
8.37806e+15
9.27296e+15
1.01393e+16
1.09316e+16
1.16961e+16
1.24362e+16
1.30183e+16
1.39456e+16
1.45126e+16
1.51263e+16
1.5784e+16
1.64099e+16
1.70617e+16
1.80365e+16
1.8301e+16
1.88498e+16
1.96368e+16
1.9947e+16
2.03931e+16
2.06872e+16
2.10819e+16
2.14783e+16
2.18256e+16
2.19057e+16
2.21766e+16
2.28507e+16
2.2668e+16
2.30312e+16
2.30402e+16
2.2986e+16
2.31355e+16
2.309e+16
2.33497e+16
2.3047e+16
2.32335e+16
2.30477e+16
2.30618e+16
2.2766e+16
2.25133e+16
2.23826e+16
2.20956e+16
2.18426e+16
2.15588e+16
2.11201e+16
2.08294e+16
2.02329e+16
1.9859e+16
1.9425e+16
1.89166e+16
1.83006e+16
1.76897e+16
1.71172e+16
1.65646e+16
1.62407e+16
1.52843e+16
1.47724e+16
1.39259e+16
1.3217e+16
1.24236e+16
1.14537e+16
1.09658e+16
1.00593e+16
9.23568e+15
8.50194e+15
7.61052e+15
6.61448e+15
5.92638e+15
4.94311e+15
4.19859e+15
3.31585e+15
2.42458e+15
1.38655e+15
1.61927e+15
2.67755e+15
3.60278e+15
4.4763e+15
5.51871e+15
6.44629e+15
7.23737e+15
8.16371e+15
8.8363e+15
9.98271e+15
1.09091e+16
1.16894e+16
1.26347e+16
1.34246e+16
1.39764e+16
1.47056e+16
1.58337e+16
1.62648e+16
1.72615e+16
1.77372e+16
1.86586e+16
1.89207e+16
1.95563e+16
2.00886e+16
2.08535e+16
2.16474e+16
2.18028e+16
2.23394e+16
2.23699e+16
2.30236e+16
2.31491e+16
2.36073e+16
2.40411e+16
2.43217e+16
2.41482e+16
2.46311e+16
2.4778e+16
2.47758e+16
2.49879e+16
2.48934e+16
2.5082e+16
2.49738e+16
2.48295e+16
2.46285e+16
2.43232e+16
2.40663e+16
2.39951e+16
2.37948e+16
2.36853e+16
2.33228e+16
2.2995e+16
2.27823e+16
2.20677e+16
2.17316e+16
2.1274e+16
2.07598e+16
2.0175e+16
1.98114e+16
1.89681e+16
1.83243e+16
1.78375e+16
1.71976e+16
1.64243e+16
1.57264e+16
1.48021e+16
1.3972e+16
1.32492e+16
1.2536e+16
1.17772e+16
1.08933e+16
9.77429e+15
9.09256e+15
8.19964e+15
7.17067e+15
6.16699e+15
5.42793e+15
4.34834e+15
3.48653e+15
2.52247e+15
1.51409e+15
1.59465e+15
2.77807e+15
3.77568e+15
4.89578e+15
5.86073e+15
6.87268e+15
7.87337e+15
8.74218e+15
9.53143e+15
1.06264e+16
1.1332e+16
1.24295e+16
1.34721e+16
1.42819e+16
1.4994e+16
1.57892e+16
1.67007e+16
1.7325e+16
1.80206e+16
1.88824e+16
1.97569e+16
2.01647e+16
2.07739e+16
2.1387e+16
2.22761e+16
2.2535e+16
2.31883e+16
2.38926e+16
2.41099e+16
2.45034e+16
2.51286e+16
2.52274e+16
2.56428e+16
2.59121e+16
2.62012e+16
2.60816e+16
2.64465e+16
2.63264e+16
2.67616e+16
2.66058e+16
2.65405e+16
2.64988e+16
2.66139e+16
2.60905e+16
2.61203e+16
2.5788e+16
2.55451e+16
2.53032e+16
2.51715e+16
2.4906e+16
2.45965e+16
2.40956e+16
2.3641e+16
2.32546e+16
2.27908e+16
2.20172e+16
2.12534e+16
2.08247e+16
2.01507e+16
1.95505e+16
1.89153e+16
1.81281e+16
1.7366e+16
1.6525e+16
1.56967e+16
1.48793e+16
1.41465e+16
1.3355e+16
1.25631e+16
1.13585e+16
1.06843e+16
9.70122e+15
8.59156e+15
7.74651e+15
6.7724e+15
5.85711e+15
4.71835e+15
3.77992e+15
2.73363e+15
1.6281e+15
1.69984e+15
2.94926e+15
3.9988e+15
5.06651e+15
6.07701e+15
7.27428e+15
8.35526e+15
9.3806e+15
1.014e+16
1.11001e+16
1.21752e+16
1.31869e+16
1.40647e+16
1.50427e+16
1.59078e+16
1.696e+16
1.76554e+16
1.83473e+16
1.92401e+16
1.98854e+16
2.09048e+16
2.14002e+16
2.21843e+16
2.30137e+16
2.3675e+16
2.40847e+16
2.50062e+16
2.46853e+16
2.54502e+16
2.59377e+16
2.61903e+16
2.68397e+16
2.69421e+16
2.76255e+16
2.75228e+16
2.7844e+16
2.81719e+16
2.78069e+16
2.82078e+16
2.80784e+16
2.79213e+16
2.82127e+16
2.80893e+16
2.78916e+16
2.79314e+16
2.76581e+16
2.7287e+16
2.67566e+16
2.67758e+16
2.64923e+16
2.58549e+16
2.57541e+16
2.50879e+16
2.43734e+16
2.3873e+16
2.33787e+16
2.24209e+16
2.22778e+16
2.14372e+16
2.06209e+16
2.00105e+16
1.94243e+16
1.87625e+16
1.74366e+16
1.68709e+16
1.58401e+16
1.49766e+16
1.40609e+16
1.30975e+16
1.22625e+16
1.11289e+16
1.01903e+16
9.3411e+15
8.21084e+15
7.13041e+15
6.29363e+15
5.00812e+15
4.01706e+15
2.87303e+15
1.67735e+15
1.70634e+15
3.09914e+15
4.28039e+15
5.42312e+15
6.39276e+15
7.48496e+15
8.79381e+15
9.88814e+15
1.08808e+16
1.18989e+16
1.30159e+16
1.41086e+16
1.48399e+16
1.5907e+16
1.69447e+16
1.78585e+16
1.87401e+16
1.94378e+16
2.05479e+16
2.11549e+16
2.19274e+16
2.26905e+16
2.34508e+16
2.42353e+16
2.49098e+16
2.53757e+16
2.62302e+16
2.64153e+16
2.7036e+16
2.76328e+16
2.78436e+16
2.83463e+16
2.84411e+16
2.87947e+16
2.91284e+16
2.93681e+16
2.95924e+16
2.9405e+16
2.97722e+16
2.98234e+16
2.97705e+16
2.9556e+16
2.96342e+16
2.95681e+16
2.92008e+16
2.91488e+16
2.89109e+16
2.82293e+16
2.8128e+16
2.78188e+16
2.75326e+16
2.71049e+16
2.66183e+16
2.59562e+16
2.50978e+16
2.45896e+16
2.37049e+16
2.32887e+16
2.26352e+16
2.19762e+16
2.11783e+16
2.02747e+16
1.96824e+16
1.84044e+16
1.74379e+16
1.67659e+16
1.57962e+16
1.49062e+16
1.39095e+16
1.2706e+16
1.18603e+16
1.08837e+16
9.76961e+15
8.78022e+15
7.61309e+15
6.47811e+15
5.38648e+15
4.16516e+15
3.05087e+15
1.79812e+15
1.91891e+15
3.3209e+15
4.44941e+15
5.74214e+15
6.89266e+15
8.05164e+15
9.19366e+15
1.0484e+16
1.14314e+16
1.25058e+16
1.35715e+16
1.46596e+16
1.56466e+16
1.69033e+16
1.79431e+16
1.87566e+16
1.98834e+16
2.04059e+16
2.16651e+16
2.25546e+16
2.30731e+16
2.38713e+16
2.44794e+16
2.5471e+16
2.61373e+16
2.65356e+16
2.7511e+16
2.7904e+16
2.81411e+16
2.91229e+16
2.92654e+16
2.95031e+16
3.0269e+16
3.02621e+16
3.04237e+16
3.08173e+16
3.10561e+16
3.12418e+16
3.11502e+16
3.12431e+16
3.11436e+16
3.14103e+16
3.13241e+16
3.08266e+16
3.08615e+16
3.07356e+16
3.04101e+16
2.99986e+16
2.9961e+16
2.93181e+16
2.87849e+16
2.83356e+16
2.77423e+16
2.70787e+16
2.65442e+16
2.59679e+16
2.5345e+16
2.44681e+16
2.39164e+16
2.28597e+16
2.20435e+16
2.14281e+16
2.02619e+16
1.94931e+16
1.85139e+16
1.77626e+16
1.65879e+16
1.56199e+16
1.45864e+16
1.3395e+16
1.27043e+16
1.14792e+16
1.01824e+16
9.15692e+15
8.07403e+15
6.89434e+15
5.65958e+15
4.36826e+15
3.17329e+15
1.89667e+15
2.05814e+15
3.36717e+15
4.70217e+15
5.98974e+15
7.3239e+15
8.57227e+15
9.68102e+15
1.08217e+16
1.18584e+16
1.31001e+16
1.44724e+16
1.52553e+16
1.65646e+16
1.76594e+16
1.86231e+16
1.95633e+16
2.07618e+16
2.15448e+16
2.25107e+16
2.35268e+16
2.42902e+16
2.51963e+16
2.60866e+16
2.65445e+16
2.71841e+16
2.80833e+16
2.86969e+16
2.95902e+16
2.97244e+16
3.04957e+16
3.09384e+16
3.13386e+16
3.16924e+16
3.17533e+16
3.2039e+16
3.21533e+16
3.2811e+16
3.2895e+16
3.29588e+16
3.29615e+16
3.32026e+16
3.28537e+16
3.29082e+16
3.23483e+16
3.23784e+16
3.21732e+16
3.18766e+16
3.14476e+16
3.1481e+16
3.07044e+16
3.03515e+16
2.95461e+16
2.93674e+16
2.87916e+16
2.80937e+16
2.74966e+16
2.65801e+16
2.55538e+16
2.4756e+16
2.4e+16
2.3626e+16
2.22361e+16
2.13596e+16
2.05112e+16
1.94768e+16
1.84801e+16
1.75685e+16
1.61878e+16
1.54336e+16
1.44479e+16
1.33213e+16
1.19543e+16
1.0717e+16
9.53334e+15
8.40111e+15
7.11368e+15
5.8742e+15
4.62543e+15
3.32834e+15
2.02139e+15
2.14952e+15
3.55786e+15
4.92363e+15
6.32755e+15
7.50959e+15
8.85603e+15
9.96323e+15
1.11346e+16
1.24277e+16
1.39871e+16
1.5082e+16
1.59232e+16
1.73283e+16
1.85912e+16
1.97148e+16
2.06728e+16
2.17232e+16
2.27566e+16
2.36461e+16
2.45184e+16
2.57219e+16
2.62705e+16
2.71313e+16
2.78549e+16
2.8831e+16
2.94438e+16
3.01615e+16
3.08126e+16
3.12228e+16
3.23202e+16
3.22226e+16
3.27752e+16
3.30683e+16
3.30312e+16
3.34999e+16
3.36912e+16
3.41509e+16
3.41562e+16
3.44219e+16
3.44745e+16
3.43435e+16
3.45018e+16
3.43042e+16
3.40592e+16
3.38774e+16
3.33321e+16
3.3562e+16
3.31225e+16
3.27471e+16
3.21374e+16
3.1489e+16
3.1206e+16
3.06258e+16
2.9916e+16
2.94314e+16
2.85418e+16
2.78404e+16
2.68392e+16
2.6121e+16
2.53412e+16
2.44173e+16
2.32686e+16
2.24039e+16
2.16035e+16
2.05839e+16
1.92137e+16
1.8153e+16
1.72919e+16
1.6034e+16
1.49839e+16
1.39293e+16
1.24562e+16
1.13445e+16
1.02214e+16
8.73278e+15
7.45082e+15
6.01927e+15
4.86186e+15
3.53771e+15
2.14673e+15
2.32127e+15
3.83669e+15
5.08634e+15
6.55422e+15
7.68691e+15
9.278e+15
1.06372e+16
1.16764e+16
1.33444e+16
1.45053e+16
1.54454e+16
1.68512e+16
1.78868e+16
1.94284e+16
2.06605e+16
2.15822e+16
2.283e+16
2.38041e+16
2.46424e+16
2.57189e+16
2.64163e+16
2.73589e+16
2.80552e+16
2.95104e+16
3.02615e+16
3.06552e+16
3.12281e+16
3.19528e+16
3.24614e+16
3.3268e+16
3.35502e+16
3.41356e+16
3.4383e+16
3.49217e+16
3.50386e+16
3.5301e+16
3.55494e+16
3.59467e+16
3.56015e+16
3.587e+16
3.5769e+16
3.55807e+16
3.60433e+16
3.53798e+16
3.55057e+16
3.509e+16
3.51655e+16
3.47458e+16
3.41941e+16
3.34242e+16
3.29071e+16
3.25176e+16
3.21555e+16
3.14026e+16
3.05003e+16
3.00109e+16
2.8929e+16
2.82065e+16
2.71778e+16
2.65432e+16
2.53449e+16
2.42891e+16
2.316e+16
2.26671e+16
2.1539e+16
2.02848e+16
1.92035e+16
1.81817e+16
1.66905e+16
1.56104e+16
1.4411e+16
1.30354e+16
1.17451e+16
1.05515e+16
9.19314e+15
7.74287e+15
6.45705e+15
5.06006e+15
3.62071e+15
2.23827e+15
2.30075e+15
3.96812e+15
5.54617e+15
6.7265e+15
8.11562e+15
9.70135e+15
1.09508e+16
1.23992e+16
1.36629e+16
1.50471e+16
1.61702e+16
1.74904e+16
1.88969e+16
2.00978e+16
2.13734e+16
2.25286e+16
2.38269e+16
2.48349e+16
2.5942e+16
2.69435e+16
2.77047e+16
2.861e+16
2.91463e+16
3.04686e+16
3.13579e+16
3.19027e+16
3.26154e+16
3.32627e+16
3.37811e+16
3.46497e+16
3.51309e+16
3.57028e+16
3.58728e+16
3.5951e+16
3.6499e+16
3.69264e+16
3.72771e+16
3.70875e+16
3.73379e+16
3.72944e+16
3.71391e+16
3.73385e+16
3.73822e+16
3.72507e+16
3.70548e+16
3.6541e+16
3.62457e+16
3.57166e+16
3.53629e+16
3.48317e+16
3.46307e+16
3.3969e+16
3.35027e+16
3.27333e+16
3.17715e+16
3.12792e+16
3.02632e+16
2.95966e+16
2.84844e+16
2.76378e+16
2.67639e+16
2.56649e+16
2.44726e+16
2.34832e+16
2.25655e+16
2.12806e+16
2.0182e+16
1.88872e+16
1.75164e+16
1.62793e+16
1.52297e+16
1.34975e+16
1.22851e+16
1.07765e+16
9.52543e+15
8.09244e+15
6.74576e+15
5.26835e+15
3.79522e+15
2.36247e+15
2.46509e+15
4.20206e+15
5.61649e+15
6.97556e+15
8.65953e+15
1.00912e+16
1.14168e+16
1.28277e+16
1.39626e+16
1.55129e+16
1.67436e+16
1.80991e+16
1.96202e+16
2.07833e+16
2.21928e+16
2.35835e+16
2.46255e+16
2.59343e+16
2.68709e+16
2.77285e+16
2.87727e+16
2.97361e+16
3.06732e+16
3.15073e+16
3.25316e+16
3.36178e+16
3.39544e+16
3.45715e+16
3.52958e+16
3.60962e+16
3.65507e+16
3.67793e+16
3.75638e+16
3.8069e+16
3.80599e+16
3.85662e+16
3.8562e+16
3.89627e+16
3.88595e+16
3.88461e+16
3.87141e+16
3.88251e+16
3.87736e+16
3.89816e+16
3.82824e+16
3.82696e+16
3.75359e+16
3.70902e+16
3.67401e+16
3.65155e+16
3.61008e+16
3.51657e+16
3.43508e+16
3.37422e+16
3.30135e+16
3.21487e+16
3.11752e+16
3.0455e+16
2.9472e+16
2.86138e+16
2.76784e+16
2.66663e+16
2.52526e+16
2.4566e+16
2.32165e+16
2.19732e+16
2.072e+16
1.96324e+16
1.81034e+16
1.70321e+16
1.5657e+16
1.40651e+16
1.28072e+16
1.12875e+16
9.98089e+15
8.41726e+15
6.85462e+15
5.42577e+15
4.01497e+15
2.48191e+15
2.57494e+15
4.31882e+15
5.91739e+15
7.48006e+15
8.86037e+15
1.04767e+16
1.1819e+16
1.32061e+16
1.46534e+16
1.63803e+16
1.75654e+16
1.91534e+16
2.05188e+16
2.15716e+16
2.30064e+16
2.40331e+16
2.54762e+16
2.67068e+16
2.7777e+16
2.87151e+16
2.98712e+16
3.09288e+16
3.20207e+16
3.29839e+16
3.36705e+16
3.45171e+16
3.55717e+16
3.59693e+16
3.6432e+16
3.68638e+16
3.79565e+16
3.8197e+16
3.85832e+16
3.9263e+16
3.9658e+16
3.99261e+16
3.98905e+16
4.03103e+16
4.02744e+16
4.0612e+16
4.03688e+16
4.02054e+16
3.98774e+16
4.00929e+16
3.977e+16
3.9555e+16
3.89171e+16
3.83344e+16
3.83962e+16
3.76704e+16
3.71976e+16
3.65185e+16
3.59926e+16
3.48896e+16
3.4345e+16
3.36613e+16
3.22532e+16
3.13973e+16
3.08316e+16
2.97263e+16
2.87294e+16
2.77443e+16
2.63024e+16
2.55602e+16
2.43565e+16
2.295e+16
2.15195e+16
2.02505e+16
1.89886e+16
1.74828e+16
1.60296e+16
1.47364e+16
1.34826e+16
1.17262e+16
1.05086e+16
8.76331e+15
7.23389e+15
5.71931e+15
4.16085e+15
2.40934e+15
2.66619e+15
4.3601e+15
6.10988e+15
7.55997e+15
9.17113e+15
1.08158e+16
1.23947e+16
1.3842e+16
1.533e+16
1.67917e+16
1.81046e+16
1.96005e+16
2.09949e+16
2.24435e+16
2.38404e+16
2.5258e+16
2.65321e+16
2.73135e+16
2.86439e+16
2.98315e+16
3.10829e+16
3.19929e+16
3.30315e+16
3.40477e+16
3.47168e+16
3.55352e+16
3.64633e+16
3.72165e+16
3.76144e+16
3.85064e+16
3.89796e+16
3.94799e+16
4.00401e+16
4.05431e+16
4.0971e+16
4.15623e+16
4.15277e+16
4.15994e+16
4.17182e+16
4.15366e+16
4.16062e+16
4.17806e+16
4.19047e+16
4.15868e+16
4.14901e+16
4.13392e+16
4.04428e+16
3.98724e+16
3.94883e+16
3.88621e+16
3.84815e+16
3.79694e+16
3.72105e+16
3.65216e+16
3.5422e+16
3.50616e+16
3.37594e+16
3.28299e+16
3.18029e+16
3.07537e+16
2.95363e+16
2.88691e+16
2.73294e+16
2.62353e+16
2.49495e+16
2.38414e+16
2.23577e+16
2.09301e+16
1.95494e+16
1.81938e+16
1.66999e+16
1.52319e+16
1.35446e+16
1.20654e+16
1.06789e+16
8.97656e+15
7.53463e+15
5.9203e+15
4.29989e+15
2.49793e+15
2.73484e+15
4.50229e+15
6.20834e+15
7.90565e+15
9.51526e+15
1.1159e+16
1.27359e+16
1.4357e+16
1.56853e+16
1.72854e+16
1.90144e+16
2.04004e+16
2.18101e+16
2.31661e+16
2.45634e+16
2.58543e+16
2.71588e+16
2.80875e+16
2.97893e+16
3.07514e+16
3.14546e+16
3.28638e+16
3.38753e+16
3.48303e+16
3.58745e+16
3.67283e+16
3.77753e+16
3.84692e+16
3.90935e+16
3.96345e+16
4.05275e+16
4.1337e+16
4.16045e+16
4.17875e+16
4.25128e+16
4.24674e+16
4.3016e+16
4.32351e+16
4.329e+16
4.34956e+16
4.32682e+16
4.33329e+16
4.29313e+16
4.32149e+16
4.28474e+16
4.22806e+16
4.19719e+16
4.1478e+16
4.12301e+16
4.06115e+16
3.97981e+16
3.91996e+16
3.84298e+16
3.75044e+16
3.68898e+16
3.59786e+16
3.50334e+16
3.36989e+16
3.28152e+16
3.15929e+16
3.01932e+16
2.94388e+16
2.82324e+16
2.70817e+16
2.58799e+16
2.45856e+16
2.33798e+16
2.18358e+16
2.05065e+16
1.88027e+16
1.72533e+16
1.5784e+16
1.3936e+16
1.26378e+16
1.0965e+16
9.31466e+15
7.69675e+15
6.10081e+15
4.45111e+15
2.64408e+15
2.82871e+15
4.57074e+15
6.41204e+15
8.21542e+15
9.85254e+15
1.13734e+16
1.30336e+16
1.46595e+16
1.6419e+16
1.76942e+16
1.92532e+16
2.08836e+16
2.231e+16
2.39045e+16
2.53975e+16
2.65279e+16
2.79737e+16
2.9102e+16
3.02813e+16
3.16952e+16
3.29845e+16
3.38825e+16
3.51139e+16
3.60137e+16
3.73886e+16
3.78512e+16
3.88828e+16
3.96314e+16
4.01114e+16
4.08777e+16
4.15339e+16
4.21017e+16
4.28936e+16
4.34285e+16
4.32421e+16
4.39758e+16
4.39895e+16
4.46689e+16
4.46361e+16
4.46733e+16
4.47437e+16
4.47219e+16
4.44571e+16
4.42759e+16
4.43624e+16
4.4218e+16
4.29878e+16
4.30643e+16
4.22645e+16
4.19022e+16
4.11175e+16
4.06942e+16
3.95652e+16
3.86329e+16
3.78556e+16
3.70622e+16
3.60402e+16
3.50481e+16
3.39699e+16
3.27599e+16
3.16102e+16
3.0495e+16
2.92641e+16
2.76975e+16
2.64915e+16
2.51785e+16
2.37684e+16
2.23772e+16
2.07695e+16
1.91763e+16
1.74153e+16
1.63277e+16
1.45396e+16
1.29699e+16
1.13189e+16
9.71299e+15
8.05981e+15
6.31226e+15
4.50433e+15
2.74092e+15
2.88212e+15
4.71992e+15
6.55504e+15
8.42271e+15
1.00957e+16
1.1674e+16
1.34618e+16
1.51313e+16
1.68293e+16
1.84268e+16
2.01883e+16
2.14792e+16
2.3239e+16
2.45022e+16
2.57551e+16
2.74234e+16
2.86003e+16
3.01049e+16
3.12625e+16
3.27955e+16
3.39032e+16
3.47418e+16
3.59453e+16
3.72561e+16
3.80096e+16
3.92466e+16
4.02821e+16
4.07835e+16
4.16776e+16
4.21189e+16
4.29934e+16
4.39252e+16
4.42266e+16
4.45816e+16
4.46052e+16
4.52864e+16
4.56097e+16
4.55822e+16
4.56262e+16
4.62335e+16
4.63556e+16
4.59135e+16
4.56985e+16
4.60938e+16
4.56282e+16
4.53073e+16
4.40038e+16
4.41336e+16
4.38405e+16
4.31339e+16
4.23847e+16
4.18303e+16
4.08814e+16
3.99299e+16
3.88214e+16
3.8245e+16
3.71167e+16
3.59533e+16
3.49178e+16
3.39162e+16
3.26413e+16
3.11581e+16
2.99955e+16
2.86747e+16
2.71175e+16
2.61599e+16
2.48208e+16
2.28664e+16
2.14208e+16
1.98795e+16
1.82353e+16
1.66646e+16
1.50331e+16
1.32395e+16
1.17448e+16
9.92357e+15
8.28313e+15
6.40905e+15
4.63559e+15
2.75629e+15
2.95219e+15
4.8768e+15
6.79822e+15
8.62876e+15
1.03438e+16
1.2073e+16
1.39423e+16
1.57212e+16
1.72028e+16
1.91696e+16
2.07182e+16
2.21004e+16
2.37473e+16
2.52098e+16
2.65848e+16
2.81509e+16
2.94692e+16
3.06618e+16
3.22569e+16
3.35117e+16
3.47055e+16
3.58435e+16
3.70797e+16
3.85612e+16
3.9233e+16
3.99676e+16
4.12877e+16
4.18862e+16
4.25275e+16
4.33184e+16
4.39606e+16
4.44665e+16
4.53179e+16
4.56613e+16
4.63823e+16
4.6693e+16
4.71877e+16
4.71986e+16
4.72362e+16
4.77009e+16
4.76512e+16
4.72704e+16
4.73197e+16
4.71057e+16
4.6536e+16
4.61346e+16
4.58896e+16
4.53005e+16
4.50683e+16
4.42339e+16
4.38146e+16
4.27541e+16
4.18851e+16
4.12149e+16
4.03243e+16
3.89343e+16
3.82257e+16
3.71607e+16
3.6039e+16
3.49648e+16
3.33793e+16
3.21308e+16
3.10335e+16
2.95645e+16
2.83194e+16
2.67484e+16
2.49169e+16
2.36486e+16
2.19204e+16
2.02665e+16
1.86834e+16
1.72546e+16
1.54705e+16
1.3868e+16
1.22266e+16
1.01607e+16
8.55371e+15
6.77693e+15
4.88076e+15
2.85702e+15
3.00537e+15
5.03488e+15
7.12086e+15
8.83139e+15
1.0712e+16
1.26354e+16
1.43306e+16
1.63464e+16
1.78871e+16
1.94822e+16
2.12607e+16
2.28214e+16
2.46451e+16
2.57483e+16
2.74069e+16
2.90159e+16
3.02947e+16
3.1738e+16
3.31153e+16
3.43884e+16
3.57039e+16
3.68644e+16
3.84512e+16
3.92866e+16
4.02283e+16
4.13269e+16
4.26248e+16
4.30535e+16
4.36056e+16
4.49257e+16
4.53999e+16
4.60328e+16
4.65726e+16
4.71094e+16
4.76748e+16
4.83755e+16
4.85936e+16
4.85358e+16
4.85207e+16
4.83522e+16
4.87074e+16
4.8827e+16
4.8552e+16
4.80881e+16
4.77671e+16
4.74255e+16
4.70631e+16
4.68306e+16
4.5999e+16
4.53665e+16
4.44606e+16
4.39122e+16
4.3024e+16
4.21489e+16
4.1436e+16
4.04123e+16
3.91383e+16
3.79587e+16
3.68653e+16
3.55533e+16
3.44224e+16
3.31407e+16
3.18918e+16
3.06417e+16
2.89539e+16
2.75105e+16
2.57723e+16
2.42716e+16
2.23141e+16
2.0708e+16
1.90169e+16
1.76291e+16
1.60431e+16
1.42192e+16
1.24034e+16
1.05334e+16
8.84709e+15
6.91145e+15
4.95253e+15
2.94878e+15
3.04946e+15
5.24479e+15
7.20541e+15
9.18134e+15
1.1068e+16
1.27736e+16
1.46131e+16
1.6604e+16
1.8261e+16
1.99438e+16
2.1671e+16
2.36835e+16
2.51042e+16
2.66562e+16
2.83359e+16
2.97198e+16
3.11143e+16
3.25204e+16
3.3936e+16
3.53996e+16
3.63531e+16
3.78983e+16
3.88602e+16
4.03503e+16
4.12705e+16
4.20944e+16
4.33499e+16
4.41316e+16
4.51837e+16
4.60154e+16
4.69027e+16
4.72263e+16
4.76427e+16
4.87748e+16
4.87984e+16
4.93219e+16
4.94653e+16
4.96807e+16
4.98043e+16
4.94104e+16
4.9889e+16
4.95012e+16
4.95193e+16
4.94037e+16
4.91566e+16
4.88297e+16
4.80348e+16
4.7487e+16
4.72831e+16
4.65615e+16
4.60607e+16
4.50463e+16
4.42604e+16
4.32598e+16
4.24395e+16
4.12739e+16
3.98873e+16
3.87417e+16
3.78295e+16
3.65375e+16
3.53306e+16
3.36463e+16
3.24968e+16
3.14607e+16
2.95678e+16
2.80386e+16
2.69535e+16
2.48207e+16
2.28303e+16
2.1485e+16
1.95698e+16
1.81211e+16
1.63575e+16
1.47223e+16
1.29021e+16
1.07484e+16
9.08872e+15
7.02766e+15
5.10712e+15
3.06207e+15
3.12175e+15
5.2748e+15
7.22269e+15
9.27245e+15
1.10934e+16
1.30317e+16
1.50541e+16
1.69245e+16
1.87446e+16
2.03564e+16
2.20191e+16
2.39135e+16
2.55988e+16
2.72993e+16
2.91258e+16
3.03926e+16
3.20083e+16
3.34499e+16
3.48292e+16
3.63524e+16
3.75835e+16
3.85694e+16
3.96433e+16
4.11034e+16
4.19888e+16
4.27834e+16
4.40491e+16
4.49595e+16
4.65269e+16
4.67676e+16
4.74088e+16
4.80553e+16
4.88855e+16
4.93691e+16
4.97253e+16
5.01763e+16
5.03395e+16
5.08447e+16
5.10624e+16
5.13085e+16
5.13016e+16
5.07433e+16
5.07388e+16
5.0435e+16
5.00439e+16
4.98452e+16
4.91702e+16
4.83912e+16
4.7813e+16
4.761e+16
4.6844e+16
4.58955e+16
4.54054e+16
4.43195e+16
4.33881e+16
4.18773e+16
4.06903e+16
4.00185e+16
3.83565e+16
3.73493e+16
3.62036e+16
3.45845e+16
3.34562e+16
3.18531e+16
3.02417e+16
2.88855e+16
2.68934e+16
2.54197e+16
2.34705e+16
2.20272e+16
2.01814e+16
1.83893e+16
1.68158e+16
1.50113e+16
1.30538e+16
1.09787e+16
9.0669e+15
7.15396e+15
5.34797e+15
3.05723e+15
3.13199e+15
5.29108e+15
7.34434e+15
9.4157e+15
1.13083e+16
1.32233e+16
1.52834e+16
1.72614e+16
1.90019e+16
2.07569e+16
2.28254e+16
2.42188e+16
2.60493e+16
2.81357e+16
2.93494e+16
3.13441e+16
3.27245e+16
3.40563e+16
3.56295e+16
3.70363e+16
3.79799e+16
3.95553e+16
4.10709e+16
4.17947e+16
4.33439e+16
4.42285e+16
4.54756e+16
4.63175e+16
4.73223e+16
4.81936e+16
4.88203e+16
4.94494e+16
5.01101e+16
5.06551e+16
5.09297e+16
5.14365e+16
5.15447e+16
5.18609e+16
5.18328e+16
5.2324e+16
5.22752e+16
5.16969e+16
5.17573e+16
5.12812e+16
5.09396e+16
5.04924e+16
5.02933e+16
4.96766e+16
4.87628e+16
4.87817e+16
4.77854e+16
4.71203e+16
4.62204e+16
4.54199e+16
4.41253e+16
4.27445e+16
4.1869e+16
4.06306e+16
3.93909e+16
3.81078e+16
3.65405e+16
3.505e+16
3.37209e+16
3.19155e+16
3.06119e+16
2.94628e+16
2.75559e+16
2.58649e+16
2.45506e+16
2.25656e+16
2.05795e+16
1.88605e+16
1.69656e+16
1.54533e+16
1.32308e+16
1.12694e+16
9.33326e+15
7.39472e+15
5.38115e+15
3.1521e+15
3.22028e+15
5.34279e+15
7.43277e+15
9.62252e+15
1.14185e+16
1.34639e+16
1.56824e+16
1.76685e+16
1.95668e+16
2.14908e+16
2.30217e+16
2.5169e+16
2.6954e+16
2.86908e+16
3.01095e+16
3.20691e+16
3.33948e+16
3.49882e+16
3.64695e+16
3.7597e+16
3.91427e+16
4.03603e+16
4.18007e+16
4.28621e+16
4.41273e+16
4.53021e+16
4.62205e+16
4.71046e+16
4.82971e+16
4.9296e+16
4.9831e+16
5.00677e+16
5.11498e+16
5.1463e+16
5.16417e+16
5.24548e+16
5.24158e+16
5.2664e+16
5.26447e+16
5.30353e+16
5.29324e+16
5.30262e+16
5.24866e+16
5.26027e+16
5.21935e+16
5.13834e+16
5.13127e+16
5.09544e+16
5.03607e+16
4.95125e+16
4.93792e+16
4.81398e+16
4.72561e+16
4.61243e+16
4.51754e+16
4.41193e+16
4.2944e+16
4.14944e+16
4.01424e+16
3.90384e+16
3.77651e+16
3.60963e+16
3.45591e+16
3.28828e+16
3.14128e+16
2.98292e+16
2.79995e+16
2.65826e+16
2.46709e+16
2.28904e+16
2.08651e+16
1.93596e+16
1.73549e+16
1.54194e+16
1.34047e+16
1.13891e+16
9.41618e+15
7.55766e+15
5.40749e+15
3.35021e+15
3.26699e+15
5.53954e+15
7.66933e+15
9.89038e+15
1.16997e+16
1.38527e+16
1.5779e+16
1.77226e+16
1.99282e+16
2.17156e+16
2.36027e+16
2.56793e+16
2.71155e+16
2.93763e+16
3.05214e+16
3.25539e+16
3.37754e+16
3.53913e+16
3.67804e+16
3.86583e+16
3.98871e+16
4.13376e+16
4.24988e+16
4.36049e+16
4.49825e+16
4.59833e+16
4.71018e+16
4.79545e+16
4.88589e+16
4.96894e+16
5.08191e+16
5.12279e+16
5.20671e+16
5.26041e+16
5.27361e+16
5.33838e+16
5.36061e+16
5.35789e+16
5.35296e+16
5.36616e+16
5.38304e+16
5.40159e+16
5.37809e+16
5.36556e+16
5.29631e+16
5.26822e+16
5.20885e+16
5.18611e+16
5.08195e+16
5.0566e+16
4.98638e+16
4.9094e+16
4.79173e+16
4.67477e+16
4.62152e+16
4.48801e+16
4.37853e+16
4.26143e+16
4.08211e+16
3.97159e+16
3.81745e+16
3.66552e+16
3.5588e+16
3.39492e+16
3.20155e+16
3.03671e+16
2.86499e+16
2.685e+16
2.49392e+16
2.30893e+16
2.12312e+16
1.97314e+16
1.76879e+16
1.56663e+16
1.36177e+16
1.17489e+16
9.50604e+15
7.57756e+15
5.59814e+15
3.30652e+15
3.33587e+15
5.7054e+15
7.57933e+15
9.89245e+15
1.19979e+16
1.39095e+16
1.59869e+16
1.82571e+16
2.02593e+16
2.20677e+16
2.39556e+16
2.60528e+16
2.75686e+16
2.95278e+16
3.13141e+16
3.3081e+16
3.45021e+16
3.59571e+16
3.76732e+16
3.92278e+16
4.08891e+16
4.22849e+16
4.32513e+16
4.44939e+16
4.547e+16
4.6969e+16
4.79463e+16
4.88356e+16
4.994e+16
5.07973e+16
5.1679e+16
5.2274e+16
5.25727e+16
5.33781e+16
5.36223e+16
5.37768e+16
5.44353e+16
5.45115e+16
5.47372e+16
5.46071e+16
5.47276e+16
5.45835e+16
5.47596e+16
5.41085e+16
5.42788e+16
5.3678e+16
5.31528e+16
5.27709e+16
5.22785e+16
5.13977e+16
5.05581e+16
4.97863e+16
4.89517e+16
4.76797e+16
4.67434e+16
4.5455e+16
4.45362e+16
4.3006e+16
4.18065e+16
4.01425e+16
3.8708e+16
3.76411e+16
3.57967e+16
3.43559e+16
3.23355e+16
3.09519e+16
2.92153e+16
2.71298e+16
2.543e+16
2.36633e+16
2.19148e+16
2.00679e+16
1.80928e+16
1.59889e+16
1.39259e+16
1.20093e+16
9.82133e+15
7.66744e+15
5.6392e+15
3.40198e+15
3.45592e+15
5.75498e+15
7.91907e+15
9.94855e+15
1.20357e+16
1.43275e+16
1.62825e+16
1.85294e+16
2.02562e+16
2.23987e+16
2.45035e+16
2.61511e+16
2.79685e+16
3.01457e+16
3.17524e+16
3.32727e+16
3.52746e+16
3.66346e+16
3.80534e+16
4.00445e+16
4.13162e+16
4.27426e+16
4.40943e+16
4.51757e+16
4.6505e+16
4.75897e+16
4.87269e+16
4.98877e+16
5.08014e+16
5.14207e+16
5.21342e+16
5.31185e+16
5.34109e+16
5.39891e+16
5.49431e+16
5.51247e+16
5.48964e+16
5.53939e+16
5.56889e+16
5.58115e+16
5.58241e+16
5.56476e+16
5.55952e+16
5.544e+16
5.46205e+16
5.44667e+16
5.40187e+16
5.36113e+16
5.29536e+16
5.24409e+16
5.15912e+16
5.05062e+16
4.95891e+16
4.86276e+16
4.73309e+16
4.62604e+16
4.5202e+16
4.38619e+16
4.23158e+16
4.08712e+16
3.95443e+16
3.81084e+16
3.64695e+16
3.48754e+16
3.29265e+16
3.16534e+16
2.9715e+16
2.78977e+16
2.60976e+16
2.41254e+16
2.22645e+16
2.04023e+16
1.83463e+16
1.64192e+16
1.423e+16
1.234e+16
1.01176e+16
7.82658e+15
5.8003e+15
3.46898e+15
3.57335e+15
5.8713e+15
8.11653e+15
1.01522e+16
1.23146e+16
1.43616e+16
1.65606e+16
1.86204e+16
2.04786e+16
2.26966e+16
2.47419e+16
2.68215e+16
2.87298e+16
3.05947e+16
3.22361e+16
3.36988e+16
3.56982e+16
3.73253e+16
3.90962e+16
4.04831e+16
4.18647e+16
4.31652e+16
4.43406e+16
4.60694e+16
4.70868e+16
4.83025e+16
4.94725e+16
5.04864e+16
5.13028e+16
5.19686e+16
5.32604e+16
5.36305e+16
5.43789e+16
5.48611e+16
5.53796e+16
5.61259e+16
5.58616e+16
5.59955e+16
5.65853e+16
5.63745e+16
5.67161e+16
5.6963e+16
5.62567e+16
5.61172e+16
5.603e+16
5.55232e+16
5.49595e+16
5.43996e+16
5.366e+16
5.28159e+16
5.21466e+16
5.12532e+16
5.02021e+16
4.94101e+16
4.81913e+16
4.71884e+16
4.57699e+16
4.42373e+16
4.29432e+16
4.15927e+16
3.99142e+16
3.88261e+16
3.69963e+16
3.55189e+16
3.36321e+16
3.18851e+16
3.00354e+16
2.81411e+16
2.62757e+16
2.46126e+16
2.26402e+16
2.06682e+16
1.86579e+16
1.68446e+16
1.44536e+16
1.24782e+16
1.01813e+16
8.07263e+15
5.78441e+15
3.48834e+15
3.47377e+15
5.86435e+15
8.19155e+15
1.03432e+16
1.25246e+16
1.46593e+16
1.67873e+16
1.87322e+16
2.07872e+16
2.31147e+16
2.48305e+16
2.69172e+16
2.89288e+16
3.06432e+16
3.27213e+16
3.41658e+16
3.59276e+16
3.77633e+16
4.00976e+16
4.11533e+16
4.25698e+16
4.38687e+16
4.49873e+16
4.6739e+16
4.78483e+16
4.9035e+16
4.99758e+16
5.10292e+16
5.22752e+16
5.2399e+16
5.35135e+16
5.42767e+16
5.52804e+16
5.57431e+16
5.62157e+16
5.66418e+16
5.68718e+16
5.70899e+16
5.76295e+16
5.74998e+16
5.78003e+16
5.72044e+16
5.70721e+16
5.67418e+16
5.66241e+16
5.62144e+16
5.58546e+16
5.49164e+16
5.40407e+16
5.36857e+16
5.29292e+16
5.15012e+16
5.08192e+16
4.98393e+16
4.897e+16
4.72036e+16
4.62088e+16
4.51265e+16
4.39884e+16
4.22949e+16
4.05783e+16
3.90412e+16
3.72698e+16
3.57581e+16
3.41395e+16
3.21908e+16
3.01998e+16
2.86309e+16
2.67627e+16
2.46674e+16
2.31069e+16
2.0878e+16
1.88545e+16
1.69904e+16
1.47387e+16
1.25633e+16
1.04189e+16
8.05872e+15
5.84974e+15
3.59252e+15
3.59525e+15
5.94942e+15
8.18671e+15
1.05452e+16
1.25197e+16
1.47881e+16
1.6978e+16
1.90627e+16
2.12149e+16
2.30724e+16
2.51604e+16
2.74531e+16
2.92042e+16
3.1157e+16
3.3019e+16
3.47696e+16
3.65463e+16
3.85272e+16
3.99332e+16
4.18805e+16
4.30069e+16
4.48651e+16
4.57472e+16
4.71652e+16
4.85777e+16
4.96802e+16
5.04853e+16
5.15832e+16
5.19858e+16
5.34783e+16
5.39513e+16
5.53426e+16
5.57747e+16
5.60725e+16
5.72458e+16
5.73075e+16
5.74892e+16
5.79394e+16
5.85778e+16
5.79594e+16
5.85142e+16
5.77685e+16
5.78418e+16
5.75573e+16
5.72222e+16
5.67104e+16
5.61548e+16
5.55776e+16
5.48932e+16
5.38952e+16
5.32012e+16
5.21007e+16
5.15222e+16
5.0388e+16
4.9401e+16
4.79333e+16
4.70574e+16
4.54477e+16
4.42457e+16
4.25079e+16
4.09326e+16
3.92604e+16
3.78775e+16
3.62874e+16
3.43177e+16
3.27792e+16
3.08756e+16
2.9009e+16
2.68255e+16
2.51585e+16
2.32109e+16
2.10095e+16
1.8958e+16
1.67313e+16
1.4941e+16
1.26889e+16
1.05912e+16
8.23415e+15
5.94739e+15
3.59915e+15
3.57897e+15
6.00473e+15
8.44791e+15
1.05811e+16
1.27216e+16
1.50308e+16
1.70857e+16
1.92422e+16
2.14154e+16
2.33863e+16
2.53427e+16
2.7442e+16
2.95564e+16
3.15619e+16
3.32619e+16
3.51107e+16
3.66996e+16
3.83447e+16
4.01937e+16
4.23138e+16
4.34745e+16
4.51426e+16
4.63909e+16
4.77234e+16
4.85963e+16
4.95644e+16
5.11583e+16
5.20615e+16
5.30357e+16
5.38016e+16
5.50661e+16
5.55358e+16
5.63043e+16
5.69944e+16
5.70954e+16
5.75552e+16
5.80975e+16
5.85031e+16
5.87321e+16
5.87532e+16
5.85021e+16
5.86378e+16
5.85371e+16
5.86627e+16
5.78253e+16
5.72332e+16
5.69885e+16
5.65194e+16
5.55521e+16
5.46478e+16
5.41688e+16
5.29874e+16
5.17687e+16
5.0764e+16
5.00006e+16
4.83746e+16
4.70814e+16
4.55659e+16
4.42041e+16
4.28345e+16
4.15656e+16
3.99887e+16
3.80266e+16
3.66509e+16
3.48484e+16
3.29559e+16
3.11823e+16
2.93695e+16
2.74132e+16
2.51433e+16
2.3414e+16
2.12706e+16
1.91503e+16
1.71924e+16
1.48768e+16
1.29038e+16
1.04869e+16
8.22905e+15
6.0228e+15
3.58114e+15
3.65848e+15
6.20178e+15
8.40568e+15
1.07421e+16
1.29064e+16
1.50139e+16
1.73166e+16
1.91627e+16
2.12856e+16
2.33954e+16
2.56582e+16
2.75658e+16
2.98814e+16
3.2003e+16
3.35048e+16
3.52474e+16
3.73198e+16
3.89131e+16
4.08329e+16
4.19403e+16
4.37835e+16
4.53425e+16
4.64647e+16
4.79087e+16
4.89316e+16
5.03206e+16
5.15153e+16
5.28428e+16
5.36084e+16
5.37535e+16
5.54709e+16
5.60842e+16
5.68635e+16
5.76249e+16
5.76914e+16
5.79814e+16
5.85931e+16
5.91426e+16
5.90226e+16
5.90293e+16
5.90692e+16
5.89046e+16
5.92542e+16
5.88303e+16
5.83493e+16
5.79256e+16
5.74703e+16
5.70045e+16
5.58278e+16
5.56379e+16
5.44543e+16
5.35957e+16
5.23134e+16
5.1347e+16
5.02969e+16
4.89919e+16
4.7593e+16
4.64033e+16
4.44951e+16
4.35504e+16
4.17086e+16
4.03221e+16
3.86253e+16
3.68838e+16
3.52576e+16
3.35373e+16
3.13714e+16
2.97986e+16
2.75102e+16
2.58049e+16
2.36469e+16
2.15126e+16
1.9427e+16
1.71344e+16
1.51418e+16
1.28324e+16
1.06101e+16
8.46551e+15
6.10849e+15
3.57407e+15
3.75359e+15
6.23521e+15
8.50276e+15
1.07008e+16
1.30702e+16
1.52281e+16
1.73973e+16
1.95481e+16
2.191e+16
2.38779e+16
2.57428e+16
2.78255e+16
2.98145e+16
3.18832e+16
3.39253e+16
3.55349e+16
3.74237e+16
3.92916e+16
4.11711e+16
4.23084e+16
4.42387e+16
4.54492e+16
4.68206e+16
4.8487e+16
4.98349e+16
5.09042e+16
5.16395e+16
5.29236e+16
5.40381e+16
5.45571e+16
5.55102e+16
5.68017e+16
5.70265e+16
5.80204e+16
5.83177e+16
5.88238e+16
5.93281e+16
5.96051e+16
5.96357e+16
5.97726e+16
5.9686e+16
5.94002e+16
5.91175e+16
5.89444e+16
5.88695e+16
5.83103e+16
5.80936e+16
5.70557e+16
5.61935e+16
5.57075e+16
5.50791e+16
5.40554e+16
5.30006e+16
5.15493e+16
5.09065e+16
4.96542e+16
4.80395e+16
4.67068e+16
4.50603e+16
4.35834e+16
4.23145e+16
4.03452e+16
3.90119e+16
3.68488e+16
3.53666e+16
3.36136e+16
3.17913e+16
2.98496e+16
2.7815e+16
2.59562e+16
2.37571e+16
2.17516e+16
1.95301e+16
1.72741e+16
1.51662e+16
1.30752e+16
1.07908e+16
8.56686e+15
6.09498e+15
3.72984e+15
3.73501e+15
6.225e+15
8.71142e+15
1.09576e+16
1.30484e+16
1.53744e+16
1.75286e+16
1.97084e+16
2.19764e+16
2.39106e+16
2.59322e+16
2.82312e+16
3.00401e+16
3.20302e+16
3.41071e+16
3.60865e+16
3.79159e+16
3.95974e+16
4.07256e+16
4.26665e+16
4.41896e+16
4.55845e+16
4.69606e+16
4.86412e+16
4.99214e+16
5.10127e+16
5.23702e+16
5.33187e+16
5.45791e+16
5.47433e+16
5.59747e+16
5.72645e+16
5.77867e+16
5.86154e+16
5.88277e+16
5.91925e+16
5.94888e+16
6.00488e+16
6.02554e+16
6.02873e+16
5.98991e+16
5.99471e+16
5.94346e+16
5.90489e+16
5.91946e+16
5.85966e+16
5.80847e+16
5.74226e+16
5.67347e+16
5.60285e+16
5.51256e+16
5.42457e+16
5.30358e+16
5.20731e+16
5.11502e+16
4.95179e+16
4.83287e+16
4.66898e+16
4.54685e+16
4.41123e+16
4.22669e+16
4.1028e+16
3.89845e+16
3.74387e+16
3.53787e+16
3.3709e+16
3.2264e+16
3.01245e+16
2.78941e+16
2.5854e+16
2.39206e+16
2.19903e+16
1.97829e+16
1.73304e+16
1.51136e+16
1.31714e+16
1.08859e+16
8.55837e+15
6.22267e+15
3.69908e+15
3.77557e+15
6.16805e+15
8.64977e+15
1.08792e+16
1.33503e+16
1.54144e+16
1.76728e+16
2.00661e+16
2.18893e+16
2.42294e+16
2.63633e+16
2.85706e+16
3.03486e+16
3.23057e+16
3.39383e+16
3.61525e+16
3.79192e+16
3.99504e+16
4.11265e+16
4.29407e+16
4.42619e+16
4.57921e+16
4.75506e+16
4.89334e+16
5.02042e+16
5.09984e+16
5.21881e+16
5.35165e+16
5.46221e+16
5.55083e+16
5.65617e+16
5.72157e+16
5.78806e+16
5.84359e+16
5.90023e+16
5.92187e+16
5.97479e+16
6.02375e+16
6.05021e+16
6.02457e+16
6.02965e+16
5.98383e+16
5.97758e+16
5.91757e+16
5.91606e+16
5.87931e+16
5.82834e+16
5.76414e+16
5.65237e+16
5.61415e+16
5.51495e+16
5.42279e+16
5.32574e+16
5.21528e+16
5.08948e+16
4.98558e+16
4.82839e+16
4.69719e+16
4.57977e+16
4.43928e+16
4.26199e+16
4.09077e+16
3.92427e+16
3.73925e+16
3.57375e+16
3.39703e+16
3.20019e+16
2.99363e+16
2.82136e+16
2.57832e+16
2.39764e+16
2.18349e+16
1.987e+16
1.77444e+16
1.52769e+16
1.31684e+16
1.08754e+16
8.49303e+15
6.24513e+15
3.67084e+15
3.75873e+15
6.19379e+15
8.61037e+15
1.10351e+16
1.32062e+16
1.55669e+16
1.76929e+16
1.99918e+16
2.19949e+16
2.44028e+16
2.63405e+16
2.81366e+16
3.01681e+16
3.21495e+16
3.38507e+16
3.62044e+16
3.79607e+16
3.96085e+16
4.13146e+16
4.30945e+16
4.49001e+16
4.59299e+16
4.75437e+16
4.89629e+16
5.0287e+16
5.12969e+16
5.2526e+16
5.37358e+16
5.45932e+16
5.56961e+16
5.63946e+16
5.73277e+16
5.82388e+16
5.89559e+16
5.90723e+16
5.9696e+16
5.98081e+16
6.00565e+16
6.04396e+16
6.03243e+16
6.05758e+16
6.02813e+16
6.0135e+16
5.98596e+16
5.9273e+16
5.88717e+16
5.88721e+16
5.80967e+16
5.68427e+16
5.64408e+16
5.5721e+16
5.47083e+16
5.35833e+16
5.2428e+16
5.09705e+16
4.99868e+16
4.86847e+16
4.7039e+16
4.574e+16
4.4436e+16
4.29951e+16
4.08701e+16
3.95744e+16
3.73604e+16
3.591e+16
3.42075e+16
3.21066e+16
3.0278e+16
2.82748e+16
2.60056e+16
2.40518e+16
2.20006e+16
1.97595e+16
1.77824e+16
1.54864e+16
1.31849e+16
1.10241e+16
8.60497e+15
6.24822e+15
3.73681e+15
3.76526e+15
6.38274e+15
8.56443e+15
1.10173e+16
1.34089e+16
1.56835e+16
1.77472e+16
1.99812e+16
2.22269e+16
2.43403e+16
2.63027e+16
2.84276e+16
3.05568e+16
3.21387e+16
3.40805e+16
3.62039e+16
3.79006e+16
3.96711e+16
4.14348e+16
4.2994e+16
4.45803e+16
4.61203e+16
4.73579e+16
4.8882e+16
5.01045e+16
5.13903e+16
5.26243e+16
5.36718e+16
5.49733e+16
5.56562e+16
5.61807e+16
5.75483e+16
5.83623e+16
5.84339e+16
5.89608e+16
5.9633e+16
6.00693e+16
6.01552e+16
6.0639e+16
6.03125e+16
6.04618e+16
6.04758e+16
6.01025e+16
5.99848e+16
5.93117e+16
5.92621e+16
5.86972e+16
5.76323e+16
5.71321e+16
5.6097e+16
5.55765e+16
5.45407e+16
5.33431e+16
5.25223e+16
5.12726e+16
4.99401e+16
4.84413e+16
4.73086e+16
4.57886e+16
4.43691e+16
4.25175e+16
4.10491e+16
3.92816e+16
3.76775e+16
3.57879e+16
3.39518e+16
3.19028e+16
3.03068e+16
2.83542e+16
2.59566e+16
2.39571e+16
2.19966e+16
1.98498e+16
1.75563e+16
1.53898e+16
1.31e+16
1.09573e+16
8.51142e+15
6.23856e+15
3.63021e+15
3.79512e+15
6.15619e+15
8.56684e+15
1.09058e+16
1.3225e+16
1.5495e+16
1.76633e+16
2.00493e+16
2.22501e+16
2.43189e+16
2.63189e+16
2.83172e+16
3.04715e+16
3.22973e+16
3.41214e+16
3.59619e+16
3.75237e+16
3.92369e+16
4.10327e+16
4.26693e+16
4.42636e+16
4.60038e+16
4.73704e+16
4.88375e+16
5.01993e+16
5.15792e+16
5.26549e+16
5.41003e+16
5.50587e+16
5.60146e+16
5.67275e+16
5.77266e+16
5.81128e+16
5.89808e+16
5.87991e+16
5.91855e+16
5.97632e+16
6.02046e+16
6.03916e+16
6.05449e+16
6.03738e+16
6.02538e+16
5.98712e+16
5.98691e+16
5.93382e+16
5.87825e+16
5.86201e+16
5.79194e+16
5.71421e+16
5.65111e+16
5.53349e+16
5.46033e+16
5.35074e+16
5.24261e+16
5.11479e+16
5.0232e+16
4.87914e+16
4.74551e+16
4.56752e+16
4.42347e+16
4.27348e+16
4.11685e+16
3.93492e+16
3.7821e+16
3.58872e+16
3.41919e+16
3.23361e+16
3.01797e+16
2.81416e+16
2.63588e+16
2.41567e+16
2.18481e+16
2.00006e+16
1.77482e+16
1.55179e+16
1.32069e+16
1.08397e+16
8.44113e+15
6.2736e+15
3.58838e+15
3.76777e+15
6.21278e+15
8.60852e+15
1.08207e+16
1.31746e+16
1.55188e+16
1.75182e+16
1.98681e+16
2.20886e+16
2.44385e+16
2.63068e+16
2.82788e+16
3.00379e+16
3.21574e+16
3.43057e+16
3.5928e+16
3.75264e+16
3.94907e+16
4.0846e+16
4.25774e+16
4.47232e+16
4.57073e+16
4.75358e+16
4.87846e+16
5.00404e+16
5.14852e+16
5.26129e+16
5.37641e+16
5.48779e+16
5.55785e+16
5.64889e+16
5.69141e+16
5.79056e+16
5.88659e+16
5.92985e+16
5.96471e+16
5.98187e+16
5.98999e+16
5.99555e+16
6.03178e+16
6.032e+16
6.00706e+16
5.99705e+16
5.94199e+16
5.89532e+16
5.88841e+16
5.84733e+16
5.76444e+16
5.6713e+16
5.6244e+16
5.56653e+16
5.47474e+16
5.3424e+16
5.24481e+16
5.11907e+16
5.00748e+16
4.85911e+16
4.71127e+16
4.54529e+16
4.42188e+16
4.27807e+16
4.09016e+16
3.94077e+16
3.76092e+16
3.59213e+16
3.40004e+16
3.21628e+16
3.01291e+16
2.80001e+16
2.63311e+16
2.41545e+16
2.18205e+16
1.97231e+16
1.76311e+16
1.55292e+16
1.33531e+16
1.10913e+16
8.51845e+15
6.13006e+15
3.70213e+15
3.64626e+15
6.30298e+15
8.53761e+15
1.08621e+16
1.32675e+16
1.54644e+16
1.77793e+16
2.00194e+16
2.19953e+16
2.43355e+16
2.62075e+16
2.83842e+16
3.05812e+16
3.20675e+16
3.41302e+16
3.5871e+16
3.77214e+16
3.93948e+16
4.07177e+16
4.29062e+16
4.4571e+16
4.62253e+16
4.76098e+16
4.87413e+16
5.0092e+16
5.12779e+16
5.25215e+16
5.31005e+16
5.43679e+16
5.53547e+16
5.67494e+16
5.71279e+16
5.76922e+16
5.86564e+16
5.88456e+16
5.97475e+16
6.00266e+16
6.00348e+16
6.01636e+16
6.02705e+16
6.00679e+16
6.01953e+16
5.96178e+16
5.96164e+16
5.93733e+16
5.89121e+16
5.82847e+16
5.77366e+16
5.64086e+16
5.62375e+16
5.53735e+16
5.43234e+16
5.32068e+16
5.20474e+16
5.0903e+16
4.97763e+16
4.81144e+16
4.70256e+16
4.57156e+16
4.42879e+16
4.27711e+16
4.0889e+16
3.92249e+16
3.71865e+16
3.55615e+16
3.39485e+16
3.20079e+16
3.0016e+16
2.83843e+16
2.59462e+16
2.41132e+16
2.19561e+16
1.99009e+16
1.76325e+16
1.55496e+16
1.31627e+16
1.09869e+16
8.55896e+15
6.17544e+15
3.83369e+15
3.79791e+15
6.28077e+15
8.60061e+15
1.08381e+16
1.30737e+16
1.53582e+16
1.76063e+16
1.96149e+16
2.18509e+16
2.39219e+16
2.62067e+16
2.82227e+16
3.01605e+16
3.23034e+16
3.3927e+16
3.58289e+16
3.73569e+16
3.90988e+16
4.09583e+16
4.26151e+16
4.39796e+16
4.58963e+16
4.71814e+16
4.83176e+16
4.95577e+16
5.09903e+16
5.20218e+16
5.32044e+16
5.42167e+16
5.54326e+16
5.61741e+16
5.67651e+16
5.73991e+16
5.81617e+16
5.88452e+16
5.93449e+16
5.96102e+16
5.96779e+16
5.97057e+16
5.95212e+16
6.01884e+16
5.96778e+16
5.94501e+16
5.94742e+16
5.87504e+16
5.84879e+16
5.81518e+16
5.72317e+16
5.68127e+16
5.54565e+16
5.49656e+16
5.38083e+16
5.34141e+16
5.20533e+16
5.10348e+16
4.90246e+16
4.81876e+16
4.66031e+16
4.55286e+16
4.40933e+16
4.2612e+16
4.07213e+16
3.88268e+16
3.71573e+16
3.56806e+16
3.36639e+16
3.14562e+16
2.98434e+16
2.80594e+16
2.60663e+16
2.38159e+16
2.14628e+16
1.95678e+16
1.76652e+16
1.53502e+16
1.30864e+16
1.07595e+16
8.55358e+15
6.18908e+15
3.78065e+15
3.78714e+15
6.22086e+15
8.55579e+15
1.0774e+16
1.30416e+16
1.52184e+16
1.73567e+16
1.96237e+16
2.15568e+16
2.36416e+16
2.57906e+16
2.76763e+16
3.00176e+16
3.20003e+16
3.36629e+16
3.56844e+16
3.73796e+16
3.92784e+16
4.05214e+16
4.21651e+16
4.39261e+16
4.51799e+16
4.67506e+16
4.82092e+16
4.94221e+16
5.05717e+16
5.19286e+16
5.2965e+16
5.38774e+16
5.48206e+16
5.59734e+16
5.66496e+16
5.71245e+16
5.73841e+16
5.82534e+16
5.87054e+16
5.90703e+16
5.96563e+16
5.96643e+16
5.93106e+16
5.94983e+16
5.90704e+16
5.90512e+16
5.89956e+16
5.88341e+16
5.83405e+16
5.76836e+16
5.68881e+16
5.59885e+16
5.53567e+16
5.45772e+16
5.32898e+16
5.24981e+16
5.15874e+16
5.07113e+16
4.87648e+16
4.7879e+16
4.63002e+16
4.47972e+16
4.37859e+16
4.22847e+16
4.0627e+16
3.84391e+16
3.70587e+16
3.50713e+16
3.37231e+16
3.18175e+16
2.98105e+16
2.78764e+16
2.57512e+16
2.35662e+16
2.17809e+16
1.97084e+16
1.74718e+16
1.53003e+16
1.30379e+16
1.07817e+16
8.50089e+15
6.22963e+15
3.6507e+15
3.78386e+15
6.12992e+15
8.41388e+15
1.07223e+16
1.30115e+16
1.50294e+16
1.73509e+16
1.93526e+16
2.12664e+16
2.36979e+16
2.55357e+16
2.76483e+16
2.97643e+16
3.15217e+16
3.38006e+16
3.51925e+16
3.70743e+16
3.91604e+16
4.03577e+16
4.19927e+16
4.33212e+16
4.46422e+16
4.60773e+16
4.78456e+16
4.90214e+16
5.03314e+16
5.14048e+16
5.22714e+16
5.36546e+16
5.50147e+16
5.56008e+16
5.63323e+16
5.70281e+16
5.72176e+16
5.77625e+16
5.79845e+16
5.85581e+16
5.87194e+16
5.86703e+16
5.86088e+16
5.87197e+16
5.86972e+16
5.86875e+16
5.84603e+16
5.84089e+16
5.77239e+16
5.74938e+16
5.67685e+16
5.55432e+16
5.48392e+16
5.39937e+16
5.28794e+16
5.22337e+16
5.08763e+16
4.99984e+16
4.87288e+16
4.75818e+16
4.59328e+16
4.49075e+16
4.32627e+16
4.16134e+16
4.01985e+16
3.85018e+16
3.68428e+16
3.49785e+16
3.32525e+16
3.13042e+16
2.94942e+16
2.77221e+16
2.58247e+16
2.35159e+16
2.15314e+16
1.93129e+16
1.7308e+16
1.53137e+16
1.29512e+16
1.07136e+16
8.59179e+15
6.13787e+15
3.63034e+15
3.64686e+15
6.07375e+15
8.32371e+15
1.06232e+16
1.29001e+16
1.49787e+16
1.72601e+16
1.94105e+16
2.13183e+16
2.33265e+16
2.52553e+16
2.74051e+16
2.96233e+16
3.11251e+16
3.33053e+16
3.51602e+16
3.68162e+16
3.83165e+16
4.024e+16
4.15305e+16
4.29402e+16
4.46313e+16
4.56282e+16
4.71663e+16
4.86845e+16
4.97487e+16
5.08374e+16
5.20354e+16
5.28602e+16
5.39693e+16
5.50461e+16
5.56523e+16
5.63819e+16
5.68773e+16
5.73417e+16
5.79449e+16
5.81642e+16
5.84962e+16
5.81728e+16
5.81773e+16
5.81848e+16
5.84819e+16
5.81666e+16
5.79384e+16
5.7433e+16
5.68973e+16
5.65387e+16
5.59178e+16
5.48288e+16
5.44183e+16
5.34012e+16
5.24629e+16
5.17097e+16
5.08183e+16
4.94215e+16
4.79715e+16
4.6877e+16
4.57885e+16
4.40028e+16
4.27918e+16
4.12593e+16
3.97141e+16
3.80728e+16
3.6424e+16
3.45323e+16
3.28965e+16
3.10739e+16
2.93239e+16
2.74346e+16
2.51856e+16
2.35772e+16
2.13182e+16
1.9221e+16
1.70612e+16
1.49112e+16
1.28319e+16
1.05894e+16
8.25849e+15
6.0981e+15
3.61804e+15
3.59878e+15
5.93311e+15
8.13261e+15
1.0571e+16
1.25697e+16
1.48257e+16
1.70421e+16
1.89671e+16
2.10223e+16
2.32778e+16
2.49995e+16
2.70968e+16
2.91951e+16
3.08198e+16
3.27481e+16
3.47495e+16
3.60975e+16
3.79805e+16
3.94566e+16
4.08299e+16
4.25612e+16
4.37879e+16
4.52323e+16
4.67134e+16
4.78819e+16
4.91283e+16
5.04904e+16
5.15281e+16
5.27065e+16
5.34171e+16
5.44169e+16
5.48459e+16
5.61077e+16
5.64664e+16
5.655e+16
5.73586e+16
5.7375e+16
5.76077e+16
5.74441e+16
5.78004e+16
5.75091e+16
5.74972e+16
5.73255e+16
5.7271e+16
5.69522e+16
5.59894e+16
5.56512e+16
5.49854e+16
5.44296e+16
5.38532e+16
5.30555e+16
5.20134e+16
5.06477e+16
4.99709e+16
4.86386e+16
4.75637e+16
4.61473e+16
4.54294e+16
4.37534e+16
4.24069e+16
4.09e+16
3.90368e+16
3.74977e+16
3.59372e+16
3.41532e+16
3.24872e+16
3.04407e+16
2.87106e+16
2.68923e+16
2.47338e+16
2.3173e+16
2.09852e+16
1.88696e+16
1.67876e+16
1.46373e+16
1.25315e+16
1.04314e+16
8.22128e+15
5.97777e+15
3.60677e+15
3.56231e+15
5.6925e+15
8.09486e+15
1.00189e+16
1.2553e+16
1.46308e+16
1.66651e+16
1.8588e+16
2.08395e+16
2.28427e+16
2.47006e+16
2.67455e+16
2.85661e+16
3.04999e+16
3.23969e+16
3.40859e+16
3.58087e+16
3.74827e+16
3.91116e+16
4.03256e+16
4.2094e+16
4.2872e+16
4.45937e+16
4.62125e+16
4.72383e+16
4.83979e+16
4.954e+16
5.06548e+16
5.16397e+16
5.26447e+16
5.35862e+16
5.43555e+16
5.48631e+16
5.54003e+16
5.57655e+16
5.65335e+16
5.65592e+16
5.66141e+16
5.64569e+16
5.67145e+16
5.69832e+16
5.69231e+16
5.648e+16
5.63282e+16
5.5877e+16
5.52331e+16
5.47279e+16
5.42488e+16
5.38851e+16
5.27525e+16
5.18887e+16
5.12882e+16
5.0263e+16
4.9197e+16
4.80194e+16
4.72026e+16
4.59322e+16
4.48257e+16
4.33394e+16
4.18097e+16
3.98918e+16
3.86324e+16
3.73557e+16
3.56273e+16
3.39734e+16
3.21693e+16
3.01522e+16
2.79239e+16
2.6677e+16
2.47043e+16
2.2867e+16
2.06687e+16
1.85606e+16
1.66255e+16
1.4452e+16
1.24146e+16
1.02965e+16
7.98612e+15
5.81408e+15
3.58426e+15
3.39451e+15
5.72866e+15
7.99298e+15
1.01511e+16
1.24677e+16
1.43363e+16
1.62114e+16
1.8421e+16
2.03992e+16
2.23532e+16
2.43577e+16
2.60015e+16
2.84677e+16
3.02766e+16
3.16137e+16
3.35243e+16
3.50361e+16
3.73154e+16
3.8446e+16
3.98092e+16
4.11359e+16
4.26481e+16
4.40305e+16
4.53778e+16
4.67844e+16
4.76347e+16
4.8713e+16
4.96451e+16
5.06078e+16
5.16923e+16
5.28248e+16
5.29701e+16
5.3505e+16
5.44829e+16
5.48551e+16
5.50953e+16
5.53658e+16
5.60163e+16
5.58431e+16
5.57451e+16
5.58405e+16
5.5801e+16
5.53404e+16
5.55207e+16
5.51036e+16
5.48119e+16
5.39298e+16
5.32782e+16
5.25438e+16
5.19502e+16
5.10719e+16
5.05848e+16
4.94958e+16
4.8329e+16
4.73365e+16
4.62075e+16
4.51426e+16
4.35145e+16
4.24919e+16
4.07909e+16
3.94589e+16
3.8111e+16
3.62899e+16
3.48228e+16
3.32935e+16
3.15022e+16
2.96461e+16
2.78728e+16
2.60116e+16
2.42424e+16
2.23714e+16
2.03322e+16
1.81833e+16
1.61643e+16
1.42e+16
1.22861e+16
1.01283e+16
7.90563e+15
5.80565e+15
3.51557e+15
3.39497e+15
5.63658e+15
7.65813e+15
1.00478e+16
1.19542e+16
1.40357e+16
1.61601e+16
1.79675e+16
1.99351e+16
2.20689e+16
2.38523e+16
2.57397e+16
2.77553e+16
2.92676e+16
3.14763e+16
3.29307e+16
3.45103e+16
3.62292e+16
3.78236e+16
3.91351e+16
4.05392e+16
4.18724e+16
4.30414e+16
4.45571e+16
4.5627e+16
4.68538e+16
4.78266e+16
4.88598e+16
4.96573e+16
5.07915e+16
5.14456e+16
5.19028e+16
5.34335e+16
5.34884e+16
5.41383e+16
5.42951e+16
5.47631e+16
5.46057e+16
5.48394e+16
5.49094e+16
5.46031e+16
5.47609e+16
5.45482e+16
5.43117e+16
5.45192e+16
5.30643e+16
5.28397e+16
5.23802e+16
5.15036e+16
5.09235e+16
4.99902e+16
4.8999e+16
4.8516e+16
4.74467e+16
4.64471e+16
4.54645e+16
4.40257e+16
4.25769e+16
4.17497e+16
4.00704e+16
3.89604e+16
3.78217e+16
3.59664e+16
3.41407e+16
3.29088e+16
3.1011e+16
2.93746e+16
2.74076e+16
2.55635e+16
2.39071e+16
2.17904e+16
1.99624e+16
1.78971e+16
1.59372e+16
1.38811e+16
1.19591e+16
9.96741e+15
7.94509e+15
5.73816e+15
3.36542e+15
3.29739e+15
5.49811e+15
7.66233e+15
9.60628e+15
1.17565e+16
1.35788e+16
1.5601e+16
1.77213e+16
1.94247e+16
2.14045e+16
2.31548e+16
2.50169e+16
2.69128e+16
2.87422e+16
3.02387e+16
3.25242e+16
3.40336e+16
3.58113e+16
3.69353e+16
3.81078e+16
3.92294e+16
4.06619e+16
4.2157e+16
4.32686e+16
4.4414e+16
4.57512e+16
4.70155e+16
4.75606e+16
4.86755e+16
4.96287e+16
5.04951e+16
5.16481e+16
5.20533e+16
5.21486e+16
5.30063e+16
5.29883e+16
5.34059e+16
5.36442e+16
5.37486e+16
5.4103e+16
5.39331e+16
5.35217e+16
5.32301e+16
5.26297e+16
5.26802e+16
5.23561e+16
5.14661e+16
5.12771e+16
5.05733e+16
5.00963e+16
4.9438e+16
4.8289e+16
4.74635e+16
4.67592e+16
4.54295e+16
4.45251e+16
4.34794e+16
4.21975e+16
4.07827e+16
3.91623e+16
3.78418e+16
3.6443e+16
3.50552e+16
3.34061e+16
3.19798e+16
3.03332e+16
2.85737e+16
2.69509e+16
2.52532e+16
2.33093e+16
2.13984e+16
1.93993e+16
1.76253e+16
1.56618e+16
1.36594e+16
1.177e+16
9.76705e+15
7.62846e+15
5.50822e+15
3.31337e+15
3.24871e+15
5.32042e+15
7.41284e+15
9.40307e+15
1.13402e+16
1.32893e+16
1.52905e+16
1.71753e+16
1.89085e+16
2.08311e+16
2.28238e+16
2.44442e+16
2.62255e+16
2.80007e+16
2.97089e+16
3.14608e+16
3.27559e+16
3.46818e+16
3.61006e+16
3.72929e+16
3.85987e+16
3.99101e+16
4.10979e+16
4.22336e+16
4.33529e+16
4.48346e+16
4.54085e+16
4.64746e+16
4.76381e+16
4.84361e+16
4.94038e+16
4.98458e+16
5.05551e+16
5.10876e+16
5.17817e+16
5.19975e+16
5.24241e+16
5.24185e+16
5.28402e+16
5.23974e+16
5.23499e+16
5.2512e+16
5.16983e+16
5.16121e+16
5.13754e+16
5.1004e+16
5.08294e+16
5.00889e+16
4.96159e+16
4.91098e+16
4.7888e+16
4.68512e+16
4.65523e+16
4.54279e+16
4.43808e+16
4.34202e+16
4.24231e+16
4.12922e+16
3.98625e+16
3.83393e+16
3.70544e+16
3.57474e+16
3.42076e+16
3.27907e+16
3.10212e+16
2.96786e+16
2.77927e+16
2.59039e+16
2.43792e+16
2.26415e+16
2.07499e+16
1.8988e+16
1.7033e+16
1.53084e+16
1.33345e+16
1.13627e+16
9.48667e+15
7.27318e+15
5.23226e+15
3.16725e+15
3.13867e+15
5.31332e+15
7.25861e+15
9.18693e+15
1.10451e+16
1.32937e+16
1.50121e+16
1.67115e+16
1.85876e+16
2.03884e+16
2.22117e+16
2.37959e+16
2.56431e+16
2.73864e+16
2.90264e+16
3.03172e+16
3.2078e+16
3.37522e+16
3.51783e+16
3.63486e+16
3.77584e+16
3.89238e+16
4.02337e+16
4.14329e+16
4.25545e+16
4.37102e+16
4.42146e+16
4.56615e+16
4.63042e+16
4.73888e+16
4.80312e+16
4.84135e+16
4.89587e+16
4.98622e+16
5.01629e+16
5.05528e+16
5.04774e+16
5.09183e+16
5.12075e+16
5.09603e+16
5.11574e+16
5.09705e+16
5.06372e+16
5.05149e+16
4.9965e+16
5.00444e+16
4.94518e+16
4.87268e+16
4.81096e+16
4.76582e+16
4.67376e+16
4.60881e+16
4.52104e+16
4.43458e+16
4.3385e+16
4.24574e+16
4.13536e+16
4.01577e+16
3.87792e+16
3.76091e+16
3.58798e+16
3.47572e+16
3.33553e+16
3.17031e+16
3.02182e+16
2.86618e+16
2.69676e+16
2.523e+16
2.40342e+16
2.19615e+16
2.04811e+16
1.85816e+16
1.67878e+16
1.48028e+16
1.2959e+16
1.11133e+16
9.23562e+15
7.2732e+15
5.22095e+15
3.09747e+15
3.07273e+15
5.04632e+15
7.03289e+15
8.87263e+15
1.06879e+16
1.26754e+16
1.43613e+16
1.61032e+16
1.80625e+16
1.96802e+16
2.14534e+16
2.32382e+16
2.48543e+16
2.66819e+16
2.82734e+16
2.96451e+16
3.14366e+16
3.27953e+16
3.43606e+16
3.5359e+16
3.67342e+16
3.78288e+16
3.88782e+16
3.9939e+16
4.1234e+16
4.24509e+16
4.33017e+16
4.40925e+16
4.49295e+16
4.58309e+16
4.64576e+16
4.7325e+16
4.77405e+16
4.79579e+16
4.85458e+16
4.90556e+16
4.88107e+16
4.9465e+16
4.97658e+16
4.94421e+16
4.95635e+16
4.95908e+16
4.91152e+16
4.86491e+16
4.89624e+16
4.83492e+16
4.77504e+16
4.75903e+16
4.69263e+16
4.60848e+16
4.56004e+16
4.47316e+16
4.37268e+16
4.27765e+16
4.19417e+16
4.10492e+16
3.99249e+16
3.8795e+16
3.74723e+16
3.63496e+16
3.49862e+16
3.37903e+16
3.24637e+16
3.09304e+16
2.94145e+16
2.77144e+16
2.62334e+16
2.46738e+16
2.29205e+16
2.14278e+16
1.98269e+16
1.81724e+16
1.62752e+16
1.46026e+16
1.27109e+16
1.08403e+16
8.91176e+15
6.96293e+15
5.00707e+15
2.94031e+15
2.92658e+15
4.94337e+15
6.9727e+15
8.68048e+15
1.05892e+16
1.24113e+16
1.40746e+16
1.57244e+16
1.7491e+16
1.9106e+16
2.07998e+16
2.23848e+16
2.40438e+16
2.58809e+16
2.6875e+16
2.86497e+16
3.03545e+16
3.19723e+16
3.33332e+16
3.43322e+16
3.55394e+16
3.63289e+16
3.76036e+16
3.8806e+16
3.98874e+16
4.06536e+16
4.15163e+16
4.28063e+16
4.37419e+16
4.43326e+16
4.49041e+16
4.54541e+16
4.57687e+16
4.63961e+16
4.70631e+16
4.73333e+16
4.73941e+16
4.77781e+16
4.78069e+16
4.80052e+16
4.78837e+16
4.80855e+16
4.75835e+16
4.7375e+16
4.70076e+16
4.68765e+16
4.64921e+16
4.60232e+16
4.55521e+16
4.458e+16
4.40387e+16
4.30897e+16
4.23991e+16
4.16741e+16
4.05279e+16
3.98014e+16
3.87359e+16
3.75382e+16
3.64386e+16
3.48983e+16
3.40824e+16
3.2607e+16
3.13569e+16
2.99457e+16
2.8594e+16
2.67506e+16
2.54588e+16
2.39666e+16
2.21193e+16
2.06769e+16
1.89798e+16
1.7258e+16
1.58014e+16
1.40016e+16
1.23724e+16
1.03734e+16
8.51634e+15
6.67274e+15
4.9192e+15
2.93284e+15
2.80278e+15
4.83206e+15
6.63536e+15
8.36027e+15
1.01013e+16
1.18165e+16
1.35527e+16
1.5157e+16
1.68276e+16
1.85016e+16
2.02823e+16
2.1669e+16
2.34251e+16
2.4814e+16
2.63423e+16
2.7982e+16
2.91763e+16
3.04675e+16
3.18731e+16
3.32061e+16
3.40731e+16
3.5026e+16
3.66026e+16
3.73105e+16
3.83434e+16
3.93726e+16
4.0145e+16
4.09491e+16
4.18682e+16
4.24845e+16
4.36925e+16
4.33317e+16
4.46411e+16
4.5228e+16
4.50434e+16
4.55851e+16
4.61326e+16
4.63816e+16
4.63678e+16
4.62115e+16
4.60691e+16
4.60956e+16
4.57691e+16
4.57537e+16
4.51386e+16
4.4855e+16
4.50574e+16
4.42462e+16
4.35239e+16
4.29449e+16
4.2379e+16
4.173e+16
4.09657e+16
4.02448e+16
3.92418e+16
3.8343e+16
3.73609e+16
3.64741e+16
3.49339e+16
3.40833e+16
3.2864e+16
3.14324e+16
2.99929e+16
2.88322e+16
2.73053e+16
2.6014e+16
2.47149e+16
2.29731e+16
2.14242e+16
1.99271e+16
1.84795e+16
1.6755e+16
1.51539e+16
1.34823e+16
1.18614e+16
1.01906e+16
8.26801e+15
6.50638e+15
4.70036e+15
2.87211e+15
2.73974e+15
4.56357e+15
6.34255e+15
8.00123e+15
9.76865e+15
1.12606e+16
1.30066e+16
1.46497e+16
1.62183e+16
1.77635e+16
1.92147e+16
2.08552e+16
2.24451e+16
2.36214e+16
2.51989e+16
2.64782e+16
2.79253e+16
2.92795e+16
3.03677e+16
3.13219e+16
3.27862e+16
3.36419e+16
3.50399e+16
3.56715e+16
3.69311e+16
3.77571e+16
3.86869e+16
3.93081e+16
4.02613e+16
4.05811e+16
4.13889e+16
4.20946e+16
4.26478e+16
4.28146e+16
4.32305e+16
4.35886e+16
4.37271e+16
4.39388e+16
4.44318e+16
4.46096e+16
4.42061e+16
4.41289e+16
4.39367e+16
4.38099e+16
4.33049e+16
4.33936e+16
4.27974e+16
4.2644e+16
4.19124e+16
4.15775e+16
4.09266e+16
3.97001e+16
3.90485e+16
3.84276e+16
3.77295e+16
3.67035e+16
3.5686e+16
3.49013e+16
3.37349e+16
3.26917e+16
3.12673e+16
3.02305e+16
2.88871e+16
2.75084e+16
2.61412e+16
2.4699e+16
2.34096e+16
2.18813e+16
2.06404e+16
1.90281e+16
1.75899e+16
1.61625e+16
1.44771e+16
1.29473e+16
1.13614e+16
9.64629e+15
7.89493e+15
6.18605e+15
4.51353e+15
2.68614e+15
2.61899e+15
4.37075e+15
6.05964e+15
7.64933e+15
9.2367e+15
1.0814e+16
1.23871e+16
1.39021e+16
1.56673e+16
1.69918e+16
1.8363e+16
1.98268e+16
2.12888e+16
2.27525e+16
2.41276e+16
2.53738e+16
2.6625e+16
2.80595e+16
2.90499e+16
3.02813e+16
3.14214e+16
3.25539e+16
3.32905e+16
3.41011e+16
3.5444e+16
3.62458e+16
3.69179e+16
3.77035e+16
3.84205e+16
3.93217e+16
3.96906e+16
4.03829e+16
4.05673e+16
4.09428e+16
4.152e+16
4.16124e+16
4.18568e+16
4.20477e+16
4.23161e+16
4.23687e+16
4.24363e+16
4.20988e+16
4.20224e+16
4.16588e+16
4.14274e+16
4.11186e+16
4.07756e+16
4.04827e+16
4.00711e+16
3.9737e+16
3.89497e+16
3.82766e+16
3.76685e+16
3.67377e+16
3.59767e+16
3.51095e+16
3.42455e+16
3.29027e+16
3.23006e+16
3.08625e+16
2.99691e+16
2.9081e+16
2.7511e+16
2.62713e+16
2.50437e+16
2.37873e+16
2.23949e+16
2.11785e+16
1.94358e+16
1.83278e+16
1.68478e+16
1.55138e+16
1.38851e+16
1.22289e+16
1.07234e+16
9.15783e+15
7.60471e+15
5.98832e+15
4.30988e+15
2.64011e+15
2.45286e+15
4.23142e+15
5.7625e+15
7.2227e+15
8.69179e+15
1.00767e+16
1.17353e+16
1.32446e+16
1.47744e+16
1.60813e+16
1.75715e+16
1.90677e+16
2.03338e+16
2.15807e+16
2.29243e+16
2.41235e+16
2.54134e+16
2.67243e+16
2.75141e+16
2.8619e+16
2.98597e+16
3.10899e+16
3.1696e+16
3.27177e+16
3.37902e+16
3.45947e+16
3.51649e+16
3.58869e+16
3.64277e+16
3.73908e+16
3.76885e+16
3.84916e+16
3.87004e+16
3.88725e+16
3.93739e+16
3.98681e+16
4.00158e+16
4.00124e+16
4.00369e+16
3.97383e+16
4.0085e+16
4.02793e+16
4.00749e+16
3.97762e+16
3.96177e+16
3.90254e+16
3.88804e+16
3.83362e+16
3.80718e+16
3.72088e+16
3.72113e+16
3.65206e+16
3.58007e+16
3.50786e+16
3.45456e+16
3.36074e+16
3.26263e+16
3.14532e+16
3.05558e+16
2.93469e+16
2.86795e+16
2.7525e+16
2.64599e+16
2.504e+16
2.39634e+16
2.26738e+16
2.14374e+16
1.99007e+16
1.86207e+16
1.75144e+16
1.60742e+16
1.44575e+16
1.31015e+16
1.17163e+16
1.01374e+16
8.60593e+15
7.17331e+15
5.58385e+15
4.18842e+15
2.51885e+15
2.34089e+15
3.98095e+15
5.58792e+15
7.0261e+15
8.19317e+15
9.64752e+15
1.12342e+16
1.25099e+16
1.39414e+16
1.52281e+16
1.64761e+16
1.79453e+16
1.91587e+16
2.04236e+16
2.18159e+16
2.28201e+16
2.40108e+16
2.50887e+16
2.63669e+16
2.72587e+16
2.81922e+16
2.89899e+16
3.0139e+16
3.10507e+16
3.19697e+16
3.26673e+16
3.31184e+16
3.38596e+16
3.45018e+16
3.51386e+16
3.5758e+16
3.62492e+16
3.68697e+16
3.67676e+16
3.75075e+16
3.78246e+16
3.79513e+16
3.78556e+16
3.77634e+16
3.77952e+16
3.80031e+16
3.79139e+16
3.7725e+16
3.77522e+16
3.74344e+16
3.70848e+16
3.67693e+16
3.62077e+16
3.58601e+16
3.52927e+16
3.49987e+16
3.44306e+16
3.37751e+16
3.28508e+16
3.22156e+16
3.13785e+16
3.07773e+16
2.99033e+16
2.87709e+16
2.78171e+16
2.71358e+16
2.61792e+16
2.50536e+16
2.36708e+16
2.25022e+16
2.14169e+16
2.02018e+16
1.90731e+16
1.75287e+16
1.64134e+16
1.50802e+16
1.36867e+16
1.25664e+16
1.11032e+16
9.67119e+15
8.14659e+15
6.71326e+15
5.42844e+15
3.96859e+15
2.26674e+15
2.20934e+15
3.73985e+15
5.1034e+15
6.61181e+15
7.8911e+15
9.04116e+15
1.04936e+16
1.17408e+16
1.30465e+16
1.42394e+16
1.56325e+16
1.67345e+16
1.80564e+16
1.95906e+16
2.04346e+16
2.13815e+16
2.2463e+16
2.35656e+16
2.45698e+16
2.55294e+16
2.65049e+16
2.7122e+16
2.83956e+16
2.92032e+16
3.03286e+16
3.06063e+16
3.12546e+16
3.20394e+16
3.24011e+16
3.31807e+16
3.35524e+16
3.3904e+16
3.43503e+16
3.46731e+16
3.513e+16
3.51469e+16
3.54034e+16
3.56212e+16
3.5473e+16
3.58869e+16
3.57882e+16
3.57062e+16
3.54716e+16
3.50508e+16
3.50875e+16
3.4861e+16
3.45491e+16
3.43764e+16
3.36097e+16
3.35412e+16
3.29771e+16
3.24499e+16
3.15242e+16
3.10661e+16
3.03938e+16
2.94852e+16
2.89297e+16
2.80837e+16
2.70003e+16
2.62237e+16
2.54937e+16
2.45672e+16
2.37089e+16
2.20693e+16
2.10006e+16
2.01283e+16
1.91057e+16
1.78673e+16
1.67524e+16
1.55598e+16
1.43177e+16
1.30195e+16
1.15409e+16
1.03569e+16
9.03351e+15
7.64937e+15
6.31629e+15
5.11706e+15
3.71511e+15
2.21178e+15
1.9963e+15
3.46995e+15
4.85328e+15
6.12778e+15
7.23264e+15
8.50821e+15
9.81644e+15
1.0935e+16
1.23263e+16
1.34224e+16
1.46895e+16
1.5772e+16
1.68665e+16
1.79747e+16
1.89564e+16
2.00157e+16
2.09333e+16
2.19983e+16
2.28863e+16
2.37228e+16
2.48454e+16
2.55473e+16
2.62493e+16
2.73665e+16
2.79467e+16
2.85302e+16
2.92206e+16
2.97344e+16
3.03414e+16
3.08308e+16
3.09466e+16
3.14888e+16
3.20816e+16
3.23736e+16
3.24655e+16
3.27115e+16
3.30949e+16
3.34015e+16
3.31955e+16
3.32356e+16
3.33692e+16
3.34875e+16
3.31533e+16
3.29364e+16
3.28181e+16
3.28642e+16
3.23302e+16
3.19026e+16
3.17851e+16
3.11633e+16
3.08566e+16
3.02054e+16
2.96584e+16
2.88275e+16
2.80515e+16
2.76557e+16
2.71603e+16
2.62905e+16
2.53153e+16
2.45032e+16
2.35104e+16
2.29335e+16
2.19138e+16
2.11124e+16
1.97808e+16
1.88731e+16
1.78927e+16
1.67021e+16
1.57732e+16
1.4565e+16
1.31227e+16
1.19947e+16
1.08457e+16
9.64284e+15
8.46237e+15
7.19754e+15
5.87817e+15
4.68858e+15
3.45636e+15
2.1195e+15
1.90708e+15
3.18154e+15
4.5606e+15
5.68311e+15
6.76128e+15
7.9716e+15
9.0353e+15
1.01978e+16
1.13817e+16
1.22157e+16
1.35908e+16
1.47052e+16
1.56945e+16
1.6569e+16
1.75606e+16
1.83724e+16
1.93231e+16
2.01121e+16
2.11673e+16
2.20124e+16
2.2878e+16
2.37494e+16
2.42351e+16
2.51607e+16
2.55437e+16
2.63452e+16
2.67592e+16
2.73198e+16
2.78488e+16
2.82013e+16
2.87539e+16
2.90266e+16
2.94409e+16
2.98763e+16
3.01932e+16
3.03937e+16
3.06878e+16
3.06229e+16
3.07482e+16
3.07781e+16
3.10301e+16
3.10683e+16
3.07612e+16
3.05719e+16
3.01863e+16
2.99748e+16
2.96709e+16
2.96646e+16
2.9148e+16
2.85464e+16
2.83426e+16
2.78545e+16
2.71378e+16
2.66133e+16
2.60713e+16
2.55346e+16
2.50388e+16
2.43011e+16
2.33585e+16
2.2576e+16
2.20327e+16
2.10206e+16
2.01288e+16
1.93435e+16
1.8466e+16
1.75803e+16
1.66294e+16
1.5553e+16
1.4434e+16
1.33782e+16
1.2313e+16
1.11752e+16
1.00723e+16
9.00316e+15
7.77765e+15
6.62386e+15
5.44637e+15
4.31556e+15
3.13419e+15
1.8842e+15
1.75161e+15
2.9472e+15
4.11837e+15
5.22964e+15
6.13293e+15
7.30838e+15
8.34412e+15
9.35665e+15
1.03334e+16
1.14798e+16
1.2471e+16
1.33917e+16
1.42671e+16
1.50245e+16
1.59415e+16
1.68925e+16
1.78235e+16
1.84849e+16
1.9445e+16
2.00562e+16
2.10709e+16
2.18106e+16
2.22899e+16
2.29987e+16
2.35507e+16
2.40188e+16
2.47787e+16
2.49656e+16
2.55671e+16
2.60349e+16
2.6451e+16
2.6728e+16
2.71287e+16
2.76647e+16
2.75204e+16
2.79552e+16
2.82846e+16
2.85152e+16
2.85193e+16
2.84697e+16
2.81414e+16
2.83154e+16
2.81529e+16
2.78776e+16
2.79491e+16
2.7624e+16
2.71904e+16
2.70816e+16
2.66184e+16
2.63301e+16
2.59524e+16
2.56812e+16
2.50344e+16
2.45681e+16
2.40974e+16
2.34346e+16
2.2875e+16
2.22735e+16
2.16295e+16
2.08692e+16
2.02503e+16
1.91882e+16
1.84522e+16
1.77794e+16
1.69207e+16
1.59058e+16
1.50519e+16
1.40426e+16
1.31678e+16
1.22432e+16
1.12653e+16
1.02265e+16
9.17587e+15
8.1079e+15
7.13241e+15
6.11762e+15
5.03659e+15
3.95186e+15
2.91185e+15
1.68335e+15
1.56464e+15
2.67932e+15
3.67284e+15
4.65293e+15
5.63188e+15
6.4577e+15
7.46915e+15
8.38974e+15
9.41698e+15
1.02092e+16
1.12076e+16
1.1953e+16
1.28751e+16
1.36267e+16
1.44671e+16
1.53784e+16
1.61833e+16
1.67883e+16
1.74679e+16
1.83508e+16
1.89452e+16
1.95311e+16
2.01208e+16
2.07243e+16
2.13152e+16
2.15832e+16
2.24293e+16
2.28234e+16
2.31249e+16
2.36385e+16
2.37477e+16
2.40913e+16
2.44525e+16
2.479e+16
2.49591e+16
2.5283e+16
2.57246e+16
2.55957e+16
2.52908e+16
2.54675e+16
2.55913e+16
2.55132e+16
2.55456e+16
2.53516e+16
2.51129e+16
2.50514e+16
2.47878e+16
2.45961e+16
2.42064e+16
2.39782e+16
2.3557e+16
2.3061e+16
2.26105e+16
2.23483e+16
2.1831e+16
2.13097e+16
2.07269e+16
2.0207e+16
1.97222e+16
1.8752e+16
1.82806e+16
1.74999e+16
1.68769e+16
1.60487e+16
1.52818e+16
1.4531e+16
1.36901e+16
1.27837e+16
1.1937e+16
1.1113e+16
1.02163e+16
9.40403e+15
8.4228e+15
7.33123e+15
6.56232e+15
5.40779e+15
4.52705e+15
3.64407e+15
2.60529e+15
1.49838e+15
1.34192e+15
2.35557e+15
3.23139e+15
4.15462e+15
5.03817e+15
5.87205e+15
6.76814e+15
7.54923e+15
8.35412e+15
9.1217e+15
1.00284e+16
1.06187e+16
1.14856e+16
1.23088e+16
1.30055e+16
1.37428e+16
1.43308e+16
1.50611e+16
1.57104e+16
1.61329e+16
1.68839e+16
1.74324e+16
1.81642e+16
1.86392e+16
1.90024e+16
1.938e+16
1.99204e+16
2.03008e+16
2.06168e+16
2.08679e+16
2.1243e+16
2.14951e+16
2.19627e+16
2.19135e+16
2.22126e+16
2.23943e+16
2.2483e+16
2.2691e+16
2.2861e+16
2.27322e+16
2.27825e+16
2.2738e+16
2.27026e+16
2.26499e+16
2.26015e+16
2.22954e+16
2.21671e+16
2.17938e+16
2.16942e+16
2.14098e+16
2.09776e+16
2.05774e+16
2.02104e+16
1.97579e+16
1.92803e+16
1.90994e+16
1.86635e+16
1.82175e+16
1.75027e+16
1.69111e+16
1.63024e+16
1.57162e+16
1.4798e+16
1.41033e+16
1.34467e+16
1.28702e+16
1.20957e+16
1.13864e+16
1.04675e+16
9.88719e+15
9.05771e+15
8.20901e+15
7.50205e+15
6.65334e+15
5.72545e+15
5.03553e+15
3.98025e+15
3.26722e+15
2.28554e+15
1.4019e+15
1.27446e+15
2.05997e+15
2.79995e+15
3.67955e+15
4.3246e+15
5.07754e+15
5.96998e+15
6.57376e+15
7.33154e+15
7.95223e+15
8.51468e+15
9.50745e+15
1.01047e+16
1.0597e+16
1.13401e+16
1.18559e+16
1.26646e+16
1.32172e+16
1.35473e+16
1.40773e+16
1.48385e+16
1.53468e+16
1.5825e+16
1.62326e+16
1.64917e+16
1.70562e+16
1.74091e+16
1.77482e+16
1.80793e+16
1.83186e+16
1.84753e+16
1.87295e+16
1.90756e+16
1.9318e+16
1.93259e+16
1.97545e+16
1.9554e+16
1.99015e+16
2.00451e+16
2.01972e+16
2.0327e+16
2.02203e+16
1.98723e+16
2.00045e+16
1.9775e+16
2.00051e+16
1.94415e+16
1.92349e+16
1.90851e+16
1.8812e+16
1.84243e+16
1.79674e+16
1.77435e+16
1.73506e+16
1.71544e+16
1.65595e+16
1.62194e+16
1.58834e+16
1.53394e+16
1.4772e+16
1.42505e+16
1.38275e+16
1.29799e+16
1.25744e+16
1.17688e+16
1.13246e+16
1.07691e+16
1.00214e+16
9.23222e+15
8.69957e+15
8.00767e+15
7.22206e+15
6.47015e+15
5.76166e+15
5.01078e+15
4.36514e+15
3.54621e+15
2.74491e+15
2.03986e+15
1.20538e+15
1.07112e+15
1.73206e+15
2.50469e+15
3.10523e+15
3.75963e+15
4.41098e+15
4.98376e+15
5.59087e+15
6.10914e+15
6.76088e+15
7.34775e+15
7.95279e+15
8.49627e+15
9.06557e+15
9.5741e+15
1.0018e+16
1.05022e+16
1.11481e+16
1.17222e+16
1.21909e+16
1.25424e+16
1.30187e+16
1.33772e+16
1.37565e+16
1.42165e+16
1.4503e+16
1.47663e+16
1.52744e+16
1.547e+16
1.57398e+16
1.5875e+16
1.60511e+16
1.62891e+16
1.63973e+16
1.65871e+16
1.66945e+16
1.68335e+16
1.68153e+16
1.7174e+16
1.71751e+16
1.70166e+16
1.71951e+16
1.69712e+16
1.68843e+16
1.68874e+16
1.69056e+16
1.65994e+16
1.64663e+16
1.62168e+16
1.59338e+16
1.57561e+16
1.52717e+16
1.50742e+16
1.4832e+16
1.44727e+16
1.41023e+16
1.38511e+16
1.34817e+16
1.29701e+16
1.25739e+16
1.20696e+16
1.1769e+16
1.1215e+16
1.07331e+16
1.00955e+16
9.70356e+15
9.32204e+15
8.63294e+15
7.91379e+15
7.3623e+15
6.75307e+15
6.11662e+15
5.43556e+15
4.95997e+15
4.22657e+15
3.71005e+15
3.00967e+15
2.38706e+15
1.71513e+15
1.03377e+15
8.57559e+14
1.47171e+15
2.02757e+15
2.49791e+15
2.98757e+15
3.5022e+15
4.07302e+15
4.58861e+15
5.07156e+15
5.51923e+15
6.01813e+15
6.44189e+15
6.8654e+15
7.49527e+15
7.98979e+15
8.24677e+15
8.64748e+15
9.14021e+15
9.61994e+15
9.88964e+15
1.0375e+16
1.07217e+16
1.08509e+16
1.13724e+16
1.17141e+16
1.20974e+16
1.22776e+16
1.24595e+16
1.26375e+16
1.28447e+16
1.29557e+16
1.31176e+16
1.33322e+16
1.35319e+16
1.37279e+16
1.3709e+16
1.39926e+16
1.39364e+16
1.40056e+16
1.40836e+16
1.40273e+16
1.40225e+16
1.37986e+16
1.40084e+16
1.39008e+16
1.3752e+16
1.35494e+16
1.33143e+16
1.31339e+16
1.32451e+16
1.26847e+16
1.25331e+16
1.22736e+16
1.20552e+16
1.17888e+16
1.15977e+16
1.12897e+16
1.10099e+16
1.06968e+16
1.05334e+16
1.00576e+16
9.75309e+15
9.18073e+15
8.81542e+15
8.34372e+15
7.96479e+15
7.48009e+15
7.06511e+15
6.59719e+15
6.09326e+15
5.52881e+15
5.05518e+15
4.59553e+15
4.05064e+15
3.52882e+15
3.0544e+15
2.52352e+15
1.94954e+15
1.37776e+15
8.61263e+14
6.71681e+14
1.09281e+15
1.50566e+15
1.92829e+15
2.39209e+15
2.85918e+15
3.22013e+15
3.6531e+15
3.97945e+15
4.37614e+15
4.74921e+15
5.06137e+15
5.43808e+15
5.78842e+15
6.03444e+15
6.44377e+15
6.78785e+15
7.08634e+15
7.41749e+15
7.6644e+15
7.98927e+15
8.23231e+15
8.45306e+15
8.74358e+15
9.18036e+15
9.39049e+15
9.5418e+15
9.60924e+15
9.89834e+15
1.00316e+16
1.00448e+16
1.02619e+16
1.04582e+16
1.0511e+16
1.06664e+16
1.07857e+16
1.08663e+16
1.09549e+16
1.09677e+16
1.10024e+16
1.08961e+16
1.08291e+16
1.08869e+16
1.07518e+16
1.08252e+16
1.07254e+16
1.04884e+16
1.04927e+16
1.02617e+16
1.00351e+16
1.00805e+16
9.94993e+15
9.52225e+15
9.42538e+15
9.10344e+15
8.82833e+15
8.72858e+15
8.66088e+15
8.34394e+15
8.14384e+15
7.75827e+15
7.39815e+15
7.1765e+15
6.86995e+15
6.46583e+15
6.2387e+15
5.86657e+15
5.45234e+15
5.20988e+15
4.71171e+15
4.35557e+15
4.02341e+15
3.55793e+15
3.07624e+15
2.6791e+15
2.33442e+15
1.92384e+15
1.54022e+15
1.1268e+15
6.45627e+14
4.70512e+14
7.90759e+14
1.08796e+15
1.38441e+15
1.67193e+15
1.99235e+15
2.28476e+15
2.63467e+15
2.81007e+15
3.09294e+15
3.3503e+15
3.58045e+15
3.76165e+15
4.01191e+15
4.29411e+15
4.59831e+15
4.7901e+15
4.97602e+15
5.18855e+15
5.54576e+15
5.65672e+15
5.94507e+15
6.03387e+15
6.26214e+15
6.37999e+15
6.67652e+15
6.79168e+15
6.90081e+15
7.11917e+15
7.06263e+15
7.16789e+15
7.32663e+15
7.26343e+15
7.33782e+15
7.5145e+15
7.51204e+15
7.67923e+15
7.71562e+15
7.75403e+15
7.74091e+15
7.73325e+15
7.73548e+15
7.62553e+15
7.72695e+15
7.518e+15
7.45008e+15
7.4229e+15
7.38864e+15
7.24106e+15
7.20448e+15
7.048e+15
6.98591e+15
6.7251e+15
6.51698e+15
6.51712e+15
6.24344e+15
6.19083e+15
6.00069e+15
5.8412e+15
5.69427e+15
5.43851e+15
5.17254e+15
5.01449e+15
4.85277e+15
4.55054e+15
4.3029e+15
3.99619e+15
3.911e+15
3.60597e+15
3.33499e+15
2.91306e+15
2.69813e+15
2.4724e+15
2.22183e+15
1.99501e+15
1.71204e+15
1.33e+15
1.07216e+15
7.83728e+14
4.7198e+14
2.52629e+14
4.52743e+14
6.34071e+14
7.92719e+14
9.18241e+14
1.09196e+15
1.20016e+15
1.38059e+15
1.5342e+15
1.68586e+15
1.88136e+15
2.02084e+15
2.1448e+15
2.23833e+15
2.33476e+15
2.56627e+15
2.7179e+15
2.77371e+15
2.97821e+15
3.08002e+15
3.2389e+15
3.20305e+15
3.36581e+15
3.45682e+15
3.5228e+15
3.67872e+15
3.76179e+15
3.78046e+15
3.91198e+15
3.93123e+15
4.06637e+15
4.06454e+15
4.05251e+15
4.15103e+15
4.22269e+15
4.22782e+15
4.25041e+15
4.35515e+15
4.23431e+15
4.33265e+15
4.29852e+15
4.28697e+15
4.17452e+15
4.21715e+15
4.15916e+15
4.14352e+15
4.07091e+15
4.0812e+15
4.02815e+15
3.92031e+15
3.90705e+15
3.79524e+15
3.78996e+15
3.69865e+15
3.58173e+15
3.45883e+15
3.38583e+15
3.38767e+15
3.22866e+15
3.15715e+15
3.08109e+15
2.91985e+15
2.808e+15
2.63007e+15
2.51718e+15
2.41699e+15
2.26807e+15
2.13323e+15
2.05686e+15
1.83943e+15
1.68602e+15
1.57589e+15
1.40198e+15
1.26122e+15
1.10738e+15
9.44678e+14
7.83203e+14
5.99942e+14
4.3235e+14
2.79183e+14
)
;

boundaryField
{
    movingWall
    {
        type            fixedValue;
        value           uniform 0;
    }
    fixedWalls
    {
        type            fixedValue;
        value           uniform 0;
    }
    frontAndBack
    {
        type            empty;
    }
}


// ************************************************************************* //
