/*--------------------------------*- C++ -*----------------------------------*\
  =========                 |
  \\      /  F ield         | OpenFOAM: The Open Source CFD Toolbox
   \\    /   O peration     | Website:  https://openfoam.org
    \\  /    A nd           | Version:  6
     \\/     M anipulation  |
\*---------------------------------------------------------------------------*/
FoamFile
{
    version     2.0;
    format      ascii;
    class       volScalarField;
    location    "600";
    object      dnp5_s;
}
// * * * * * * * * * * * * * * * * * * * * * * * * * * * * * * * * * * * * * //

dimensions      [0 -3 -1 0 0 0 0];

internalField   nonuniform List<scalar> 
6400
(
3.27008e+14
5.30943e+14
7.18297e+14
9.09205e+14
1.1544e+15
1.34495e+15
1.48413e+15
1.70523e+15
1.87253e+15
2.08169e+15
2.19687e+15
2.48004e+15
2.56339e+15
2.69998e+15
2.93696e+15
3.06345e+15
3.32808e+15
3.34247e+15
3.597e+15
3.6466e+15
3.91567e+15
3.97846e+15
3.98088e+15
4.09735e+15
4.29901e+15
4.28985e+15
4.46817e+15
4.50153e+15
4.64504e+15
4.74538e+15
5.08697e+15
4.85567e+15
4.96508e+15
5.0408e+15
5.14548e+15
4.98494e+15
5.23242e+15
5.09541e+15
5.12667e+15
5.02799e+15
5.31169e+15
5.08033e+15
5.25306e+15
5.02732e+15
5.00608e+15
4.97052e+15
5.05215e+15
5.00826e+15
4.79121e+15
4.93773e+15
4.71064e+15
4.88518e+15
4.58268e+15
4.51032e+15
4.3761e+15
4.29968e+15
4.16012e+15
4.10859e+15
3.8935e+15
3.78067e+15
3.62177e+15
3.50142e+15
3.35437e+15
3.20005e+15
3.09357e+15
2.86043e+15
2.81614e+15
2.50242e+15
2.49646e+15
2.25087e+15
2.08383e+15
1.89712e+15
1.65903e+15
1.51993e+15
1.3058e+15
1.22242e+15
9.43778e+14
7.4439e+14
5.76574e+14
3.29114e+14
4.96289e+14
7.77367e+14
1.14564e+15
1.49996e+15
1.76223e+15
2.09379e+15
2.30496e+15
2.63493e+15
3.03612e+15
3.14145e+15
3.42807e+15
3.72505e+15
4.12163e+15
4.17791e+15
4.52266e+15
4.90001e+15
5.0757e+15
5.34732e+15
5.44974e+15
5.72132e+15
5.84849e+15
6.19478e+15
6.19965e+15
6.35982e+15
6.68869e+15
6.76325e+15
6.96171e+15
6.99441e+15
7.40842e+15
7.312e+15
7.50551e+15
7.40142e+15
7.88991e+15
7.59302e+15
7.75931e+15
7.77627e+15
7.90235e+15
7.88967e+15
8.0631e+15
7.98756e+15
8.09824e+15
8.12791e+15
8.04978e+15
7.88799e+15
7.74022e+15
7.69121e+15
7.83185e+15
7.55577e+15
7.59384e+15
7.50717e+15
7.43068e+15
7.34034e+15
7.23868e+15
6.98714e+15
6.76628e+15
6.57353e+15
6.41087e+15
6.21644e+15
6.14764e+15
5.82884e+15
5.58927e+15
5.37484e+15
5.13593e+15
4.82747e+15
4.77557e+15
4.55728e+15
4.23667e+15
3.95846e+15
3.67039e+15
3.55982e+15
3.21452e+15
2.88517e+15
2.5334e+15
2.29269e+15
2.0649e+15
1.72519e+15
1.4413e+15
1.11083e+15
9.27114e+14
4.81532e+14
6.75599e+14
1.09531e+15
1.47653e+15
2.00166e+15
2.26078e+15
2.67359e+15
3.05015e+15
3.46932e+15
3.92867e+15
4.13441e+15
4.47035e+15
4.84335e+15
5.34875e+15
5.53446e+15
6.12238e+15
6.47302e+15
6.67588e+15
6.95995e+15
7.29833e+15
7.67529e+15
7.75025e+15
8.26124e+15
8.19293e+15
8.4594e+15
8.84705e+15
9.01503e+15
9.28151e+15
9.74505e+15
9.71569e+15
9.69245e+15
9.87637e+15
1.01849e+16
1.02222e+16
1.02939e+16
1.03925e+16
1.05342e+16
1.06155e+16
1.06697e+16
1.03561e+16
1.04955e+16
1.0432e+16
1.05993e+16
1.05916e+16
1.06099e+16
1.03638e+16
1.02051e+16
1.02359e+16
1.00752e+16
9.91207e+15
9.92866e+15
9.88459e+15
9.65467e+15
9.55732e+15
9.27106e+15
8.98502e+15
8.78636e+15
8.38314e+15
8.39597e+15
8.18585e+15
7.82637e+15
7.3462e+15
7.26459e+15
6.94248e+15
6.41922e+15
6.23523e+15
6.04146e+15
5.6095e+15
5.2737e+15
4.8364e+15
4.69406e+15
4.33938e+15
3.98691e+15
3.39106e+15
3.25377e+15
2.72054e+15
2.30722e+15
2.00261e+15
1.50161e+15
1.15095e+15
6.81568e+14
8.1986e+14
1.32631e+15
1.93586e+15
2.46786e+15
2.94271e+15
3.39241e+15
3.87155e+15
4.30359e+15
4.96605e+15
5.33882e+15
5.66202e+15
6.1825e+15
6.47096e+15
7.16405e+15
7.49934e+15
7.93947e+15
8.32478e+15
8.6501e+15
9.21699e+15
9.40977e+15
9.98185e+15
1.0226e+16
1.03267e+16
1.07646e+16
1.10214e+16
1.14551e+16
1.12725e+16
1.16648e+16
1.19927e+16
1.20237e+16
1.25186e+16
1.2579e+16
1.2548e+16
1.29056e+16
1.28833e+16
1.30256e+16
1.31768e+16
1.32189e+16
1.30538e+16
1.30461e+16
1.31586e+16
1.32703e+16
1.31756e+16
1.2855e+16
1.28893e+16
1.26481e+16
1.25198e+16
1.26205e+16
1.24669e+16
1.23044e+16
1.21711e+16
1.20167e+16
1.17942e+16
1.14731e+16
1.1222e+16
1.09531e+16
1.07129e+16
1.03438e+16
1.00009e+16
9.78141e+15
9.294e+15
8.95142e+15
8.50104e+15
8.1404e+15
7.90785e+15
7.4e+15
7.0056e+15
6.73808e+15
6.16071e+15
5.7759e+15
5.37637e+15
4.90894e+15
4.36983e+15
3.91864e+15
3.46199e+15
2.86986e+15
2.4516e+15
1.90819e+15
1.34132e+15
8.34971e+14
9.63934e+14
1.76282e+15
2.22749e+15
2.88529e+15
3.43648e+15
4.11203e+15
4.64962e+15
5.22586e+15
5.77993e+15
6.37804e+15
6.96195e+15
7.29773e+15
7.76399e+15
8.52322e+15
9.15592e+15
9.59007e+15
1.0059e+16
1.05179e+16
1.07659e+16
1.12806e+16
1.15887e+16
1.20494e+16
1.24333e+16
1.2816e+16
1.32848e+16
1.36173e+16
1.38142e+16
1.40633e+16
1.42605e+16
1.46579e+16
1.46755e+16
1.47509e+16
1.51098e+16
1.49521e+16
1.52796e+16
1.53444e+16
1.54775e+16
1.58976e+16
1.58267e+16
1.5972e+16
1.57811e+16
1.58754e+16
1.58408e+16
1.55546e+16
1.50949e+16
1.53004e+16
1.52877e+16
1.49498e+16
1.51212e+16
1.47024e+16
1.46334e+16
1.40522e+16
1.40076e+16
1.41692e+16
1.36737e+16
1.32686e+16
1.29531e+16
1.24425e+16
1.1997e+16
1.17364e+16
1.12939e+16
1.05595e+16
1.01619e+16
9.71893e+15
9.34566e+15
8.90827e+15
8.48543e+15
8.18499e+15
7.36075e+15
6.94844e+15
6.31842e+15
5.71315e+15
5.31593e+15
4.55427e+15
3.92955e+15
3.43494e+15
2.87733e+15
2.31117e+15
1.57466e+15
9.61141e+14
1.16249e+15
1.97808e+15
2.69987e+15
3.45529e+15
3.96961e+15
4.69455e+15
5.36885e+15
6.12532e+15
6.73839e+15
7.37795e+15
7.97502e+15
8.50986e+15
9.1559e+15
9.97155e+15
1.06066e+16
1.08716e+16
1.16543e+16
1.20152e+16
1.23918e+16
1.3208e+16
1.37478e+16
1.40836e+16
1.43615e+16
1.4907e+16
1.52724e+16
1.57665e+16
1.59867e+16
1.63268e+16
1.66381e+16
1.69789e+16
1.6873e+16
1.72025e+16
1.76007e+16
1.77625e+16
1.7933e+16
1.80626e+16
1.82227e+16
1.85051e+16
1.87648e+16
1.82332e+16
1.83953e+16
1.84127e+16
1.81395e+16
1.81743e+16
1.80337e+16
1.80473e+16
1.77699e+16
1.75705e+16
1.7457e+16
1.71722e+16
1.69741e+16
1.66226e+16
1.61786e+16
1.60751e+16
1.57304e+16
1.53988e+16
1.50588e+16
1.44583e+16
1.39719e+16
1.37137e+16
1.32709e+16
1.2527e+16
1.21055e+16
1.13316e+16
1.09023e+16
1.04536e+16
1.00094e+16
9.24558e+15
8.59935e+15
8.08226e+15
7.39106e+15
6.68517e+15
6.03632e+15
5.31149e+15
4.6047e+15
4.05994e+15
3.37584e+15
2.6954e+15
1.83334e+15
1.15051e+15
1.293e+15
2.16053e+15
3.0666e+15
3.8956e+15
4.5025e+15
5.29056e+15
6.06285e+15
6.89885e+15
7.58638e+15
8.4606e+15
9.05782e+15
9.74609e+15
1.05078e+16
1.12014e+16
1.17452e+16
1.25445e+16
1.29321e+16
1.37473e+16
1.45312e+16
1.5076e+16
1.54475e+16
1.6093e+16
1.63294e+16
1.66611e+16
1.72233e+16
1.79026e+16
1.85912e+16
1.87927e+16
1.8578e+16
1.92414e+16
1.95418e+16
1.97597e+16
1.9925e+16
2.00434e+16
2.03987e+16
2.05285e+16
2.1017e+16
2.09673e+16
2.06792e+16
2.08463e+16
2.08965e+16
2.09881e+16
2.08612e+16
2.08754e+16
2.05152e+16
2.0403e+16
2.04166e+16
2.02555e+16
1.98666e+16
1.95965e+16
1.91238e+16
1.88596e+16
1.90543e+16
1.8115e+16
1.76688e+16
1.77912e+16
1.73105e+16
1.65185e+16
1.57589e+16
1.56853e+16
1.51893e+16
1.45194e+16
1.36655e+16
1.30054e+16
1.24567e+16
1.1764e+16
1.16097e+16
1.07727e+16
9.82697e+15
9.33436e+15
8.36159e+15
7.65509e+15
6.89758e+15
6.12644e+15
5.19798e+15
4.58058e+15
3.69805e+15
3.1217e+15
2.24147e+15
1.38533e+15
1.45654e+15
2.49941e+15
3.49429e+15
4.36439e+15
5.11781e+15
6.07899e+15
6.94513e+15
7.60973e+15
8.66299e+15
9.48634e+15
1.01632e+16
1.09797e+16
1.19686e+16
1.24266e+16
1.32033e+16
1.41255e+16
1.48421e+16
1.55465e+16
1.60513e+16
1.68263e+16
1.72352e+16
1.7792e+16
1.85061e+16
1.89135e+16
1.94224e+16
1.98676e+16
2.06711e+16
2.05374e+16
2.14785e+16
2.19103e+16
2.17823e+16
2.20139e+16
2.22253e+16
2.24842e+16
2.29041e+16
2.28121e+16
2.32192e+16
2.34264e+16
2.35402e+16
2.35217e+16
2.35769e+16
2.33715e+16
2.32473e+16
2.36929e+16
2.30724e+16
2.25961e+16
2.2864e+16
2.2517e+16
2.23518e+16
2.16982e+16
2.1612e+16
2.14941e+16
2.06811e+16
2.03062e+16
1.98611e+16
1.95809e+16
1.91318e+16
1.8895e+16
1.81753e+16
1.72758e+16
1.6722e+16
1.59701e+16
1.52859e+16
1.44192e+16
1.40612e+16
1.33349e+16
1.26638e+16
1.2052e+16
1.13332e+16
1.03524e+16
9.46482e+15
8.55715e+15
7.83979e+15
6.79311e+15
6.02235e+15
5.08083e+15
4.17993e+15
3.50444e+15
2.54743e+15
1.49636e+15
1.57885e+15
2.70422e+15
3.92829e+15
4.85199e+15
5.8755e+15
6.57594e+15
7.68963e+15
8.67155e+15
9.45742e+15
1.04247e+16
1.14811e+16
1.19808e+16
1.31319e+16
1.4193e+16
1.50666e+16
1.52397e+16
1.62328e+16
1.75106e+16
1.79252e+16
1.85527e+16
1.92989e+16
1.97911e+16
2.0147e+16
2.1148e+16
2.1441e+16
2.20038e+16
2.27591e+16
2.29395e+16
2.33231e+16
2.37978e+16
2.43288e+16
2.45238e+16
2.51731e+16
2.52237e+16
2.52246e+16
2.54896e+16
2.57881e+16
2.60766e+16
2.62622e+16
2.61471e+16
2.60258e+16
2.60479e+16
2.56796e+16
2.55917e+16
2.5531e+16
2.50675e+16
2.49566e+16
2.46055e+16
2.46573e+16
2.43481e+16
2.38228e+16
2.33376e+16
2.28447e+16
2.26164e+16
2.20886e+16
2.16808e+16
2.13262e+16
2.0744e+16
1.98132e+16
1.93362e+16
1.83026e+16
1.8027e+16
1.72789e+16
1.63857e+16
1.52344e+16
1.4568e+16
1.40782e+16
1.30992e+16
1.23749e+16
1.13465e+16
1.06372e+16
9.77705e+15
8.65426e+15
7.57359e+15
6.66336e+15
5.73181e+15
4.70163e+15
3.82981e+15
2.67186e+15
1.67837e+15
1.77552e+15
2.8654e+15
4.1754e+15
5.27759e+15
6.40798e+15
7.32675e+15
8.42322e+15
9.33317e+15
1.04436e+16
1.15125e+16
1.26674e+16
1.34609e+16
1.41431e+16
1.54379e+16
1.63453e+16
1.72115e+16
1.80765e+16
1.89064e+16
1.97022e+16
2.04562e+16
2.1365e+16
2.17232e+16
2.24291e+16
2.32568e+16
2.38899e+16
2.46585e+16
2.50289e+16
2.55376e+16
2.60409e+16
2.63787e+16
2.68538e+16
2.71746e+16
2.75523e+16
2.76275e+16
2.81166e+16
2.79518e+16
2.83696e+16
2.83381e+16
2.82788e+16
2.85245e+16
2.88006e+16
2.85112e+16
2.84745e+16
2.81689e+16
2.81051e+16
2.77072e+16
2.75023e+16
2.71744e+16
2.70196e+16
2.66445e+16
2.63403e+16
2.58907e+16
2.54402e+16
2.49949e+16
2.41968e+16
2.41425e+16
2.32578e+16
2.22697e+16
2.18981e+16
2.10944e+16
2.0206e+16
1.92095e+16
1.83576e+16
1.7627e+16
1.69632e+16
1.6341e+16
1.53689e+16
1.45219e+16
1.31903e+16
1.25268e+16
1.15794e+16
1.05146e+16
9.14848e+15
8.25817e+15
7.20192e+15
6.28343e+15
5.16203e+15
4.07186e+15
3.02012e+15
1.7482e+15
2.00839e+15
3.14877e+15
4.52699e+15
5.68141e+15
6.68977e+15
7.97614e+15
9.16034e+15
1.01478e+16
1.14841e+16
1.25597e+16
1.4045e+16
1.46636e+16
1.52888e+16
1.6546e+16
1.76621e+16
1.85129e+16
1.95319e+16
2.03961e+16
2.13588e+16
2.24907e+16
2.31901e+16
2.40241e+16
2.4465e+16
2.46518e+16
2.57073e+16
2.65552e+16
2.73454e+16
2.75559e+16
2.84391e+16
2.85874e+16
2.89419e+16
2.91569e+16
2.95392e+16
3.00547e+16
3.05207e+16
3.06181e+16
3.06723e+16
3.11629e+16
3.09018e+16
3.16127e+16
3.13615e+16
3.10452e+16
3.12362e+16
3.07779e+16
3.05703e+16
2.99037e+16
3.00681e+16
2.98207e+16
2.93691e+16
2.91166e+16
2.88012e+16
2.80926e+16
2.75201e+16
2.69422e+16
2.65482e+16
2.60698e+16
2.47309e+16
2.44818e+16
2.36839e+16
2.29345e+16
2.2231e+16
2.09208e+16
2.03086e+16
1.93011e+16
1.84762e+16
1.79305e+16
1.66975e+16
1.55024e+16
1.47197e+16
1.34906e+16
1.2565e+16
1.13722e+16
1.01476e+16
9.08616e+15
7.99071e+15
6.8568e+15
5.49425e+15
4.48263e+15
3.21788e+15
1.88604e+15
2.29964e+15
3.48109e+15
4.78367e+15
6.16444e+15
7.40372e+15
8.56231e+15
9.89419e+15
1.0991e+16
1.20845e+16
1.34299e+16
1.47235e+16
1.58527e+16
1.65166e+16
1.77667e+16
1.89286e+16
2.01993e+16
2.13968e+16
2.22211e+16
2.31641e+16
2.40545e+16
2.48012e+16
2.60019e+16
2.61504e+16
2.71387e+16
2.8077e+16
2.86871e+16
2.94679e+16
2.98932e+16
3.00861e+16
3.1001e+16
3.15656e+16
3.20109e+16
3.26467e+16
3.2691e+16
3.2731e+16
3.29832e+16
3.37172e+16
3.36728e+16
3.32112e+16
3.35548e+16
3.35826e+16
3.38794e+16
3.34973e+16
3.31777e+16
3.26996e+16
3.27175e+16
3.23935e+16
3.187e+16
3.17896e+16
3.13162e+16
3.10323e+16
3.04398e+16
2.97332e+16
2.9477e+16
2.88621e+16
2.79417e+16
2.73941e+16
2.63602e+16
2.54587e+16
2.4935e+16
2.42234e+16
2.30545e+16
2.21503e+16
2.11045e+16
2.01157e+16
1.90194e+16
1.80928e+16
1.67829e+16
1.56228e+16
1.46271e+16
1.34367e+16
1.24704e+16
1.09992e+16
9.78779e+15
8.55583e+15
7.31035e+15
6.16823e+15
4.82435e+15
3.44359e+15
2.07126e+15
2.38335e+15
3.7853e+15
5.23268e+15
6.52926e+15
7.91784e+15
9.29413e+15
1.05754e+16
1.22147e+16
1.30479e+16
1.44416e+16
1.57908e+16
1.70247e+16
1.82154e+16
1.9368e+16
2.02745e+16
2.17187e+16
2.26018e+16
2.35576e+16
2.45818e+16
2.55566e+16
2.65718e+16
2.80898e+16
2.85018e+16
2.93565e+16
3.05822e+16
3.10653e+16
3.176e+16
3.2218e+16
3.28328e+16
3.345e+16
3.3991e+16
3.41157e+16
3.45376e+16
3.55875e+16
3.53029e+16
3.58686e+16
3.58825e+16
3.57981e+16
3.60309e+16
3.59601e+16
3.63645e+16
3.58931e+16
3.61836e+16
3.58942e+16
3.59161e+16
3.54556e+16
3.5062e+16
3.48585e+16
3.44114e+16
3.40174e+16
3.35754e+16
3.28922e+16
3.24395e+16
3.15104e+16
3.09283e+16
3.02522e+16
2.94606e+16
2.85011e+16
2.75497e+16
2.66582e+16
2.57975e+16
2.52931e+16
2.38036e+16
2.30064e+16
2.1688e+16
2.0584e+16
1.93484e+16
1.78378e+16
1.7078e+16
1.56662e+16
1.43836e+16
1.32408e+16
1.18525e+16
1.03013e+16
9.22968e+15
7.69835e+15
6.53884e+15
5.16407e+15
3.77601e+15
2.15939e+15
2.52184e+15
4.16999e+15
5.61093e+15
6.97134e+15
8.59477e+15
1.00394e+16
1.12714e+16
1.27141e+16
1.37616e+16
1.5547e+16
1.69896e+16
1.8205e+16
1.96771e+16
2.09074e+16
2.17667e+16
2.29023e+16
2.46593e+16
2.53306e+16
2.68829e+16
2.76237e+16
2.90586e+16
2.94669e+16
3.04568e+16
3.12858e+16
3.2477e+16
3.37134e+16
3.39554e+16
3.47911e+16
3.48387e+16
3.58567e+16
3.60522e+16
3.67658e+16
3.74413e+16
3.78783e+16
3.76081e+16
3.83601e+16
3.85889e+16
3.85855e+16
3.89158e+16
3.87687e+16
3.90625e+16
3.88939e+16
3.86692e+16
3.83562e+16
3.78808e+16
3.74806e+16
3.73697e+16
3.70578e+16
3.68872e+16
3.63226e+16
3.58122e+16
3.54809e+16
3.4368e+16
3.38445e+16
3.31319e+16
3.23312e+16
3.14203e+16
3.0854e+16
2.95408e+16
2.8538e+16
2.778e+16
2.67834e+16
2.55791e+16
2.44922e+16
2.30526e+16
2.17599e+16
2.06342e+16
1.95234e+16
1.83417e+16
1.69651e+16
1.52224e+16
1.41607e+16
1.277e+16
1.11675e+16
9.6044e+15
8.45339e+15
6.77207e+15
5.42988e+15
3.92846e+15
2.35803e+15
2.4835e+15
4.32654e+15
5.88021e+15
7.62464e+15
9.12744e+15
1.07034e+16
1.22619e+16
1.3615e+16
1.48441e+16
1.65494e+16
1.76483e+16
1.93576e+16
2.09812e+16
2.22425e+16
2.33515e+16
2.45899e+16
2.60096e+16
2.69818e+16
2.80651e+16
2.94073e+16
3.07691e+16
3.14042e+16
3.23531e+16
3.3308e+16
3.46925e+16
3.50957e+16
3.61133e+16
3.72101e+16
3.75485e+16
3.81614e+16
3.91351e+16
3.92889e+16
3.99358e+16
4.03553e+16
4.08054e+16
4.06192e+16
4.11875e+16
4.10005e+16
4.16783e+16
4.14355e+16
4.13339e+16
4.12689e+16
4.14482e+16
4.06331e+16
4.06794e+16
4.01619e+16
3.97837e+16
3.94069e+16
3.92018e+16
3.87884e+16
3.83064e+16
3.75263e+16
3.68182e+16
3.62164e+16
3.54941e+16
3.42893e+16
3.30998e+16
3.24322e+16
3.13825e+16
3.04477e+16
2.94584e+16
2.82325e+16
2.70456e+16
2.57359e+16
2.44459e+16
2.31729e+16
2.20316e+16
2.07989e+16
1.95657e+16
1.76896e+16
1.66397e+16
1.51086e+16
1.33804e+16
1.20643e+16
1.05473e+16
9.1218e+15
7.34831e+15
5.8868e+15
4.25732e+15
2.53559e+15
2.64732e+15
4.59315e+15
6.22769e+15
7.89053e+15
9.46427e+15
1.13289e+16
1.30124e+16
1.46092e+16
1.5792e+16
1.72871e+16
1.89616e+16
2.05371e+16
2.19043e+16
2.34274e+16
2.47746e+16
2.64133e+16
2.74963e+16
2.85739e+16
2.99643e+16
3.09693e+16
3.25569e+16
3.33284e+16
3.45496e+16
3.58413e+16
3.68712e+16
3.75092e+16
3.89444e+16
3.84446e+16
3.96359e+16
4.03951e+16
4.07886e+16
4.17999e+16
4.19594e+16
4.30237e+16
4.28638e+16
4.33639e+16
4.38747e+16
4.33061e+16
4.39305e+16
4.3729e+16
4.34843e+16
4.39381e+16
4.3746e+16
4.34381e+16
4.35e+16
4.30744e+16
4.24964e+16
4.16705e+16
4.17004e+16
4.12588e+16
4.02661e+16
4.01091e+16
3.90716e+16
3.79589e+16
3.71795e+16
3.64098e+16
3.49181e+16
3.46953e+16
3.33861e+16
3.21147e+16
3.11642e+16
3.02512e+16
2.92205e+16
2.71556e+16
2.62746e+16
2.46692e+16
2.33244e+16
2.18983e+16
2.03979e+16
1.90975e+16
1.7332e+16
1.58702e+16
1.45477e+16
1.27875e+16
1.11048e+16
9.80164e+15
7.79959e+15
6.25613e+15
4.47443e+15
2.61229e+15
2.65744e+15
4.82657e+15
6.66623e+15
8.44591e+15
9.95601e+15
1.1657e+16
1.36954e+16
1.53997e+16
1.69456e+16
1.85312e+16
2.02708e+16
2.19726e+16
2.31115e+16
2.47734e+16
2.63896e+16
2.78126e+16
2.91856e+16
3.02722e+16
3.2001e+16
3.29465e+16
3.41495e+16
3.5338e+16
3.6522e+16
3.77439e+16
3.87942e+16
3.95198e+16
4.08506e+16
4.11388e+16
4.21056e+16
4.30351e+16
4.33633e+16
4.41462e+16
4.42938e+16
4.48446e+16
4.53643e+16
4.57376e+16
4.60869e+16
4.57951e+16
4.63669e+16
4.64466e+16
4.63643e+16
4.60302e+16
4.6152e+16
4.60491e+16
4.5477e+16
4.53961e+16
4.50255e+16
4.3964e+16
4.38063e+16
4.33246e+16
4.2879e+16
4.22129e+16
4.1455e+16
4.0424e+16
3.9087e+16
3.82955e+16
3.69178e+16
3.62695e+16
3.52518e+16
3.42255e+16
3.29828e+16
3.15756e+16
3.06532e+16
2.86629e+16
2.71577e+16
2.61111e+16
2.46008e+16
2.32148e+16
2.16625e+16
1.97881e+16
1.84711e+16
1.69502e+16
1.52151e+16
1.36742e+16
1.18566e+16
1.00889e+16
8.38884e+15
6.48678e+15
4.75139e+15
2.80037e+15
2.98849e+15
5.17193e+15
6.92946e+15
8.94275e+15
1.07346e+16
1.25395e+16
1.43181e+16
1.63277e+16
1.78031e+16
1.94764e+16
2.11362e+16
2.28307e+16
2.43678e+16
2.63251e+16
2.79445e+16
2.92113e+16
3.09663e+16
3.178e+16
3.37411e+16
3.51263e+16
3.59338e+16
3.71769e+16
3.8124e+16
3.96682e+16
4.07059e+16
4.13262e+16
4.28454e+16
4.34575e+16
4.38266e+16
4.53557e+16
4.55777e+16
4.59478e+16
4.71407e+16
4.71298e+16
4.73815e+16
4.79945e+16
4.83664e+16
4.86556e+16
4.85131e+16
4.86576e+16
4.85027e+16
4.89181e+16
4.87838e+16
4.8009e+16
4.80634e+16
4.78672e+16
4.73604e+16
4.67194e+16
4.6661e+16
4.56597e+16
4.48294e+16
4.41296e+16
4.32056e+16
4.21721e+16
4.13397e+16
4.04422e+16
3.9472e+16
3.81063e+16
3.72471e+16
3.56014e+16
3.43304e+16
3.33719e+16
3.15557e+16
3.03584e+16
2.88334e+16
2.76634e+16
2.58338e+16
2.43262e+16
2.27167e+16
2.08612e+16
1.97855e+16
1.78776e+16
1.5858e+16
1.42609e+16
1.25744e+16
1.07372e+16
8.81416e+15
6.80308e+15
4.94205e+15
2.95385e+15
3.20533e+15
5.24399e+15
7.32311e+15
9.32836e+15
1.14062e+16
1.33504e+16
1.50771e+16
1.68536e+16
1.84682e+16
2.0402e+16
2.25392e+16
2.37585e+16
2.57975e+16
2.75026e+16
2.90034e+16
3.04677e+16
3.23342e+16
3.35537e+16
3.50579e+16
3.66404e+16
3.78293e+16
3.92405e+16
4.0627e+16
4.13402e+16
4.23361e+16
4.37366e+16
4.46923e+16
4.60835e+16
4.62925e+16
4.74937e+16
4.81831e+16
4.88063e+16
4.93573e+16
4.94522e+16
4.98971e+16
5.00753e+16
5.10995e+16
5.12304e+16
5.13298e+16
5.13338e+16
5.17094e+16
5.11661e+16
5.12508e+16
5.0379e+16
5.04257e+16
5.01061e+16
4.96443e+16
4.89762e+16
4.90282e+16
4.78187e+16
4.72691e+16
4.60148e+16
4.57365e+16
4.48398e+16
4.37529e+16
4.28228e+16
4.13956e+16
3.97971e+16
3.85547e+16
3.73773e+16
3.67948e+16
3.46303e+16
3.32652e+16
3.19439e+16
3.03329e+16
2.87808e+16
2.7361e+16
2.52107e+16
2.40362e+16
2.25011e+16
2.07464e+16
1.86175e+16
1.66905e+16
1.48471e+16
1.30838e+16
1.10788e+16
9.14842e+15
7.20359e+15
5.18353e+15
3.14809e+15
3.34764e+15
5.54097e+15
7.66802e+15
9.85447e+15
1.16954e+16
1.37923e+16
1.55166e+16
1.73409e+16
1.93547e+16
2.17833e+16
2.34886e+16
2.47986e+16
2.69868e+16
2.89537e+16
3.07037e+16
3.21956e+16
3.38315e+16
3.54408e+16
3.68262e+16
3.81848e+16
4.00591e+16
4.09134e+16
4.2254e+16
4.3381e+16
4.49011e+16
4.58555e+16
4.69733e+16
4.79872e+16
4.86261e+16
5.03351e+16
5.01831e+16
5.10438e+16
5.15003e+16
5.14425e+16
5.21724e+16
5.24702e+16
5.31862e+16
5.31945e+16
5.36083e+16
5.36903e+16
5.34862e+16
5.37327e+16
5.34249e+16
5.30435e+16
5.27603e+16
5.19111e+16
5.2269e+16
5.15846e+16
5.09999e+16
5.00504e+16
4.90407e+16
4.85999e+16
4.76962e+16
4.65908e+16
4.58362e+16
4.44507e+16
4.33584e+16
4.17991e+16
4.06806e+16
3.94662e+16
3.80272e+16
3.62383e+16
3.48916e+16
3.36451e+16
3.20572e+16
2.99232e+16
2.82714e+16
2.69302e+16
2.49712e+16
2.33358e+16
2.16933e+16
1.93992e+16
1.76678e+16
1.59188e+16
1.36003e+16
1.16038e+16
9.37435e+15
7.57182e+15
5.5096e+15
3.3433e+15
3.61513e+15
5.97522e+15
7.92141e+15
1.02075e+16
1.19715e+16
1.44495e+16
1.65663e+16
1.81847e+16
2.07825e+16
2.25904e+16
2.40545e+16
2.62439e+16
2.78568e+16
3.02576e+16
3.21764e+16
3.3612e+16
3.55551e+16
3.70722e+16
3.83778e+16
4.00544e+16
4.11405e+16
4.26085e+16
4.36929e+16
4.59591e+16
4.7129e+16
4.7742e+16
4.86344e+16
4.9763e+16
5.0555e+16
5.18113e+16
5.22507e+16
5.31624e+16
5.35477e+16
5.43866e+16
5.45687e+16
5.49774e+16
5.53642e+16
5.59829e+16
5.54454e+16
5.58636e+16
5.57062e+16
5.54129e+16
5.61335e+16
5.51002e+16
5.52962e+16
5.46487e+16
5.47663e+16
5.41127e+16
5.32535e+16
5.20545e+16
5.12492e+16
5.06425e+16
5.00787e+16
4.89061e+16
4.75009e+16
4.67386e+16
4.50538e+16
4.39286e+16
4.23264e+16
4.13381e+16
3.94719e+16
3.78277e+16
3.60691e+16
3.53015e+16
3.35446e+16
3.15913e+16
2.99073e+16
2.8316e+16
2.59936e+16
2.43114e+16
2.24436e+16
2.03011e+16
1.82917e+16
1.64328e+16
1.43173e+16
1.20587e+16
1.00561e+16
7.88049e+15
5.63886e+15
3.48586e+15
3.58317e+15
6.1799e+15
8.63755e+15
1.04758e+16
1.26392e+16
1.51088e+16
1.70546e+16
1.93104e+16
2.12784e+16
2.34342e+16
2.51833e+16
2.72394e+16
2.94299e+16
3.13001e+16
3.32867e+16
3.50858e+16
3.71078e+16
3.86776e+16
4.04017e+16
4.19615e+16
4.3147e+16
4.45569e+16
4.53922e+16
4.74515e+16
4.88364e+16
4.96849e+16
5.07948e+16
5.1803e+16
5.26104e+16
5.39631e+16
5.47126e+16
5.56031e+16
5.5868e+16
5.59898e+16
5.68431e+16
5.75088e+16
5.80549e+16
5.77597e+16
5.81496e+16
5.80819e+16
5.78401e+16
5.81506e+16
5.82186e+16
5.80138e+16
5.77087e+16
5.69086e+16
5.64487e+16
5.56247e+16
5.50739e+16
5.42465e+16
5.39336e+16
5.2903e+16
5.21768e+16
5.09785e+16
4.94806e+16
4.87139e+16
4.71316e+16
4.60934e+16
4.43613e+16
4.30429e+16
4.16819e+16
3.99703e+16
3.81133e+16
3.65725e+16
3.51433e+16
3.31421e+16
3.14312e+16
2.94148e+16
2.72798e+16
2.53532e+16
2.37185e+16
2.10209e+16
1.91327e+16
1.67832e+16
1.48348e+16
1.26031e+16
1.05058e+16
8.20487e+15
5.91064e+15
3.67929e+15
3.8391e+15
6.54425e+15
8.74706e+15
1.08637e+16
1.34863e+16
1.57159e+16
1.77803e+16
1.99777e+16
2.17451e+16
2.41596e+16
2.60763e+16
2.81874e+16
3.05562e+16
3.23677e+16
3.45628e+16
3.67287e+16
3.83515e+16
4.03899e+16
4.18485e+16
4.3184e+16
4.48104e+16
4.63107e+16
4.77701e+16
4.90691e+16
5.06644e+16
5.23561e+16
5.28803e+16
5.38413e+16
5.49693e+16
5.62158e+16
5.69237e+16
5.72796e+16
5.85015e+16
5.92883e+16
5.92741e+16
6.00626e+16
6.00561e+16
6.06801e+16
6.05194e+16
6.04984e+16
6.0293e+16
6.04658e+16
6.03856e+16
6.07095e+16
5.96205e+16
5.96007e+16
5.8458e+16
5.77639e+16
5.72186e+16
5.68688e+16
5.6223e+16
5.47666e+16
5.34975e+16
5.25498e+16
5.14149e+16
5.0068e+16
4.85519e+16
4.74302e+16
4.58994e+16
4.45629e+16
4.31061e+16
4.15299e+16
3.93282e+16
3.82588e+16
3.61571e+16
3.42208e+16
3.22691e+16
3.05752e+16
2.81941e+16
2.65256e+16
2.4384e+16
2.19048e+16
1.99458e+16
1.7579e+16
1.55441e+16
1.3109e+16
1.06753e+16
8.45003e+15
6.25287e+15
3.86529e+15
4.01018e+15
6.72608e+15
9.21568e+15
1.16494e+16
1.3799e+16
1.63164e+16
1.84068e+16
2.0567e+16
2.2821e+16
2.55105e+16
2.73561e+16
2.98293e+16
3.19557e+16
3.35954e+16
3.58299e+16
3.74288e+16
3.96763e+16
4.15929e+16
4.32597e+16
4.47206e+16
4.65212e+16
4.81681e+16
4.98687e+16
5.13687e+16
5.24381e+16
5.37565e+16
5.5399e+16
5.60182e+16
5.67389e+16
5.74113e+16
5.91131e+16
5.94875e+16
6.0089e+16
6.11478e+16
6.1763e+16
6.21805e+16
6.21251e+16
6.27789e+16
6.27229e+16
6.32487e+16
6.287e+16
6.26155e+16
6.21046e+16
6.24403e+16
6.19374e+16
6.16025e+16
6.0609e+16
5.97016e+16
5.97979e+16
5.86675e+16
5.79312e+16
5.68735e+16
5.60546e+16
5.43366e+16
5.34886e+16
5.24238e+16
5.02308e+16
4.88978e+16
4.80168e+16
4.62954e+16
4.47428e+16
4.32087e+16
4.09631e+16
3.98072e+16
3.79326e+16
3.5742e+16
3.35142e+16
3.15379e+16
2.95726e+16
2.72275e+16
2.49644e+16
2.29502e+16
2.09976e+16
1.82623e+16
1.63661e+16
1.36479e+16
1.1266e+16
8.9072e+15
6.48007e+15
3.75228e+15
4.15229e+15
6.79037e+15
9.51546e+15
1.17738e+16
1.4283e+16
1.68445e+16
1.93034e+16
2.15574e+16
2.38747e+16
2.61512e+16
2.81958e+16
3.05257e+16
3.26972e+16
3.49533e+16
3.71287e+16
3.93366e+16
4.13209e+16
4.25377e+16
4.46096e+16
4.64593e+16
4.84082e+16
4.98254e+16
5.14429e+16
5.30255e+16
5.40675e+16
5.53421e+16
5.67876e+16
5.79606e+16
5.85802e+16
5.99695e+16
6.07064e+16
6.14856e+16
6.2358e+16
6.31414e+16
6.38078e+16
6.47287e+16
6.46748e+16
6.47864e+16
6.49715e+16
6.46886e+16
6.47971e+16
6.50686e+16
6.52619e+16
6.47669e+16
6.46162e+16
6.43812e+16
6.29851e+16
6.20969e+16
6.14986e+16
6.05234e+16
5.99307e+16
5.91332e+16
5.79513e+16
5.68784e+16
5.51658e+16
5.46046e+16
5.25766e+16
5.11289e+16
4.95295e+16
4.78955e+16
4.59996e+16
4.49604e+16
4.25625e+16
4.08585e+16
3.88561e+16
3.71303e+16
3.48197e+16
3.25963e+16
3.0446e+16
2.83349e+16
2.60083e+16
2.37219e+16
2.10943e+16
1.87906e+16
1.66312e+16
1.398e+16
1.17344e+16
9.22021e+15
6.6966e+15
3.89025e+15
4.25921e+15
7.01182e+15
9.6688e+15
1.23122e+16
1.4819e+16
1.73789e+16
1.98348e+16
2.23595e+16
2.44282e+16
2.69201e+16
2.96129e+16
3.17714e+16
3.39668e+16
3.60787e+16
3.82547e+16
4.02652e+16
4.22969e+16
4.37431e+16
4.63935e+16
4.78919e+16
4.89871e+16
5.11817e+16
5.2757e+16
5.42444e+16
5.58706e+16
5.72002e+16
5.88308e+16
5.99115e+16
6.08838e+16
6.17263e+16
6.31172e+16
6.43778e+16
6.47943e+16
6.50793e+16
6.62089e+16
6.61383e+16
6.69927e+16
6.73338e+16
6.74194e+16
6.77397e+16
6.73855e+16
6.74862e+16
6.68608e+16
6.73025e+16
6.67301e+16
6.58473e+16
6.53666e+16
6.45974e+16
6.42114e+16
6.32479e+16
6.19811e+16
6.10491e+16
5.98502e+16
5.84089e+16
5.74518e+16
5.60326e+16
5.45607e+16
5.24823e+16
5.1106e+16
4.92024e+16
4.70226e+16
4.58477e+16
4.39688e+16
4.21767e+16
4.03051e+16
3.82893e+16
3.64114e+16
3.40069e+16
3.19365e+16
2.92831e+16
2.68701e+16
2.45818e+16
2.17037e+16
1.96819e+16
1.70768e+16
1.45065e+16
1.19868e+16
9.50134e+15
6.9321e+15
4.11786e+15
4.40541e+15
7.11842e+15
9.98604e+15
1.27946e+16
1.53442e+16
1.77128e+16
2.02984e+16
2.28306e+16
2.55708e+16
2.75568e+16
2.99848e+16
3.25239e+16
3.47453e+16
3.72286e+16
3.95537e+16
4.13142e+16
4.35659e+16
4.53232e+16
4.71598e+16
4.93617e+16
5.13697e+16
5.27682e+16
5.46861e+16
5.60874e+16
5.82287e+16
5.8949e+16
6.05556e+16
6.17216e+16
6.24691e+16
6.36625e+16
6.46844e+16
6.55688e+16
6.6802e+16
6.76351e+16
6.73447e+16
6.84875e+16
6.85087e+16
6.95669e+16
6.95157e+16
6.95737e+16
6.96833e+16
6.96494e+16
6.92371e+16
6.89548e+16
6.90895e+16
6.88647e+16
6.69488e+16
6.70678e+16
6.58223e+16
6.5258e+16
6.4036e+16
6.33767e+16
6.16184e+16
6.01665e+16
5.89559e+16
5.77202e+16
5.61286e+16
5.45836e+16
5.29043e+16
5.10199e+16
4.92294e+16
4.74926e+16
4.55756e+16
4.31358e+16
4.12575e+16
3.92127e+16
3.70167e+16
3.485e+16
3.23463e+16
2.98649e+16
2.71224e+16
2.54285e+16
2.26438e+16
2.01992e+16
1.7628e+16
1.51269e+16
1.25523e+16
9.83064e+15
7.01499e+15
4.26868e+15
4.48859e+15
7.35075e+15
1.02088e+16
1.31174e+16
1.57229e+16
1.8181e+16
2.09653e+16
2.35654e+16
2.62098e+16
2.86976e+16
3.14411e+16
3.34515e+16
3.61922e+16
3.81594e+16
4.01107e+16
4.27088e+16
4.45418e+16
4.68851e+16
4.8688e+16
5.10753e+16
5.28005e+16
5.41065e+16
5.59808e+16
5.80223e+16
5.91957e+16
6.11222e+16
6.27349e+16
6.35158e+16
6.49082e+16
6.55956e+16
6.69574e+16
6.84087e+16
6.8878e+16
6.9431e+16
6.94677e+16
7.05286e+16
7.1032e+16
7.09893e+16
7.10578e+16
7.20036e+16
7.21938e+16
7.15052e+16
7.11704e+16
7.1786e+16
7.10609e+16
7.05611e+16
6.8531e+16
6.87332e+16
6.82767e+16
6.71763e+16
6.60095e+16
6.51461e+16
6.36683e+16
6.21863e+16
6.04601e+16
5.95624e+16
5.78051e+16
5.59933e+16
5.43806e+16
5.28207e+16
5.08353e+16
4.85252e+16
4.67147e+16
4.46577e+16
4.22325e+16
4.07411e+16
3.86557e+16
3.56118e+16
3.33606e+16
3.09601e+16
2.83995e+16
2.59532e+16
2.34124e+16
2.06191e+16
1.82912e+16
1.54549e+16
1.29001e+16
9.98139e+15
7.21942e+15
4.29261e+15
4.59771e+15
7.59507e+15
1.05875e+16
1.34383e+16
1.61093e+16
1.88024e+16
2.17136e+16
2.4484e+16
2.67915e+16
2.98545e+16
3.22664e+16
3.44189e+16
3.69839e+16
3.92614e+16
4.14029e+16
4.38419e+16
4.5895e+16
4.77524e+16
5.02365e+16
5.21908e+16
5.405e+16
5.58223e+16
5.77475e+16
6.00548e+16
6.11011e+16
6.22451e+16
6.4301e+16
6.52331e+16
6.62318e+16
6.74636e+16
6.84638e+16
6.92517e+16
7.05776e+16
7.11124e+16
7.22353e+16
7.27193e+16
7.34896e+16
7.35065e+16
7.35652e+16
7.42889e+16
7.42115e+16
7.36184e+16
7.36952e+16
7.33618e+16
7.24747e+16
7.18495e+16
7.1468e+16
7.05505e+16
7.01889e+16
6.88894e+16
6.82364e+16
6.65847e+16
6.52313e+16
6.41877e+16
6.28007e+16
6.06358e+16
5.95324e+16
5.78737e+16
5.61268e+16
5.44539e+16
5.19845e+16
5.00402e+16
4.83312e+16
4.60434e+16
4.41043e+16
4.16577e+16
3.88053e+16
3.68301e+16
3.41386e+16
3.15629e+16
2.90973e+16
2.68722e+16
2.40937e+16
2.15978e+16
1.90416e+16
1.58242e+16
1.33215e+16
1.05543e+16
7.60124e+15
4.4495e+15
4.68053e+15
7.84127e+15
1.10899e+16
1.37539e+16
1.66827e+16
1.96782e+16
2.23184e+16
2.54577e+16
2.78573e+16
3.03414e+16
3.31111e+16
3.55418e+16
3.83821e+16
4.01002e+16
4.26832e+16
4.51891e+16
4.71806e+16
4.94285e+16
5.15733e+16
5.35562e+16
5.56049e+16
5.74122e+16
5.98834e+16
6.11845e+16
6.26511e+16
6.43621e+16
6.63834e+16
6.70511e+16
6.79108e+16
6.99669e+16
7.07053e+16
7.1691e+16
7.25317e+16
7.33677e+16
7.42482e+16
7.53395e+16
7.56792e+16
7.55892e+16
7.55657e+16
7.53032e+16
7.58563e+16
7.60426e+16
7.56144e+16
7.48919e+16
7.43919e+16
7.38599e+16
7.32956e+16
7.29334e+16
7.16384e+16
7.06533e+16
6.92424e+16
6.83884e+16
6.70052e+16
6.56422e+16
6.45319e+16
6.29377e+16
6.09536e+16
5.91165e+16
5.74136e+16
5.53704e+16
5.36091e+16
5.1613e+16
4.9668e+16
4.77211e+16
4.50924e+16
4.28446e+16
4.01375e+16
3.78004e+16
3.47518e+16
3.22505e+16
2.96168e+16
2.74553e+16
2.49853e+16
2.21448e+16
1.93169e+16
1.64045e+16
1.37784e+16
1.07638e+16
7.71302e+15
4.5924e+15
4.74919e+15
8.16818e+15
1.12216e+16
1.42989e+16
1.72371e+16
1.98935e+16
2.27583e+16
2.58589e+16
2.84394e+16
3.10603e+16
3.37501e+16
3.68845e+16
3.90971e+16
4.15141e+16
4.41301e+16
4.62854e+16
4.8457e+16
5.06469e+16
5.28515e+16
5.5131e+16
5.6616e+16
5.90224e+16
6.05205e+16
6.28411e+16
6.42742e+16
6.55574e+16
6.75126e+16
6.87301e+16
7.03686e+16
7.16639e+16
7.30458e+16
7.35497e+16
7.41982e+16
7.59614e+16
7.59981e+16
7.68133e+16
7.70368e+16
7.73721e+16
7.75647e+16
7.69512e+16
7.76966e+16
7.70926e+16
7.71209e+16
7.69408e+16
7.65559e+16
7.60468e+16
7.48089e+16
7.39557e+16
7.36382e+16
7.25143e+16
7.17345e+16
7.01546e+16
6.89306e+16
6.73723e+16
6.60948e+16
6.42796e+16
6.21201e+16
6.03359e+16
5.89153e+16
5.69031e+16
5.50235e+16
5.24004e+16
5.06102e+16
4.89965e+16
4.60486e+16
4.3667e+16
4.19771e+16
3.86555e+16
3.55556e+16
3.34604e+16
3.04778e+16
2.82217e+16
2.5475e+16
2.29283e+16
2.00936e+16
1.67394e+16
1.41547e+16
1.09448e+16
7.95378e+15
4.76883e+15
4.86178e+15
8.21492e+15
1.12485e+16
1.44408e+16
1.72768e+16
2.02955e+16
2.34451e+16
2.63581e+16
2.91926e+16
3.17029e+16
3.42924e+16
3.72426e+16
3.98673e+16
4.25156e+16
4.53602e+16
4.73331e+16
4.98494e+16
5.20945e+16
5.42426e+16
5.66148e+16
5.85322e+16
6.00676e+16
6.17401e+16
6.40141e+16
6.53929e+16
6.66304e+16
6.86016e+16
7.00195e+16
7.24606e+16
7.28354e+16
7.38339e+16
7.48407e+16
7.61337e+16
7.68869e+16
7.74416e+16
7.8144e+16
7.83983e+16
7.91851e+16
7.9524e+16
7.99074e+16
7.98965e+16
7.90271e+16
7.90201e+16
7.85469e+16
7.79379e+16
7.76284e+16
7.65772e+16
7.5364e+16
7.44635e+16
7.41473e+16
7.29544e+16
7.14771e+16
7.07139e+16
6.90227e+16
6.75722e+16
6.52193e+16
6.33707e+16
6.23244e+16
5.9736e+16
5.81674e+16
5.63831e+16
5.38615e+16
5.21044e+16
4.96078e+16
4.70981e+16
4.49859e+16
4.18836e+16
3.95883e+16
3.65527e+16
3.43049e+16
3.14304e+16
2.86393e+16
2.61887e+16
2.33785e+16
2.03299e+16
1.70981e+16
1.41207e+16
1.11415e+16
8.32887e+15
4.76129e+15
4.87773e+15
8.24027e+15
1.1438e+16
1.46639e+16
1.76114e+16
2.05938e+16
2.38022e+16
2.68827e+16
2.95934e+16
3.23266e+16
3.5548e+16
3.7718e+16
4.05688e+16
4.38183e+16
4.57084e+16
4.8815e+16
5.09649e+16
5.30389e+16
5.54889e+16
5.76799e+16
5.91494e+16
6.1603e+16
6.39634e+16
6.50906e+16
6.75034e+16
6.8881e+16
7.08232e+16
7.21343e+16
7.36993e+16
7.50562e+16
7.60322e+16
7.70119e+16
7.8041e+16
7.88897e+16
7.93174e+16
8.01066e+16
8.02752e+16
8.07676e+16
8.07239e+16
8.14888e+16
8.14128e+16
8.05121e+16
8.06063e+16
7.98648e+16
7.93328e+16
7.86363e+16
7.83262e+16
7.73658e+16
7.59427e+16
7.59721e+16
7.44205e+16
7.33846e+16
7.19831e+16
7.07364e+16
6.87203e+16
6.65698e+16
6.52063e+16
6.32776e+16
6.13469e+16
5.93487e+16
5.69078e+16
5.45865e+16
5.25165e+16
4.97049e+16
4.76746e+16
4.58851e+16
4.29152e+16
4.02817e+16
3.82348e+16
3.51435e+16
3.20502e+16
2.93732e+16
2.6422e+16
2.40669e+16
2.06055e+16
1.75509e+16
1.45355e+16
1.15165e+16
8.38054e+15
4.90905e+15
5.01523e+15
8.3208e+15
1.15757e+16
1.4986e+16
1.77831e+16
2.09686e+16
2.44236e+16
2.75167e+16
3.04731e+16
3.34695e+16
3.58538e+16
3.91979e+16
4.19779e+16
4.46827e+16
4.68922e+16
4.99441e+16
5.20087e+16
5.44902e+16
5.67972e+16
5.85531e+16
6.09604e+16
6.28567e+16
6.51e+16
6.6753e+16
6.87234e+16
7.05529e+16
7.19833e+16
7.33602e+16
7.52173e+16
7.67731e+16
7.76063e+16
7.79749e+16
7.96602e+16
8.01479e+16
8.04262e+16
8.16926e+16
8.16318e+16
8.20183e+16
8.19883e+16
8.25966e+16
8.24363e+16
8.25825e+16
8.17421e+16
8.19228e+16
8.12856e+16
8.0024e+16
7.99139e+16
7.93559e+16
7.84312e+16
7.71102e+16
7.69026e+16
7.49724e+16
7.35962e+16
7.18336e+16
7.03556e+16
6.87109e+16
6.68806e+16
6.46229e+16
6.25173e+16
6.0798e+16
5.88149e+16
5.6216e+16
5.3822e+16
5.12114e+16
4.8922e+16
4.64557e+16
4.36061e+16
4.13995e+16
3.84222e+16
3.56493e+16
3.2495e+16
3.01504e+16
2.70284e+16
2.40141e+16
2.08763e+16
1.77373e+16
1.46647e+16
1.17702e+16
8.42157e+15
5.21758e+15
5.08798e+15
8.62722e+15
1.19441e+16
1.54032e+16
1.82211e+16
2.1574e+16
2.4574e+16
2.7601e+16
3.10359e+16
3.38196e+16
3.67586e+16
3.99927e+16
4.22295e+16
4.57503e+16
4.75337e+16
5.0699e+16
5.26015e+16
5.5118e+16
5.72814e+16
6.0206e+16
6.21197e+16
6.43788e+16
6.61872e+16
6.79098e+16
7.00552e+16
7.16139e+16
7.33558e+16
7.46839e+16
7.60923e+16
7.73858e+16
7.91451e+16
7.97819e+16
8.10888e+16
8.19251e+16
8.21307e+16
8.31393e+16
8.34855e+16
8.34432e+16
8.33665e+16
8.35719e+16
8.38348e+16
8.41237e+16
8.37579e+16
8.35627e+16
8.24842e+16
8.20467e+16
8.11221e+16
8.07679e+16
7.91458e+16
7.8751e+16
7.76573e+16
7.64585e+16
7.46259e+16
7.28043e+16
7.1975e+16
6.98957e+16
6.81908e+16
6.63671e+16
6.35743e+16
6.18531e+16
5.94526e+16
5.70864e+16
5.54243e+16
5.28722e+16
4.98606e+16
4.72933e+16
4.46191e+16
4.18158e+16
3.884e+16
3.5959e+16
3.30652e+16
3.07295e+16
2.75469e+16
2.43985e+16
2.12081e+16
1.82975e+16
1.48046e+16
1.18012e+16
8.71848e+15
5.14954e+15
5.19525e+15
8.88554e+15
1.1804e+16
1.54064e+16
1.86853e+16
2.16625e+16
2.48978e+16
2.84334e+16
3.15517e+16
3.4368e+16
3.73082e+16
4.05744e+16
4.29351e+16
4.59862e+16
4.87682e+16
5.15199e+16
5.37332e+16
5.59992e+16
5.86718e+16
6.10929e+16
6.36802e+16
6.58541e+16
6.73592e+16
6.92944e+16
7.08146e+16
7.31489e+16
7.4671e+16
7.60561e+16
7.7776e+16
7.91112e+16
8.04844e+16
8.1411e+16
8.18762e+16
8.31305e+16
8.35109e+16
8.37514e+16
8.47769e+16
8.48956e+16
8.52472e+16
8.50445e+16
8.52322e+16
8.50078e+16
8.52821e+16
8.42679e+16
8.45333e+16
8.35976e+16
8.27796e+16
8.21848e+16
8.1418e+16
8.00462e+16
7.87386e+16
7.75366e+16
7.62368e+16
7.42558e+16
7.27977e+16
7.07912e+16
6.93602e+16
6.69771e+16
6.51091e+16
6.25174e+16
6.02834e+16
5.86218e+16
5.57494e+16
5.35055e+16
5.0359e+16
4.82042e+16
4.54996e+16
4.22517e+16
3.96044e+16
3.6853e+16
3.41298e+16
3.12535e+16
2.81775e+16
2.49009e+16
2.1688e+16
1.87032e+16
1.52956e+16
1.19412e+16
8.78243e+15
5.29821e+15
5.38222e+15
8.96274e+15
1.23331e+16
1.54938e+16
1.87443e+16
2.23135e+16
2.53582e+16
2.88574e+16
3.15468e+16
3.48835e+16
3.81615e+16
4.07275e+16
4.35578e+16
4.69486e+16
4.94509e+16
5.18186e+16
5.49363e+16
5.70544e+16
5.92639e+16
6.23648e+16
6.43453e+16
6.65669e+16
6.8672e+16
7.03561e+16
7.24265e+16
7.41157e+16
7.58867e+16
7.76946e+16
7.91175e+16
8.00821e+16
8.11932e+16
8.27262e+16
8.31815e+16
8.4082e+16
8.55677e+16
8.58506e+16
8.54951e+16
8.62699e+16
8.67293e+16
8.69203e+16
8.69398e+16
8.6665e+16
8.65833e+16
8.63417e+16
8.50655e+16
8.48259e+16
8.41281e+16
8.34937e+16
8.24694e+16
8.1671e+16
8.03476e+16
7.86578e+16
7.72295e+16
7.57321e+16
7.37126e+16
7.20455e+16
7.0397e+16
6.831e+16
6.59022e+16
6.36524e+16
6.15858e+16
5.93497e+16
5.67972e+16
5.43145e+16
5.12794e+16
4.92966e+16
4.62779e+16
4.34476e+16
4.06442e+16
3.75727e+16
3.46745e+16
3.17743e+16
2.85723e+16
2.55711e+16
2.21617e+16
1.92181e+16
1.57571e+16
1.2189e+16
9.03333e+15
5.40255e+15
5.5651e+15
9.1439e+15
1.26406e+16
1.58109e+16
1.91787e+16
2.23666e+16
2.57913e+16
2.89992e+16
3.18932e+16
3.53474e+16
3.85328e+16
4.17715e+16
4.47435e+16
4.76478e+16
5.02042e+16
5.24821e+16
5.5596e+16
5.81301e+16
6.0888e+16
6.3048e+16
6.51997e+16
6.7225e+16
6.90555e+16
7.1748e+16
7.33324e+16
7.52258e+16
7.7048e+16
7.86269e+16
7.98985e+16
8.09353e+16
8.29472e+16
8.35235e+16
8.46892e+16
8.54401e+16
8.62477e+16
8.74099e+16
8.69982e+16
8.72068e+16
8.81254e+16
8.77971e+16
8.8329e+16
8.87136e+16
8.76135e+16
8.73963e+16
8.72605e+16
8.64713e+16
8.55934e+16
8.47213e+16
8.35695e+16
8.22549e+16
8.12125e+16
7.98212e+16
7.81842e+16
7.69507e+16
7.50527e+16
7.34908e+16
7.12816e+16
6.88948e+16
6.68793e+16
6.4776e+16
6.2162e+16
6.04674e+16
5.76176e+16
5.53168e+16
5.23783e+16
4.96574e+16
4.67768e+16
4.38266e+16
4.09216e+16
3.83314e+16
3.52596e+16
3.21884e+16
2.90577e+16
2.62337e+16
2.25098e+16
1.94335e+16
1.58562e+16
1.25722e+16
9.00858e+15
5.4327e+15
5.41002e+15
9.13307e+15
1.27574e+16
1.61084e+16
1.95057e+16
2.28302e+16
2.61443e+16
2.91733e+16
3.23737e+16
3.59986e+16
3.86708e+16
4.19206e+16
4.50535e+16
4.77234e+16
5.09598e+16
5.32094e+16
5.59532e+16
5.88121e+16
6.24476e+16
6.40917e+16
6.62978e+16
6.83207e+16
7.00627e+16
7.27909e+16
7.45184e+16
7.63666e+16
7.78318e+16
7.94723e+16
8.14128e+16
8.16057e+16
8.33413e+16
8.45299e+16
8.60931e+16
8.68138e+16
8.75497e+16
8.82133e+16
8.85715e+16
8.89112e+16
8.97516e+16
8.95496e+16
9.00176e+16
8.90895e+16
8.88835e+16
8.8369e+16
8.81858e+16
8.75478e+16
8.69874e+16
8.55262e+16
8.41624e+16
8.36096e+16
8.24314e+16
8.02075e+16
7.91453e+16
7.76191e+16
7.62654e+16
7.35143e+16
7.19651e+16
7.02795e+16
6.85071e+16
6.58695e+16
6.31962e+16
6.08024e+16
5.80435e+16
5.56893e+16
5.31685e+16
5.01336e+16
4.70329e+16
4.45895e+16
4.16799e+16
3.84168e+16
3.59864e+16
3.25152e+16
2.93638e+16
2.64607e+16
2.29538e+16
1.9566e+16
1.62263e+16
1.25506e+16
9.11032e+15
5.59495e+15
5.5992e+15
9.26557e+15
1.27499e+16
1.64231e+16
1.94981e+16
2.30308e+16
2.64414e+16
2.96881e+16
3.30398e+16
3.59327e+16
3.91846e+16
4.27551e+16
4.54823e+16
4.85236e+16
5.14235e+16
5.41499e+16
5.69169e+16
6.00018e+16
6.21915e+16
6.52242e+16
6.69785e+16
6.98724e+16
7.12462e+16
7.34546e+16
7.56543e+16
7.73715e+16
7.86253e+16
8.03351e+16
8.09621e+16
8.32866e+16
8.40232e+16
8.619e+16
8.6863e+16
8.73268e+16
8.9154e+16
8.92501e+16
8.9533e+16
9.02342e+16
9.12284e+16
9.02654e+16
9.11293e+16
8.99681e+16
9.00822e+16
8.96391e+16
8.91173e+16
8.83201e+16
8.74549e+16
8.65559e+16
8.54901e+16
8.39358e+16
8.2855e+16
8.11411e+16
8.02401e+16
7.84738e+16
7.69366e+16
7.46507e+16
7.32867e+16
7.07798e+16
6.89077e+16
6.62013e+16
6.37481e+16
6.11438e+16
5.899e+16
5.65136e+16
5.34461e+16
5.105e+16
4.80853e+16
4.51783e+16
4.17777e+16
3.91815e+16
3.61484e+16
3.27199e+16
2.9525e+16
2.60571e+16
2.3269e+16
1.97615e+16
1.64947e+16
1.28238e+16
9.2624e+15
5.60528e+15
5.57385e+15
9.3517e+15
1.31567e+16
1.64789e+16
1.98125e+16
2.34088e+16
2.66091e+16
2.99675e+16
3.33521e+16
3.64215e+16
3.94685e+16
4.27379e+16
4.60309e+16
4.91542e+16
5.18017e+16
5.4681e+16
5.71556e+16
5.97176e+16
6.25972e+16
6.58991e+16
6.77067e+16
7.03046e+16
7.22486e+16
7.43239e+16
7.56834e+16
7.7191e+16
7.96734e+16
8.108e+16
8.25973e+16
8.379e+16
8.57594e+16
8.64909e+16
8.76878e+16
8.87625e+16
8.89198e+16
8.96358e+16
9.04804e+16
9.11121e+16
9.14687e+16
9.15015e+16
9.11105e+16
9.13219e+16
9.11651e+16
9.13606e+16
9.00566e+16
8.91344e+16
8.87532e+16
8.80228e+16
8.65163e+16
8.51078e+16
8.4362e+16
8.25221e+16
8.0624e+16
7.90594e+16
7.78703e+16
7.53382e+16
7.3324e+16
7.09638e+16
6.8843e+16
6.67099e+16
6.47338e+16
6.22779e+16
5.92222e+16
5.70797e+16
5.42725e+16
5.13252e+16
4.85629e+16
4.57397e+16
4.26931e+16
3.9158e+16
3.64647e+16
3.31266e+16
2.98245e+16
2.67752e+16
2.3169e+16
2.00962e+16
1.63321e+16
1.28158e+16
9.37984e+15
5.57723e+15
5.69768e+15
9.65859e+15
1.30909e+16
1.67297e+16
2.01003e+16
2.33825e+16
2.69686e+16
2.98438e+16
3.31499e+16
3.64358e+16
3.99599e+16
4.29307e+16
4.65369e+16
4.98411e+16
5.218e+16
5.48939e+16
5.81215e+16
6.06028e+16
6.35926e+16
6.53174e+16
6.8188e+16
7.06159e+16
7.23636e+16
7.46124e+16
7.62055e+16
7.83687e+16
8.02294e+16
8.22968e+16
8.34891e+16
8.37152e+16
8.63898e+16
8.7345e+16
8.85587e+16
8.97445e+16
8.98479e+16
9.02997e+16
9.12523e+16
9.21081e+16
9.19212e+16
9.19316e+16
9.19938e+16
9.17373e+16
9.22818e+16
9.16217e+16
9.08726e+16
9.02126e+16
8.95036e+16
8.87782e+16
8.69456e+16
8.66499e+16
8.48066e+16
8.34693e+16
8.14724e+16
7.99673e+16
7.83319e+16
7.62995e+16
7.41209e+16
7.2268e+16
6.92962e+16
6.78249e+16
6.49566e+16
6.27972e+16
6.01546e+16
5.74424e+16
5.49099e+16
5.22307e+16
4.88575e+16
4.6408e+16
4.28441e+16
4.01883e+16
3.68275e+16
3.35035e+16
3.02555e+16
2.66849e+16
2.35816e+16
1.9985e+16
1.65241e+16
1.31841e+16
9.5133e+15
5.56622e+15
5.8458e+15
9.71065e+15
1.32421e+16
1.66653e+16
2.03554e+16
2.37161e+16
2.70943e+16
3.0444e+16
3.41223e+16
3.71872e+16
4.00916e+16
4.33352e+16
4.64328e+16
4.96545e+16
5.2835e+16
5.53417e+16
5.82832e+16
6.11923e+16
6.41194e+16
6.58907e+16
6.88969e+16
7.07821e+16
7.29179e+16
7.55132e+16
7.76123e+16
7.92776e+16
8.04228e+16
8.24227e+16
8.41583e+16
8.49667e+16
8.6451e+16
8.84624e+16
8.88125e+16
9.03604e+16
9.08234e+16
9.16115e+16
9.2397e+16
9.28283e+16
9.2876e+16
9.30893e+16
9.29543e+16
9.25092e+16
9.20689e+16
9.17994e+16
9.16828e+16
9.08119e+16
9.04744e+16
8.8858e+16
8.75151e+16
8.67582e+16
8.57797e+16
8.41853e+16
8.25425e+16
8.02823e+16
7.92812e+16
7.73309e+16
7.48162e+16
7.27407e+16
7.01764e+16
6.78764e+16
6.59001e+16
6.28331e+16
6.07568e+16
5.7388e+16
5.50796e+16
5.23494e+16
4.95115e+16
4.64874e+16
4.33188e+16
4.0424e+16
3.69991e+16
3.38757e+16
3.04159e+16
2.69026e+16
2.36196e+16
2.03632e+16
1.68055e+16
1.33419e+16
9.49225e+15
5.80882e+15
5.81686e+15
9.69475e+15
1.35671e+16
1.70653e+16
2.03214e+16
2.39439e+16
2.72988e+16
3.06936e+16
3.42258e+16
3.72382e+16
4.03865e+16
4.39669e+16
4.67841e+16
4.98835e+16
5.3118e+16
5.62007e+16
5.90499e+16
6.16686e+16
6.34255e+16
6.64483e+16
6.88204e+16
7.09929e+16
7.3136e+16
7.57532e+16
7.77471e+16
7.94467e+16
8.15609e+16
8.3038e+16
8.5001e+16
8.52566e+16
8.71744e+16
8.91831e+16
8.99963e+16
9.1287e+16
9.16177e+16
9.21857e+16
9.26472e+16
9.35194e+16
9.38411e+16
9.38908e+16
9.32862e+16
9.33609e+16
9.25628e+16
9.19621e+16
9.21891e+16
9.12578e+16
9.04604e+16
8.94294e+16
8.8358e+16
8.72582e+16
8.58521e+16
8.44817e+16
8.25974e+16
8.1098e+16
7.96607e+16
7.71186e+16
7.52665e+16
7.27142e+16
7.08121e+16
6.87e+16
6.5826e+16
6.38966e+16
6.07141e+16
5.83066e+16
5.50984e+16
5.2498e+16
5.02476e+16
4.69156e+16
4.3442e+16
4.02647e+16
3.72538e+16
3.42474e+16
3.08097e+16
2.69902e+16
2.35378e+16
2.05131e+16
1.69536e+16
1.33287e+16
9.69112e+15
5.76091e+15
5.88003e+15
9.60605e+15
1.34711e+16
1.69432e+16
2.07916e+16
2.40063e+16
2.75234e+16
3.12508e+16
3.40902e+16
3.77346e+16
4.1058e+16
4.44955e+16
4.72646e+16
5.03125e+16
5.28551e+16
5.63035e+16
5.90549e+16
6.22183e+16
6.40499e+16
6.68754e+16
6.89331e+16
7.13162e+16
7.40548e+16
7.62084e+16
7.81875e+16
7.94244e+16
8.12772e+16
8.3346e+16
8.50679e+16
8.64481e+16
8.80885e+16
8.91071e+16
9.01426e+16
9.10074e+16
9.18895e+16
9.22266e+16
9.30508e+16
9.38132e+16
9.42253e+16
9.3826e+16
9.39051e+16
9.31916e+16
9.30941e+16
9.21596e+16
9.2136e+16
9.15637e+16
9.077e+16
8.97701e+16
8.80294e+16
8.74341e+16
8.58893e+16
8.44539e+16
8.29425e+16
8.12223e+16
7.9263e+16
7.76449e+16
7.51969e+16
7.31535e+16
7.13248e+16
6.91369e+16
6.63757e+16
6.37092e+16
6.11162e+16
5.82347e+16
5.56572e+16
5.2905e+16
4.98395e+16
4.66225e+16
4.39396e+16
4.01544e+16
3.73406e+16
3.40054e+16
3.09453e+16
2.76349e+16
2.37921e+16
2.05084e+16
1.69372e+16
1.32269e+16
9.72609e+15
5.71692e+15
5.8538e+15
9.64615e+15
1.34097e+16
1.7186e+16
2.05671e+16
2.42437e+16
2.75547e+16
3.1135e+16
3.42547e+16
3.80047e+16
4.10224e+16
4.38196e+16
4.69835e+16
5.00693e+16
5.27187e+16
5.63844e+16
5.91196e+16
6.16858e+16
6.43429e+16
6.71149e+16
6.99269e+16
7.15307e+16
7.40441e+16
7.62544e+16
7.83164e+16
7.98892e+16
8.18035e+16
8.36876e+16
8.50229e+16
8.67405e+16
8.78284e+16
8.92815e+16
9.07005e+16
9.18172e+16
9.19986e+16
9.29699e+16
9.31445e+16
9.35313e+16
9.41279e+16
9.39485e+16
9.43402e+16
9.38814e+16
9.36536e+16
9.32247e+16
9.23111e+16
9.16862e+16
9.16868e+16
9.04791e+16
8.85262e+16
8.79003e+16
8.67793e+16
8.52022e+16
8.34501e+16
8.16508e+16
7.93809e+16
7.78489e+16
7.58211e+16
7.32581e+16
7.1235e+16
6.92041e+16
6.69602e+16
6.36506e+16
6.16327e+16
5.81847e+16
5.59258e+16
5.32744e+16
5.00025e+16
4.71547e+16
4.40349e+16
4.05008e+16
3.7458e+16
3.42635e+16
3.07732e+16
2.76941e+16
2.41183e+16
2.0534e+16
1.71688e+16
1.34013e+16
9.73092e+15
5.81967e+15
5.86397e+15
9.9404e+15
1.33382e+16
1.71582e+16
2.08828e+16
2.44253e+16
2.76393e+16
3.11186e+16
3.46159e+16
3.79074e+16
4.09636e+16
4.42728e+16
4.75889e+16
5.00525e+16
5.30766e+16
5.63836e+16
5.9026e+16
6.17833e+16
6.45301e+16
6.69584e+16
6.94289e+16
7.18272e+16
7.37547e+16
7.61284e+16
7.80322e+16
8.00347e+16
8.19565e+16
8.35878e+16
8.56148e+16
8.66783e+16
8.74952e+16
8.96251e+16
9.08929e+16
9.10043e+16
9.18249e+16
9.28718e+16
9.35513e+16
9.36851e+16
9.44386e+16
9.39301e+16
9.41625e+16
9.41844e+16
9.36031e+16
9.34197e+16
9.23715e+16
9.22942e+16
9.14143e+16
8.9756e+16
8.8977e+16
8.73649e+16
8.65543e+16
8.49411e+16
8.3076e+16
8.17976e+16
7.98514e+16
7.77761e+16
7.54419e+16
7.36779e+16
7.13107e+16
6.91e+16
6.62163e+16
6.39294e+16
6.11767e+16
5.86785e+16
5.57356e+16
5.28762e+16
4.9685e+16
4.71995e+16
4.41585e+16
4.04245e+16
3.73106e+16
3.42573e+16
3.09138e+16
2.7342e+16
2.3968e+16
2.04018e+16
1.70648e+16
1.32556e+16
9.71586e+15
5.65365e+15
5.91048e+15
9.58759e+15
1.33419e+16
1.69846e+16
2.05965e+16
2.41318e+16
2.75086e+16
3.12246e+16
3.46521e+16
3.78739e+16
4.09888e+16
4.41009e+16
4.74561e+16
5.02995e+16
5.31403e+16
5.60067e+16
5.8439e+16
6.11071e+16
6.3904e+16
6.64527e+16
6.89357e+16
7.16458e+16
7.37742e+16
7.6059e+16
7.81799e+16
8.0329e+16
8.20042e+16
8.42553e+16
8.57478e+16
8.72365e+16
8.83467e+16
8.99028e+16
9.05043e+16
9.1856e+16
9.15732e+16
9.21748e+16
9.30746e+16
9.3762e+16
9.40532e+16
9.42919e+16
9.40254e+16
9.38387e+16
9.32427e+16
9.32395e+16
9.24127e+16
9.15472e+16
9.12943e+16
9.02031e+16
8.89924e+16
8.80098e+16
8.6178e+16
8.50387e+16
8.33319e+16
8.16479e+16
7.96571e+16
7.82308e+16
7.59872e+16
7.3906e+16
7.11341e+16
6.88907e+16
6.65547e+16
6.41154e+16
6.1282e+16
5.89019e+16
5.58904e+16
5.325e+16
5.036e+16
4.70015e+16
4.38274e+16
4.1051e+16
3.76214e+16
3.40261e+16
3.11488e+16
2.76408e+16
2.41674e+16
2.05683e+16
1.68816e+16
1.31461e+16
9.77044e+15
5.5885e+15
5.86788e+15
9.67572e+15
1.34068e+16
1.68521e+16
2.05179e+16
2.41688e+16
2.72827e+16
3.09424e+16
3.44005e+16
3.80602e+16
4.09699e+16
4.40411e+16
4.67807e+16
5.00816e+16
5.34274e+16
5.59539e+16
5.84432e+16
6.15023e+16
6.36131e+16
6.63096e+16
6.96515e+16
7.1184e+16
7.40317e+16
7.59767e+16
7.79324e+16
8.01825e+16
8.19387e+16
8.37316e+16
8.54662e+16
8.65573e+16
8.79752e+16
8.86374e+16
9.01816e+16
9.16771e+16
9.23509e+16
9.28937e+16
9.3161e+16
9.32875e+16
9.33741e+16
9.39382e+16
9.39416e+16
9.35534e+16
9.33975e+16
9.25399e+16
9.1813e+16
9.17055e+16
9.10657e+16
8.97748e+16
8.83242e+16
8.75937e+16
8.66926e+16
8.52631e+16
8.3202e+16
8.16822e+16
7.97239e+16
7.7986e+16
7.56753e+16
7.33729e+16
7.07879e+16
6.88658e+16
6.66261e+16
6.36997e+16
6.13731e+16
5.85721e+16
5.59435e+16
5.29519e+16
5.00901e+16
4.69228e+16
4.3607e+16
4.10078e+16
3.7618e+16
3.3983e+16
3.07165e+16
2.74584e+16
2.41851e+16
2.0796e+16
1.72735e+16
1.32665e+16
9.54689e+15
5.76566e+15
5.67865e+15
9.81619e+15
1.32964e+16
1.69166e+16
2.06626e+16
2.40841e+16
2.76893e+16
3.1178e+16
3.42552e+16
3.78999e+16
4.08153e+16
4.42053e+16
4.76269e+16
4.99416e+16
5.31541e+16
5.5865e+16
5.87469e+16
6.13531e+16
6.34134e+16
6.68217e+16
6.94144e+16
7.19908e+16
7.4147e+16
7.59091e+16
7.80128e+16
7.98596e+16
8.17965e+16
8.26981e+16
8.4672e+16
8.62089e+16
8.83809e+16
8.89703e+16
8.98492e+16
9.13508e+16
9.16456e+16
9.30501e+16
9.34848e+16
9.34975e+16
9.36982e+16
9.38647e+16
9.35491e+16
9.37476e+16
9.28481e+16
9.2846e+16
9.24673e+16
9.1749e+16
9.07719e+16
8.99184e+16
8.78502e+16
8.75837e+16
8.62381e+16
8.46026e+16
8.28637e+16
8.10581e+16
7.92758e+16
7.7521e+16
7.49328e+16
7.32371e+16
7.1197e+16
6.89735e+16
6.66112e+16
6.368e+16
6.10884e+16
5.79138e+16
5.53831e+16
5.2871e+16
4.98487e+16
4.67466e+16
4.42054e+16
4.04084e+16
3.75537e+16
3.41941e+16
3.09934e+16
2.74607e+16
2.42167e+16
2.04994e+16
1.71109e+16
1.33296e+16
9.61757e+15
5.97055e+15
5.91483e+15
9.7816e+15
1.33945e+16
1.68792e+16
2.03609e+16
2.39188e+16
2.74199e+16
3.05481e+16
3.40304e+16
3.72557e+16
4.0814e+16
4.39537e+16
4.69716e+16
5.0309e+16
5.28376e+16
5.57996e+16
5.81793e+16
6.08921e+16
6.3788e+16
6.63683e+16
6.84933e+16
7.14784e+16
7.34797e+16
7.52493e+16
7.71807e+16
7.94118e+16
8.10181e+16
8.286e+16
8.44365e+16
8.63302e+16
8.74849e+16
8.84054e+16
8.93927e+16
9.05805e+16
9.16449e+16
9.24231e+16
9.28362e+16
9.29418e+16
9.2985e+16
9.26977e+16
9.37367e+16
9.29416e+16
9.2587e+16
9.26245e+16
9.14973e+16
9.10884e+16
9.0565e+16
8.91321e+16
8.84794e+16
8.63673e+16
8.56028e+16
8.38004e+16
8.31866e+16
8.10672e+16
7.94811e+16
7.63503e+16
7.50468e+16
7.25791e+16
7.09058e+16
6.86705e+16
6.63635e+16
6.34189e+16
6.04684e+16
5.78683e+16
5.55685e+16
5.24279e+16
4.89895e+16
4.64778e+16
4.36994e+16
4.05953e+16
3.70906e+16
3.3426e+16
3.04747e+16
2.75115e+16
2.39063e+16
2.03806e+16
1.67568e+16
1.33212e+16
9.63881e+15
5.88794e+15
5.89805e+15
9.68831e+15
1.33247e+16
1.67793e+16
2.03109e+16
2.3701e+16
2.70312e+16
3.05617e+16
3.35723e+16
3.68192e+16
4.01659e+16
4.31028e+16
4.67492e+16
4.98369e+16
5.24262e+16
5.55745e+16
5.82145e+16
6.11717e+16
6.31076e+16
6.56675e+16
6.841e+16
7.03626e+16
7.28089e+16
7.50804e+16
7.69694e+16
7.87598e+16
8.0873e+16
8.24871e+16
8.39081e+16
8.53771e+16
8.71723e+16
8.82254e+16
8.89651e+16
8.93693e+16
9.07232e+16
9.14272e+16
9.19954e+16
9.2908e+16
9.29205e+16
9.23697e+16
9.2662e+16
9.19955e+16
9.19657e+16
9.18791e+16
9.16276e+16
9.08588e+16
8.98359e+16
8.8597e+16
8.71959e+16
8.62119e+16
8.49979e+16
8.2993e+16
8.176e+16
8.03416e+16
7.89772e+16
7.59458e+16
7.45663e+16
7.21074e+16
6.97666e+16
6.81918e+16
6.58538e+16
6.32721e+16
5.98646e+16
5.77149e+16
5.46197e+16
5.25199e+16
4.95522e+16
4.64265e+16
4.34144e+16
4.01047e+16
3.67018e+16
3.39213e+16
3.06936e+16
2.72104e+16
2.38285e+16
2.0305e+16
1.67914e+16
1.32392e+16
9.70196e+15
5.68556e+15
5.89294e+15
9.54667e+15
1.31037e+16
1.66988e+16
2.0264e+16
2.34066e+16
2.70221e+16
3.01395e+16
3.31201e+16
3.69069e+16
3.97691e+16
4.30591e+16
4.63545e+16
4.90915e+16
5.26408e+16
5.48084e+16
5.77391e+16
6.0988e+16
6.28526e+16
6.53989e+16
6.7468e+16
6.95253e+16
7.17603e+16
7.45142e+16
7.63455e+16
7.83856e+16
8.00573e+16
8.14069e+16
8.3561e+16
8.56793e+16
8.65921e+16
8.77313e+16
8.88149e+16
8.91102e+16
8.99587e+16
9.03044e+16
9.11977e+16
9.14489e+16
9.13724e+16
9.12768e+16
9.14494e+16
9.14143e+16
9.13992e+16
9.10454e+16
9.09653e+16
8.98986e+16
8.95402e+16
8.84107e+16
8.65025e+16
8.5406e+16
8.40891e+16
8.23538e+16
8.13481e+16
7.92343e+16
7.78669e+16
7.58896e+16
7.41033e+16
7.15353e+16
6.99384e+16
6.73769e+16
6.48083e+16
6.26047e+16
5.99624e+16
5.73785e+16
5.44751e+16
5.17871e+16
4.87528e+16
4.59339e+16
4.31741e+16
4.0219e+16
3.66234e+16
3.35327e+16
3.00776e+16
2.69553e+16
2.38494e+16
2.01701e+16
1.66853e+16
1.33808e+16
9.55906e+15
5.65385e+15
5.67959e+15
9.45919e+15
1.29633e+16
1.65445e+16
2.00905e+16
2.33276e+16
2.68806e+16
3.02296e+16
3.32009e+16
3.63284e+16
3.93324e+16
4.26804e+16
4.6135e+16
4.84739e+16
5.18694e+16
5.47582e+16
5.73371e+16
5.96736e+16
6.26693e+16
6.46792e+16
6.68746e+16
6.95083e+16
7.10609e+16
7.34564e+16
7.58208e+16
7.74782e+16
7.91737e+16
8.10394e+16
8.23239e+16
8.40511e+16
8.57282e+16
8.66723e+16
8.78086e+16
8.85801e+16
8.93034e+16
9.02428e+16
9.05844e+16
9.11014e+16
9.05977e+16
9.06047e+16
9.06163e+16
9.10792e+16
9.05881e+16
9.02326e+16
8.94455e+16
8.86113e+16
8.80528e+16
8.70858e+16
8.53897e+16
8.47504e+16
8.31664e+16
8.17052e+16
8.05321e+16
7.91438e+16
7.69686e+16
7.47103e+16
7.30057e+16
7.13105e+16
6.85295e+16
6.66435e+16
6.42568e+16
6.18503e+16
5.92941e+16
5.67264e+16
5.37803e+16
5.12326e+16
4.83942e+16
4.56688e+16
4.27264e+16
3.92237e+16
3.67188e+16
3.32008e+16
2.99346e+16
2.65709e+16
2.32226e+16
1.99843e+16
1.64917e+16
1.28617e+16
9.49712e+15
5.6347e+15
5.60471e+15
9.24017e+15
1.26656e+16
1.64632e+16
1.95759e+16
2.30894e+16
2.65412e+16
2.95392e+16
3.27399e+16
3.62526e+16
3.8934e+16
4.22002e+16
4.54682e+16
4.79984e+16
5.10016e+16
5.41185e+16
5.62179e+16
5.91504e+16
6.14492e+16
6.35881e+16
6.62843e+16
6.81948e+16
7.04443e+16
7.27509e+16
7.45707e+16
7.65119e+16
7.86333e+16
8.02494e+16
8.20846e+16
8.31913e+16
8.47483e+16
8.54164e+16
8.73815e+16
8.79401e+16
8.80704e+16
8.93297e+16
8.93552e+16
8.97177e+16
8.94629e+16
9.00178e+16
8.9564e+16
8.95455e+16
8.92781e+16
8.91933e+16
8.86967e+16
8.71973e+16
8.66705e+16
8.56337e+16
8.47681e+16
8.38704e+16
8.26281e+16
8.10052e+16
7.88781e+16
7.78242e+16
7.57492e+16
7.40752e+16
7.18693e+16
7.07512e+16
6.81411e+16
6.60441e+16
6.36972e+16
6.07954e+16
5.83985e+16
5.59682e+16
5.31898e+16
5.05953e+16
4.7408e+16
4.47136e+16
4.18818e+16
3.85201e+16
3.60894e+16
3.26821e+16
2.93873e+16
2.61448e+16
2.2796e+16
1.95165e+16
1.62457e+16
1.28037e+16
9.30972e+15
5.61715e+15
5.5479e+15
8.86543e+15
1.26069e+16
1.56034e+16
1.95499e+16
2.27859e+16
2.5954e+16
2.89487e+16
3.24552e+16
3.55749e+16
3.84685e+16
4.16531e+16
4.44885e+16
4.75002e+16
5.04546e+16
5.30851e+16
5.57681e+16
5.83751e+16
6.0912e+16
6.28026e+16
6.55568e+16
6.67684e+16
6.94498e+16
7.19708e+16
7.35684e+16
7.53744e+16
7.71531e+16
7.88892e+16
8.04231e+16
8.19883e+16
8.34545e+16
8.46526e+16
8.54432e+16
8.62798e+16
8.68485e+16
8.80447e+16
8.80846e+16
8.81702e+16
8.79253e+16
8.83266e+16
8.87451e+16
8.86514e+16
8.79614e+16
8.77249e+16
8.70223e+16
8.60195e+16
8.52327e+16
8.44865e+16
8.39201e+16
8.21562e+16
8.08109e+16
7.98757e+16
7.82791e+16
7.66189e+16
7.47849e+16
7.35129e+16
7.15343e+16
6.98111e+16
6.74964e+16
6.51139e+16
6.21271e+16
6.01657e+16
5.81774e+16
5.54855e+16
5.29098e+16
5.01001e+16
4.69586e+16
4.34883e+16
4.15464e+16
3.84741e+16
3.56128e+16
3.21892e+16
2.89061e+16
2.58923e+16
2.25074e+16
1.93344e+16
1.60356e+16
1.24375e+16
9.05478e+15
5.58209e+15
5.28657e+15
8.92175e+15
1.24482e+16
1.58092e+16
1.94171e+16
2.23271e+16
2.52474e+16
2.86887e+16
3.17694e+16
3.48127e+16
3.79343e+16
4.04945e+16
4.43354e+16
4.71524e+16
4.92349e+16
5.22104e+16
5.45648e+16
5.81147e+16
5.98753e+16
6.19984e+16
6.40646e+16
6.64197e+16
6.85726e+16
7.06708e+16
7.28615e+16
7.41858e+16
7.58651e+16
7.73167e+16
7.88161e+16
8.0505e+16
8.22687e+16
8.24951e+16
8.33282e+16
8.48511e+16
8.54307e+16
8.58048e+16
8.62261e+16
8.72392e+16
8.69695e+16
8.68169e+16
8.69654e+16
8.69039e+16
8.61866e+16
8.64674e+16
8.58178e+16
8.53634e+16
8.39898e+16
8.2975e+16
8.18311e+16
8.09067e+16
7.95388e+16
7.87802e+16
7.70842e+16
7.5267e+16
7.37214e+16
7.1963e+16
7.03046e+16
6.77691e+16
6.61765e+16
6.35274e+16
6.14528e+16
5.93537e+16
5.65175e+16
5.42327e+16
5.18509e+16
4.90611e+16
4.61706e+16
4.34088e+16
4.05102e+16
3.77549e+16
3.48409e+16
3.16652e+16
2.83184e+16
2.5174e+16
2.21149e+16
1.91342e+16
1.57737e+16
1.23121e+16
9.04166e+15
5.4751e+15
5.2873e+15
8.77836e+15
1.19267e+16
1.56483e+16
1.86173e+16
2.1859e+16
2.51676e+16
2.79825e+16
3.10466e+16
3.43698e+16
3.71474e+16
4.00867e+16
4.32257e+16
4.55811e+16
4.90209e+16
5.12859e+16
5.3746e+16
5.6423e+16
5.8906e+16
6.09486e+16
6.31354e+16
6.52117e+16
6.70323e+16
6.93928e+16
7.1059e+16
7.29697e+16
7.44846e+16
7.60938e+16
7.73357e+16
7.91021e+16
8.01208e+16
8.08329e+16
8.32168e+16
8.33022e+16
8.43144e+16
8.45586e+16
8.52874e+16
8.50424e+16
8.54063e+16
8.55153e+16
8.50383e+16
8.5284e+16
8.49528e+16
8.45844e+16
8.49076e+16
8.26417e+16
8.2292e+16
8.15763e+16
8.02112e+16
7.93077e+16
7.78543e+16
7.63106e+16
7.55584e+16
7.3893e+16
7.23362e+16
7.08059e+16
6.85651e+16
6.63088e+16
6.50206e+16
6.24052e+16
6.06766e+16
5.89031e+16
5.60136e+16
5.31703e+16
5.12518e+16
4.82963e+16
4.57477e+16
4.26843e+16
3.98122e+16
3.72326e+16
3.39361e+16
3.10892e+16
2.78727e+16
2.48204e+16
2.16183e+16
1.86249e+16
1.55231e+16
1.23736e+16
8.93654e+15
5.24128e+15
5.13531e+15
8.5627e+15
1.19332e+16
1.49607e+16
1.83094e+16
2.11475e+16
2.42968e+16
2.75989e+16
3.02519e+16
3.33351e+16
3.6061e+16
3.8961e+16
4.19138e+16
4.47628e+16
4.70934e+16
5.06529e+16
5.30035e+16
5.57722e+16
5.75226e+16
5.93487e+16
6.10954e+16
6.33265e+16
6.56549e+16
6.73861e+16
6.91698e+16
7.12524e+16
7.32214e+16
7.40704e+16
7.58067e+16
7.72912e+16
7.86406e+16
8.04361e+16
8.10672e+16
8.12156e+16
8.25515e+16
8.25234e+16
8.31737e+16
8.3545e+16
8.37075e+16
8.42595e+16
8.39948e+16
8.33542e+16
8.28999e+16
8.19649e+16
8.20437e+16
8.15388e+16
8.01528e+16
7.98583e+16
7.87624e+16
7.80194e+16
7.69942e+16
7.52048e+16
7.39192e+16
7.28222e+16
7.07514e+16
6.9343e+16
6.77143e+16
6.57179e+16
6.35145e+16
6.0991e+16
5.89344e+16
5.67559e+16
5.45947e+16
5.20263e+16
4.98051e+16
4.72406e+16
4.45004e+16
4.1973e+16
3.93291e+16
3.63017e+16
3.33257e+16
3.02123e+16
2.74495e+16
2.43915e+16
2.12731e+16
1.83305e+16
1.52111e+16
1.18805e+16
8.57844e+15
5.16021e+15
5.05951e+15
8.28597e+15
1.15447e+16
1.46442e+16
1.76611e+16
2.06966e+16
2.38132e+16
2.67486e+16
2.94479e+16
3.24421e+16
3.55456e+16
3.80691e+16
4.08433e+16
4.3608e+16
4.62683e+16
4.89967e+16
5.10137e+16
5.40131e+16
5.62226e+16
5.80796e+16
6.01132e+16
6.21556e+16
6.40054e+16
6.57742e+16
6.75173e+16
6.98249e+16
7.07187e+16
7.2379e+16
7.4191e+16
7.54338e+16
7.6941e+16
7.76293e+16
7.87339e+16
7.95633e+16
8.06443e+16
8.09803e+16
8.16447e+16
8.16361e+16
8.22928e+16
8.16031e+16
8.15292e+16
8.17816e+16
8.05144e+16
8.03801e+16
8.00115e+16
7.9433e+16
7.91612e+16
7.80079e+16
7.72713e+16
7.6483e+16
7.45803e+16
7.29656e+16
7.25e+16
7.07489e+16
6.91182e+16
6.76221e+16
6.60693e+16
6.4308e+16
6.20814e+16
5.97092e+16
5.77082e+16
5.56726e+16
5.32746e+16
5.10678e+16
4.8312e+16
4.62211e+16
4.3284e+16
4.03425e+16
3.7968e+16
3.52617e+16
3.23157e+16
2.95716e+16
2.65269e+16
2.38411e+16
2.0767e+16
1.76962e+16
1.47744e+16
1.13272e+16
8.14866e+15
4.93265e+15
4.88814e+15
8.27491e+15
1.13045e+16
1.43076e+16
1.72016e+16
2.07034e+16
2.33796e+16
2.60263e+16
2.89482e+16
3.17527e+16
3.45923e+16
3.70595e+16
3.99363e+16
4.26514e+16
4.52055e+16
4.72157e+16
4.99579e+16
5.25652e+16
5.47863e+16
5.6609e+16
5.88045e+16
6.06196e+16
6.26595e+16
6.45272e+16
6.62739e+16
6.80739e+16
6.88594e+16
7.11127e+16
7.21137e+16
7.38027e+16
7.48032e+16
7.53987e+16
7.62477e+16
7.76548e+16
7.81232e+16
7.87304e+16
7.8613e+16
7.92996e+16
7.975e+16
7.9365e+16
7.96719e+16
7.93809e+16
7.88619e+16
7.86714e+16
7.7815e+16
7.79385e+16
7.70157e+16
7.58866e+16
7.49254e+16
7.42224e+16
7.27886e+16
7.17771e+16
7.04102e+16
6.90636e+16
6.75674e+16
6.61227e+16
6.44036e+16
6.25412e+16
6.03943e+16
5.8572e+16
5.58789e+16
5.41305e+16
5.19472e+16
4.93741e+16
4.70614e+16
4.46376e+16
4.1999e+16
3.92929e+16
3.74306e+16
3.42026e+16
3.18971e+16
2.89388e+16
2.61452e+16
2.30537e+16
2.01823e+16
1.73078e+16
1.43835e+16
1.13272e+16
8.13105e+15
4.82396e+15
4.78544e+15
7.85909e+15
1.0953e+16
1.38181e+16
1.66452e+16
1.97406e+16
2.23661e+16
2.50789e+16
2.81304e+16
3.06498e+16
3.34112e+16
3.61909e+16
3.87078e+16
4.15541e+16
4.40327e+16
4.61689e+16
4.8959e+16
5.10751e+16
5.35128e+16
5.50677e+16
5.72095e+16
5.89141e+16
6.05484e+16
6.22006e+16
6.42174e+16
6.61126e+16
6.74376e+16
6.86692e+16
6.99727e+16
7.13766e+16
7.23526e+16
7.37035e+16
7.43505e+16
7.46891e+16
7.56046e+16
7.63987e+16
7.60173e+16
7.70363e+16
7.75048e+16
7.70006e+16
7.71896e+16
7.72321e+16
7.64915e+16
7.57656e+16
7.62536e+16
7.52985e+16
7.43659e+16
7.41166e+16
7.30825e+16
7.1772e+16
7.10175e+16
6.96645e+16
6.80997e+16
6.66196e+16
6.53195e+16
6.39296e+16
6.21785e+16
6.04189e+16
5.83589e+16
5.66104e+16
5.44872e+16
5.26247e+16
5.05586e+16
4.81707e+16
4.58099e+16
4.31621e+16
4.08556e+16
3.84267e+16
3.56961e+16
3.33714e+16
3.08782e+16
2.83016e+16
2.53468e+16
2.27419e+16
1.97958e+16
1.68826e+16
1.38791e+16
1.0844e+16
7.79796e+15
4.5792e+15
4.55783e+15
7.69876e+15
1.08592e+16
1.35189e+16
1.64916e+16
1.93292e+16
2.19197e+16
2.44891e+16
2.72403e+16
2.97555e+16
3.23934e+16
3.48619e+16
3.74455e+16
4.03066e+16
4.18548e+16
4.46187e+16
4.72738e+16
4.97934e+16
5.19127e+16
5.34686e+16
5.53486e+16
5.65783e+16
5.85635e+16
6.04361e+16
6.21202e+16
6.33135e+16
6.4657e+16
6.66661e+16
6.81232e+16
6.90432e+16
6.99331e+16
7.07897e+16
7.12796e+16
7.22568e+16
7.32956e+16
7.37163e+16
7.3811e+16
7.44091e+16
7.44539e+16
7.47628e+16
7.45736e+16
7.48878e+16
7.41061e+16
7.37813e+16
7.32092e+16
7.30049e+16
7.24063e+16
7.1676e+16
7.09424e+16
6.94284e+16
6.85854e+16
6.71075e+16
6.60319e+16
6.49028e+16
6.31176e+16
6.19863e+16
6.03269e+16
5.84615e+16
5.67491e+16
5.43503e+16
5.30795e+16
5.07818e+16
4.88349e+16
4.66371e+16
4.4532e+16
4.16611e+16
3.96492e+16
3.73254e+16
3.44484e+16
3.22021e+16
2.9559e+16
2.68774e+16
2.46089e+16
2.18059e+16
1.92687e+16
1.61554e+16
1.32633e+16
1.0392e+16
7.66111e+15
4.56757e+15
4.36502e+15
7.5254e+15
1.03338e+16
1.30202e+16
1.57317e+16
1.84029e+16
2.11068e+16
2.36053e+16
2.62072e+16
2.88142e+16
3.15874e+16
3.37471e+16
3.64821e+16
3.86451e+16
4.10252e+16
4.35789e+16
4.54388e+16
4.74497e+16
4.96388e+16
5.17148e+16
5.30651e+16
5.45492e+16
5.70046e+16
5.8107e+16
5.97155e+16
6.13185e+16
6.25213e+16
6.37737e+16
6.5205e+16
6.61649e+16
6.80463e+16
6.74844e+16
6.95235e+16
7.04376e+16
7.015e+16
7.09937e+16
7.18464e+16
7.22342e+16
7.22128e+16
7.19693e+16
7.17475e+16
7.17887e+16
7.12803e+16
7.12563e+16
7.02983e+16
6.98568e+16
7.0172e+16
6.89086e+16
6.77837e+16
6.68819e+16
6.60006e+16
6.49899e+16
6.37995e+16
6.26768e+16
6.11147e+16
5.9715e+16
5.81855e+16
5.68043e+16
5.44056e+16
5.3081e+16
5.1182e+16
4.89525e+16
4.67107e+16
4.49029e+16
4.2525e+16
4.05139e+16
3.84907e+16
3.57781e+16
3.33658e+16
3.10343e+16
2.87798e+16
2.6094e+16
2.36005e+16
2.09972e+16
1.84728e+16
1.58708e+16
1.28765e+16
1.0133e+16
7.32029e+15
4.473e+15
4.26684e+15
7.10726e+15
9.87782e+15
1.2461e+16
1.52136e+16
1.75371e+16
2.02563e+16
2.28153e+16
2.52582e+16
2.76647e+16
2.99248e+16
3.24796e+16
3.49557e+16
3.67877e+16
3.92445e+16
4.12369e+16
4.34906e+16
4.55996e+16
4.72943e+16
4.87804e+16
5.10608e+16
5.23936e+16
5.45708e+16
5.55544e+16
5.75161e+16
5.88026e+16
6.02506e+16
6.1218e+16
6.27026e+16
6.32006e+16
6.44587e+16
6.55578e+16
6.64192e+16
6.66791e+16
6.73267e+16
6.78843e+16
6.81002e+16
6.84298e+16
6.91976e+16
6.94745e+16
6.8846e+16
6.87259e+16
6.84266e+16
6.82291e+16
6.74426e+16
6.75807e+16
6.66523e+16
6.64132e+16
6.52739e+16
6.47523e+16
6.37386e+16
6.18286e+16
6.08138e+16
5.98467e+16
5.87595e+16
5.71616e+16
5.5577e+16
5.4355e+16
5.25384e+16
5.09137e+16
4.86954e+16
4.70806e+16
4.49885e+16
4.28414e+16
4.07121e+16
3.8466e+16
3.64579e+16
3.40777e+16
3.21451e+16
2.96342e+16
2.73943e+16
2.51713e+16
2.25465e+16
2.01639e+16
1.76941e+16
1.5023e+16
1.22955e+16
9.63408e+15
7.02933e+15
4.18337e+15
4.07879e+15
6.80696e+15
9.43722e+15
1.1913e+16
1.43851e+16
1.68415e+16
1.92916e+16
2.16509e+16
2.44001e+16
2.64628e+16
2.85984e+16
3.08781e+16
3.3155e+16
3.54345e+16
3.75761e+16
3.95169e+16
4.14656e+16
4.36996e+16
4.5242e+16
4.71598e+16
4.89353e+16
5.0699e+16
5.18463e+16
5.31088e+16
5.52001e+16
5.64488e+16
5.74955e+16
5.87191e+16
5.98357e+16
6.12393e+16
6.18136e+16
6.28919e+16
6.3179e+16
6.37638e+16
6.46628e+16
6.48067e+16
6.51873e+16
6.54847e+16
6.59027e+16
6.59845e+16
6.60899e+16
6.55643e+16
6.54452e+16
6.4879e+16
6.45186e+16
6.40376e+16
6.35035e+16
6.30473e+16
6.24064e+16
6.18859e+16
6.06598e+16
5.96116e+16
5.86645e+16
5.72149e+16
5.60297e+16
5.46791e+16
5.33335e+16
5.12424e+16
5.03046e+16
4.80649e+16
4.66735e+16
4.52904e+16
4.28454e+16
4.09146e+16
3.90027e+16
3.70461e+16
3.48776e+16
3.29832e+16
3.02691e+16
2.85435e+16
2.62385e+16
2.4161e+16
2.16245e+16
1.90452e+16
1.67006e+16
1.42623e+16
1.18435e+16
9.32614e+15
6.71216e+15
4.11167e+15
3.82005e+15
6.58998e+15
8.97446e+15
1.12486e+16
1.35365e+16
1.56934e+16
1.82764e+16
2.06271e+16
2.30095e+16
2.50448e+16
2.73657e+16
2.96959e+16
3.16676e+16
3.36095e+16
3.57021e+16
3.75696e+16
3.95786e+16
4.16202e+16
4.28501e+16
4.4571e+16
4.65031e+16
4.8419e+16
4.9363e+16
5.09541e+16
5.26245e+16
5.38774e+16
5.47655e+16
5.58899e+16
5.67321e+16
5.82321e+16
5.86957e+16
5.99465e+16
6.02716e+16
6.05397e+16
6.13205e+16
6.20902e+16
6.23201e+16
6.23149e+16
6.23531e+16
6.1888e+16
6.2428e+16
6.27305e+16
6.24122e+16
6.1947e+16
6.17001e+16
6.07777e+16
6.05519e+16
5.97043e+16
5.92927e+16
5.79485e+16
5.79524e+16
5.68768e+16
5.57556e+16
5.4631e+16
5.38009e+16
5.23398e+16
5.08119e+16
4.89848e+16
4.75873e+16
4.57045e+16
4.46652e+16
4.28672e+16
4.12083e+16
3.8997e+16
3.73203e+16
3.53119e+16
3.33864e+16
3.09932e+16
2.89997e+16
2.72767e+16
2.50337e+16
2.2516e+16
2.04041e+16
1.82469e+16
1.57879e+16
1.34028e+16
1.11716e+16
8.69624e+15
6.523e+15
3.92283e+15
3.64567e+15
6.19989e+15
8.70257e+15
1.09424e+16
1.276e+16
1.50249e+16
1.7496e+16
1.94828e+16
2.17122e+16
2.37161e+16
2.56598e+16
2.79479e+16
2.98376e+16
3.18074e+16
3.39759e+16
3.55397e+16
3.73942e+16
3.90729e+16
4.10635e+16
4.24524e+16
4.39062e+16
4.51486e+16
4.69382e+16
4.8358e+16
4.97893e+16
5.08757e+16
5.15782e+16
5.27325e+16
5.37327e+16
5.47244e+16
5.56892e+16
5.6454e+16
5.74204e+16
5.72615e+16
5.84138e+16
5.89076e+16
5.91049e+16
5.89559e+16
5.88123e+16
5.88618e+16
5.91856e+16
5.90466e+16
5.87525e+16
5.87949e+16
5.83e+16
5.77555e+16
5.72641e+16
5.63894e+16
5.58482e+16
5.49644e+16
5.45066e+16
5.36219e+16
5.2601e+16
5.11615e+16
5.01722e+16
4.88685e+16
4.79322e+16
4.6571e+16
4.48074e+16
4.3322e+16
4.2261e+16
4.07712e+16
3.90182e+16
3.68647e+16
3.50447e+16
3.33544e+16
3.1462e+16
2.97043e+16
2.7299e+16
2.5562e+16
2.34858e+16
2.13154e+16
1.95707e+16
1.7292e+16
1.50618e+16
1.26874e+16
1.04552e+16
8.45419e+15
6.18063e+15
3.5302e+15
3.4408e+15
5.82441e+15
7.94798e+15
1.02972e+16
1.22895e+16
1.40806e+16
1.63427e+16
1.8285e+16
2.03185e+16
2.21763e+16
2.43458e+16
2.60622e+16
2.81208e+16
3.05103e+16
3.18247e+16
3.32993e+16
3.49837e+16
3.67008e+16
3.82648e+16
3.97591e+16
4.12785e+16
4.22395e+16
4.4223e+16
4.54807e+16
4.72334e+16
4.76659e+16
4.86756e+16
4.98978e+16
5.04611e+16
5.16753e+16
5.22541e+16
5.28017e+16
5.34967e+16
5.39995e+16
5.47111e+16
5.47374e+16
5.51369e+16
5.54761e+16
5.52452e+16
5.58899e+16
5.57361e+16
5.56085e+16
5.52431e+16
5.45877e+16
5.46448e+16
5.42921e+16
5.38064e+16
5.35375e+16
5.23434e+16
5.22367e+16
5.13582e+16
5.05371e+16
4.90954e+16
4.8382e+16
4.73349e+16
4.592e+16
4.50548e+16
4.37373e+16
4.205e+16
4.08405e+16
3.97036e+16
3.82608e+16
3.69239e+16
3.43705e+16
3.27061e+16
3.13476e+16
2.9755e+16
2.78264e+16
2.60899e+16
2.42327e+16
2.22982e+16
2.02765e+16
1.79737e+16
1.61297e+16
1.40687e+16
1.1913e+16
9.83693e+15
7.96925e+15
5.78587e+15
3.4446e+15
3.10902e+15
5.40406e+15
7.55845e+15
9.54334e+15
1.1264e+16
1.32506e+16
1.5288e+16
1.70301e+16
1.91969e+16
2.09039e+16
2.28773e+16
2.45631e+16
2.62678e+16
2.79937e+16
2.95224e+16
3.11722e+16
3.26012e+16
3.42599e+16
3.56428e+16
3.69457e+16
3.8694e+16
3.97871e+16
4.08803e+16
4.26203e+16
4.35239e+16
4.44326e+16
4.55078e+16
4.63081e+16
4.72534e+16
4.80155e+16
4.81959e+16
4.90404e+16
4.99636e+16
5.04182e+16
5.05615e+16
5.09446e+16
5.15417e+16
5.20191e+16
5.16984e+16
5.17607e+16
5.19688e+16
5.21531e+16
5.16326e+16
5.12948e+16
5.11105e+16
5.11823e+16
5.03507e+16
4.96847e+16
4.95017e+16
4.85334e+16
4.80558e+16
4.70416e+16
4.61897e+16
4.48956e+16
4.36871e+16
4.30706e+16
4.22991e+16
4.09446e+16
3.94258e+16
3.8161e+16
3.66149e+16
3.57164e+16
3.41284e+16
3.28802e+16
3.08065e+16
2.93928e+16
2.78659e+16
2.60117e+16
2.45651e+16
2.26834e+16
2.04372e+16
1.86805e+16
1.68909e+16
1.50177e+16
1.31792e+16
1.12094e+16
9.1546e+15
7.30195e+15
5.3829e+15
3.30088e+15
2.97007e+15
4.9549e+15
7.10263e+15
8.85082e+15
1.053e+16
1.24149e+16
1.40715e+16
1.5882e+16
1.77258e+16
1.90246e+16
2.11662e+16
2.29017e+16
2.44425e+16
2.58045e+16
2.73486e+16
2.8613e+16
3.00936e+16
3.13224e+16
3.29658e+16
3.42818e+16
3.563e+16
3.69871e+16
3.77435e+16
3.91849e+16
3.97816e+16
4.10297e+16
4.16746e+16
4.25476e+16
4.33714e+16
4.39204e+16
4.4781e+16
4.52058e+16
4.5851e+16
4.6529e+16
4.70226e+16
4.73347e+16
4.77929e+16
4.76918e+16
4.78869e+16
4.79335e+16
4.8326e+16
4.83854e+16
4.79072e+16
4.76123e+16
4.70117e+16
4.66824e+16
4.62092e+16
4.61993e+16
4.53948e+16
4.44578e+16
4.41405e+16
4.33803e+16
4.2264e+16
4.14472e+16
4.06031e+16
3.97673e+16
3.89951e+16
3.78463e+16
3.63783e+16
3.51595e+16
3.43135e+16
3.27373e+16
3.13484e+16
3.01254e+16
2.87587e+16
2.73793e+16
2.58985e+16
2.42221e+16
2.24793e+16
2.08351e+16
1.91761e+16
1.74041e+16
1.56864e+16
1.40214e+16
1.21128e+16
1.03159e+16
8.48212e+15
6.72101e+15
4.88115e+15
2.93443e+15
2.72795e+15
4.58994e+15
6.41391e+15
8.14459e+15
9.55136e+15
1.1382e+16
1.29951e+16
1.45719e+16
1.60931e+16
1.78786e+16
1.94223e+16
2.0856e+16
2.22195e+16
2.33989e+16
2.48272e+16
2.63082e+16
2.77582e+16
2.87883e+16
3.02834e+16
3.12353e+16
3.28156e+16
3.39676e+16
3.47141e+16
3.58179e+16
3.66776e+16
3.74066e+16
3.85901e+16
3.88811e+16
3.98179e+16
4.05464e+16
4.11945e+16
4.16258e+16
4.22499e+16
4.30848e+16
4.286e+16
4.35372e+16
4.40502e+16
4.44092e+16
4.44156e+16
4.43384e+16
4.38271e+16
4.40981e+16
4.38451e+16
4.34162e+16
4.35276e+16
4.30213e+16
4.23461e+16
4.21765e+16
4.14552e+16
4.10062e+16
4.0418e+16
3.99956e+16
3.89883e+16
3.82621e+16
3.7529e+16
3.64968e+16
3.56253e+16
3.46884e+16
3.36855e+16
3.25015e+16
3.15376e+16
2.98834e+16
2.87373e+16
2.76895e+16
2.6352e+16
2.47715e+16
2.34416e+16
2.18699e+16
2.05074e+16
1.90674e+16
1.75445e+16
1.59267e+16
1.42904e+16
1.26272e+16
1.11079e+16
9.52752e+15
7.84394e+15
6.15459e+15
4.53489e+15
2.62163e+15
2.43676e+15
4.17275e+15
5.72004e+15
7.24643e+15
8.77103e+15
1.00571e+16
1.16324e+16
1.30661e+16
1.46659e+16
1.58997e+16
1.74546e+16
1.86155e+16
2.00515e+16
2.12221e+16
2.2531e+16
2.39501e+16
2.52038e+16
2.6146e+16
2.72043e+16
2.85794e+16
2.9505e+16
3.04175e+16
3.13359e+16
3.22758e+16
3.31961e+16
3.36134e+16
3.49312e+16
3.55449e+16
3.60145e+16
3.68143e+16
3.69844e+16
3.75196e+16
3.80821e+16
3.86076e+16
3.8871e+16
3.93754e+16
4.00631e+16
3.98624e+16
3.93876e+16
3.96628e+16
3.98556e+16
3.9734e+16
3.97845e+16
3.94823e+16
3.91106e+16
3.90147e+16
3.86042e+16
3.83057e+16
3.76987e+16
3.73434e+16
3.66875e+16
3.5915e+16
3.52133e+16
3.4805e+16
3.39994e+16
3.31875e+16
3.22798e+16
3.14702e+16
3.07152e+16
2.92041e+16
2.847e+16
2.72541e+16
2.62838e+16
2.49941e+16
2.37997e+16
2.26305e+16
2.13208e+16
1.99091e+16
1.85905e+16
1.73073e+16
1.59107e+16
1.46457e+16
1.31176e+16
1.14176e+16
1.02201e+16
8.42204e+15
7.05037e+15
5.67524e+15
4.05745e+15
2.33356e+15
2.08989e+15
3.66854e+15
5.03254e+15
6.47036e+15
7.84639e+15
9.14507e+15
1.05406e+16
1.17571e+16
1.30106e+16
1.4206e+16
1.56182e+16
1.65374e+16
1.78875e+16
1.91696e+16
2.02547e+16
2.14028e+16
2.23187e+16
2.34559e+16
2.44672e+16
2.51252e+16
2.62949e+16
2.71491e+16
2.82887e+16
2.90284e+16
2.95942e+16
3.01822e+16
3.10237e+16
3.16163e+16
3.21084e+16
3.24994e+16
3.30837e+16
3.34762e+16
3.42045e+16
3.41279e+16
3.45936e+16
3.48767e+16
3.50149e+16
3.53387e+16
3.56035e+16
3.54028e+16
3.54812e+16
3.54119e+16
3.53569e+16
3.52747e+16
3.51993e+16
3.47226e+16
3.45228e+16
3.39414e+16
3.37864e+16
3.33434e+16
3.26702e+16
3.2047e+16
3.14755e+16
3.07707e+16
3.0027e+16
2.97452e+16
2.90663e+16
2.83717e+16
2.72585e+16
2.63371e+16
2.53892e+16
2.44762e+16
2.30462e+16
2.19644e+16
2.09418e+16
2.00439e+16
1.88377e+16
1.77331e+16
1.63019e+16
1.53982e+16
1.41064e+16
1.27846e+16
1.16836e+16
1.03618e+16
8.91675e+15
7.84228e+15
6.1988e+15
5.08833e+15
3.55948e+15
2.1833e+15
1.98482e+15
3.20817e+15
4.36061e+15
5.7305e+15
6.73509e+15
7.90771e+15
9.29759e+15
1.02379e+16
1.14181e+16
1.23847e+16
1.32607e+16
1.48068e+16
1.5737e+16
1.65036e+16
1.7661e+16
1.84643e+16
1.97237e+16
2.05844e+16
2.10985e+16
2.19238e+16
2.31094e+16
2.39009e+16
2.46456e+16
2.52804e+16
2.5684e+16
2.65632e+16
2.71127e+16
2.76408e+16
2.81565e+16
2.85292e+16
2.87733e+16
2.91691e+16
2.97082e+16
3.00856e+16
3.00979e+16
3.07654e+16
3.04533e+16
3.09943e+16
3.1218e+16
3.14549e+16
3.16571e+16
3.14909e+16
3.09489e+16
3.11548e+16
3.07974e+16
3.11558e+16
3.0278e+16
2.99562e+16
2.9723e+16
2.92977e+16
2.86937e+16
2.79823e+16
2.76335e+16
2.70216e+16
2.67161e+16
2.57895e+16
2.526e+16
2.47366e+16
2.38894e+16
2.30058e+16
2.21935e+16
2.15348e+16
2.02148e+16
1.95832e+16
1.83286e+16
1.76368e+16
1.67717e+16
1.56072e+16
1.43782e+16
1.35486e+16
1.24711e+16
1.12476e+16
1.00765e+16
8.97315e+15
7.80373e+15
6.79823e+15
5.52283e+15
4.2749e+15
3.17686e+15
1.87724e+15
1.66816e+15
2.6975e+15
3.90078e+15
4.83606e+15
5.85522e+15
6.86961e+15
7.76165e+15
8.70716e+15
9.5143e+15
1.05293e+16
1.14433e+16
1.23856e+16
1.3232e+16
1.41186e+16
1.49106e+16
1.56019e+16
1.6356e+16
1.7362e+16
1.8256e+16
1.89859e+16
1.95334e+16
2.02752e+16
2.08335e+16
2.14242e+16
2.21406e+16
2.25868e+16
2.29969e+16
2.37882e+16
2.40928e+16
2.45129e+16
2.47236e+16
2.49979e+16
2.53684e+16
2.5537e+16
2.58325e+16
2.59998e+16
2.62163e+16
2.6188e+16
2.67467e+16
2.67483e+16
2.65014e+16
2.67795e+16
2.64308e+16
2.62954e+16
2.63002e+16
2.63287e+16
2.58517e+16
2.56445e+16
2.52559e+16
2.48152e+16
2.45384e+16
2.3784e+16
2.34764e+16
2.30992e+16
2.25396e+16
2.19627e+16
2.15715e+16
2.09962e+16
2.01995e+16
1.95824e+16
1.87971e+16
1.83289e+16
1.74661e+16
1.67157e+16
1.57226e+16
1.51122e+16
1.4518e+16
1.34448e+16
1.23249e+16
1.1466e+16
1.05172e+16
9.52596e+15
8.46528e+15
7.72461e+15
6.58241e+15
5.778e+15
4.68723e+15
3.71758e+15
2.67113e+15
1.60998e+15
1.33555e+15
2.29202e+15
3.15772e+15
3.89022e+15
4.65281e+15
5.45429e+15
6.34329e+15
7.14625e+15
7.89839e+15
8.59558e+15
9.37257e+15
1.00325e+16
1.06921e+16
1.1673e+16
1.24432e+16
1.28434e+16
1.34675e+16
1.42349e+16
1.4982e+16
1.5402e+16
1.6158e+16
1.66978e+16
1.6899e+16
1.77113e+16
1.82435e+16
1.88404e+16
1.9121e+16
1.94043e+16
1.96815e+16
2.00041e+16
2.01771e+16
2.04293e+16
2.07635e+16
2.10745e+16
2.13798e+16
2.13502e+16
2.17919e+16
2.17044e+16
2.18122e+16
2.19337e+16
2.1846e+16
2.18385e+16
2.14899e+16
2.18166e+16
2.1649e+16
2.14173e+16
2.11017e+16
2.07355e+16
2.04546e+16
2.06277e+16
1.9755e+16
1.95189e+16
1.91147e+16
1.87747e+16
1.83597e+16
1.80621e+16
1.75825e+16
1.71467e+16
1.6659e+16
1.64045e+16
1.56636e+16
1.51894e+16
1.4298e+16
1.3729e+16
1.29944e+16
1.24043e+16
1.16494e+16
1.10031e+16
1.02744e+16
9.48957e+15
8.61051e+15
7.87289e+15
7.15703e+15
6.30842e+15
5.49574e+15
4.75689e+15
3.9301e+15
3.0362e+15
2.14571e+15
1.34132e+15
1.04607e+15
1.70194e+15
2.3449e+15
3.0031e+15
3.72541e+15
4.45286e+15
5.015e+15
5.6893e+15
6.19755e+15
6.81536e+15
7.39637e+15
7.88252e+15
8.46921e+15
9.01482e+15
9.39796e+15
1.00355e+16
1.05713e+16
1.10362e+16
1.15519e+16
1.19364e+16
1.24424e+16
1.28209e+16
1.31647e+16
1.36172e+16
1.42974e+16
1.46246e+16
1.48603e+16
1.49653e+16
1.54156e+16
1.56231e+16
1.56436e+16
1.59818e+16
1.62875e+16
1.63698e+16
1.66118e+16
1.67975e+16
1.69231e+16
1.70611e+16
1.70809e+16
1.7135e+16
1.69695e+16
1.68651e+16
1.69552e+16
1.67448e+16
1.68591e+16
1.67037e+16
1.63346e+16
1.63412e+16
1.59815e+16
1.56286e+16
1.56993e+16
1.54959e+16
1.48299e+16
1.4679e+16
1.41776e+16
1.37492e+16
1.35938e+16
1.34884e+16
1.29948e+16
1.26831e+16
1.20826e+16
1.15218e+16
1.11766e+16
1.06992e+16
1.00698e+16
9.71609e+15
9.13653e+15
8.49141e+15
8.11382e+15
7.33797e+15
6.78332e+15
6.26602e+15
5.54108e+15
4.7909e+15
4.17241e+15
3.63561e+15
2.99617e+15
2.39873e+15
1.75486e+15
1.00549e+15
7.32771e+14
1.23152e+15
1.69438e+15
2.15607e+15
2.60385e+15
3.10286e+15
3.55826e+15
4.10321e+15
4.37637e+15
4.81691e+15
5.21773e+15
5.57616e+15
5.85835e+15
6.24811e+15
6.68761e+15
7.16135e+15
7.46006e+15
7.7496e+15
8.08059e+15
8.63691e+15
8.80972e+15
9.25879e+15
9.39709e+15
9.7526e+15
9.93613e+15
1.03979e+16
1.05773e+16
1.07472e+16
1.10873e+16
1.09993e+16
1.11632e+16
1.14104e+16
1.1312e+16
1.14278e+16
1.1703e+16
1.16992e+16
1.19596e+16
1.20162e+16
1.2076e+16
1.20556e+16
1.20437e+16
1.20472e+16
1.18759e+16
1.20339e+16
1.17084e+16
1.16027e+16
1.15603e+16
1.1507e+16
1.12772e+16
1.12202e+16
1.09765e+16
1.08798e+16
1.04736e+16
1.01495e+16
1.01497e+16
9.72346e+15
9.64154e+15
9.34541e+15
9.09702e+15
8.86819e+15
8.46988e+15
8.05566e+15
7.80951e+15
7.55765e+15
7.08696e+15
6.7013e+15
6.22362e+15
6.09094e+15
5.6159e+15
5.19387e+15
4.53677e+15
4.20205e+15
3.85048e+15
3.46025e+15
3.107e+15
2.66632e+15
2.07133e+15
1.66977e+15
1.22057e+15
7.35057e+14
3.93442e+14
7.05097e+14
9.87496e+14
1.23457e+15
1.43006e+15
1.7006e+15
1.86912e+15
2.15012e+15
2.38934e+15
2.62554e+15
2.93001e+15
3.14723e+15
3.3403e+15
3.48594e+15
3.63613e+15
3.99668e+15
4.23284e+15
4.31975e+15
4.63823e+15
4.79679e+15
5.04423e+15
4.9884e+15
5.24188e+15
5.38361e+15
5.48637e+15
5.7292e+15
5.85858e+15
5.88765e+15
6.09247e+15
6.12245e+15
6.33292e+15
6.33007e+15
6.31134e+15
6.46477e+15
6.57637e+15
6.58436e+15
6.61955e+15
6.78267e+15
6.59447e+15
6.74763e+15
6.69447e+15
6.67648e+15
6.50136e+15
6.56774e+15
6.47744e+15
6.45308e+15
6.33999e+15
6.35602e+15
6.27339e+15
6.10545e+15
6.08481e+15
5.91067e+15
5.90244e+15
5.76023e+15
5.57814e+15
5.38675e+15
5.27306e+15
5.27591e+15
5.02828e+15
4.91691e+15
4.79846e+15
4.54734e+15
4.37314e+15
4.09604e+15
3.92023e+15
3.76419e+15
3.53228e+15
3.32227e+15
3.20333e+15
2.86471e+15
2.62579e+15
2.45427e+15
2.18343e+15
1.96422e+15
1.72462e+15
1.47123e+15
1.21975e+15
9.34343e+14
6.73337e+14
4.34797e+14
)
;

boundaryField
{
    movingWall
    {
        type            fixedValue;
        value           uniform 0;
    }
    fixedWalls
    {
        type            fixedValue;
        value           uniform 0;
    }
    frontAndBack
    {
        type            empty;
    }
}


// ************************************************************************* //
