/*--------------------------------*- C++ -*----------------------------------*\
  =========                 |
  \\      /  F ield         | OpenFOAM: The Open Source CFD Toolbox
   \\    /   O peration     | Website:  https://openfoam.org
    \\  /    A nd           | Version:  6
     \\/     M anipulation  |
\*---------------------------------------------------------------------------*/
FoamFile
{
    version     2.0;
    format      ascii;
    class       volScalarField;
    location    "600";
    object      dnp5;
}
// * * * * * * * * * * * * * * * * * * * * * * * * * * * * * * * * * * * * * //

dimensions      [0 -3 0 0 0 0 0];

internalField   nonuniform List<scalar> 
6400
(
4.04901e+14
8.88939e+14
1.29158e+15
1.6695e+15
2.03685e+15
2.37917e+15
2.6862e+15
3.04411e+15
3.38464e+15
3.68804e+15
3.97506e+15
4.34119e+15
4.63191e+15
4.9031e+15
5.25513e+15
5.55808e+15
5.86897e+15
6.07928e+15
6.36443e+15
6.58433e+15
6.86651e+15
7.06902e+15
7.1891e+15
7.39445e+15
7.65247e+15
7.78932e+15
7.99832e+15
8.14521e+15
8.34219e+15
8.48092e+15
8.71912e+15
8.70309e+15
8.84711e+15
8.91371e+15
9.01438e+15
9.00753e+15
9.15022e+15
9.11638e+15
9.13942e+15
9.12106e+15
9.25532e+15
9.17102e+15
9.18744e+15
9.0234e+15
8.93798e+15
8.88732e+15
8.89726e+15
8.79818e+15
8.65797e+15
8.64701e+15
8.48979e+15
8.45683e+15
8.21455e+15
8.0207e+15
7.80627e+15
7.61782e+15
7.40929e+15
7.23618e+15
6.99e+15
6.73745e+15
6.46742e+15
6.22442e+15
5.95881e+15
5.68689e+15
5.47131e+15
5.18215e+15
4.93154e+15
4.57682e+15
4.34271e+15
4.0397e+15
3.72205e+15
3.37967e+15
3.00855e+15
2.70545e+15
2.36877e+15
2.06556e+15
1.68296e+15
1.31113e+15
9.39006e+14
4.12772e+14
9.56419e+14
2.17147e+15
3.21594e+15
4.18406e+15
5.01852e+15
5.87012e+15
6.65044e+15
7.5224e+15
8.41633e+15
9.07304e+15
9.82271e+15
1.06411e+16
1.14898e+16
1.21382e+16
1.29895e+16
1.37961e+16
1.44387e+16
1.50811e+16
1.56675e+16
1.62975e+16
1.68455e+16
1.74597e+16
1.78075e+16
1.83256e+16
1.89448e+16
1.93622e+16
1.98287e+16
2.02358e+16
2.07177e+16
2.09293e+16
2.12975e+16
2.14965e+16
2.19162e+16
2.19476e+16
2.21831e+16
2.2341e+16
2.25314e+16
2.25701e+16
2.26446e+16
2.26618e+16
2.27757e+16
2.27723e+16
2.26376e+16
2.23714e+16
2.2122e+16
2.1987e+16
2.19473e+16
2.16541e+16
2.14858e+16
2.12966e+16
2.10414e+16
2.07476e+16
2.03559e+16
1.98355e+16
1.93066e+16
1.88034e+16
1.8301e+16
1.78357e+16
1.73481e+16
1.66707e+16
1.59934e+16
1.53835e+16
1.47145e+16
1.40121e+16
1.35131e+16
1.28845e+16
1.21417e+16
1.13844e+16
1.0645e+16
1.0021e+16
9.21786e+15
8.36234e+15
7.45773e+15
6.69489e+15
5.88066e+15
5.01106e+15
4.15027e+15
3.21813e+15
2.29093e+15
9.67514e+14
1.41039e+15
3.25817e+15
4.77612e+15
6.22306e+15
7.42138e+15
8.66854e+15
9.88655e+15
1.11581e+16
1.24528e+16
1.34763e+16
1.45608e+16
1.57293e+16
1.69619e+16
1.80567e+16
1.93356e+16
2.04361e+16
2.1362e+16
2.23076e+16
2.32862e+16
2.42275e+16
2.5022e+16
2.59225e+16
2.64698e+16
2.72827e+16
2.81483e+16
2.88171e+16
2.9481e+16
3.02269e+16
3.06736e+16
3.10326e+16
3.15597e+16
3.20342e+16
3.23854e+16
3.26714e+16
3.2985e+16
3.32915e+16
3.35148e+16
3.35714e+16
3.34472e+16
3.35454e+16
3.35959e+16
3.36503e+16
3.34859e+16
3.32186e+16
3.28692e+16
3.26114e+16
3.24505e+16
3.21345e+16
3.18138e+16
3.15376e+16
3.11716e+16
3.06632e+16
3.01349e+16
2.94286e+16
2.8684e+16
2.7958e+16
2.71562e+16
2.65272e+16
2.57513e+16
2.47987e+16
2.37426e+16
2.2892e+16
2.18939e+16
2.08242e+16
2.00089e+16
1.91039e+16
1.80239e+16
1.69549e+16
1.57954e+16
1.48444e+16
1.37134e+16
1.24991e+16
1.11405e+16
1.00462e+16
8.73546e+15
7.44235e+15
6.20842e+15
4.79266e+15
3.32283e+15
1.42317e+15
1.8047e+15
4.22349e+15
6.22117e+15
8.02839e+15
9.64254e+15
1.12411e+16
1.28261e+16
1.44175e+16
1.61024e+16
1.75268e+16
1.88955e+16
2.03563e+16
2.1793e+16
2.34448e+16
2.49053e+16
2.62737e+16
2.75392e+16
2.87625e+16
3.00653e+16
3.12049e+16
3.24085e+16
3.34168e+16
3.42806e+16
3.53816e+16
3.6394e+16
3.72975e+16
3.7896e+16
3.87575e+16
3.94669e+16
4.00355e+16
4.07512e+16
4.12286e+16
4.16494e+16
4.21525e+16
4.25211e+16
4.29128e+16
4.32324e+16
4.33613e+16
4.3291e+16
4.3352e+16
4.34295e+16
4.34183e+16
4.31311e+16
4.26966e+16
4.24073e+16
4.2092e+16
4.18152e+16
4.15427e+16
4.11329e+16
4.06328e+16
4.00999e+16
3.94628e+16
3.88044e+16
3.8014e+16
3.71272e+16
3.6209e+16
3.52443e+16
3.42046e+16
3.31522e+16
3.20769e+16
3.07671e+16
2.95025e+16
2.82097e+16
2.69788e+16
2.58863e+16
2.46114e+16
2.33232e+16
2.20309e+16
2.04748e+16
1.91005e+16
1.76304e+16
1.60712e+16
1.4448e+16
1.28735e+16
1.12531e+16
9.58795e+15
7.98612e+15
6.20022e+15
4.20467e+15
1.80612e+15
2.18796e+15
5.21943e+15
7.53257e+15
9.69788e+15
1.16461e+16
1.36511e+16
1.55738e+16
1.75134e+16
1.94264e+16
2.12625e+16
2.30097e+16
2.46414e+16
2.64134e+16
2.84219e+16
3.02286e+16
3.18135e+16
3.33859e+16
3.48668e+16
3.62698e+16
3.77604e+16
3.90918e+16
4.03745e+16
4.15896e+16
4.28914e+16
4.41503e+16
4.52161e+16
4.60699e+16
4.69651e+16
4.77869e+16
4.85819e+16
4.91693e+16
4.97814e+16
5.04324e+16
5.08717e+16
5.14535e+16
5.18997e+16
5.23347e+16
5.27001e+16
5.27267e+16
5.27691e+16
5.27081e+16
5.26346e+16
5.23231e+16
5.18518e+16
5.14159e+16
5.12541e+16
5.09017e+16
5.04041e+16
4.99841e+16
4.92467e+16
4.85622e+16
4.76617e+16
4.70079e+16
4.63143e+16
4.52198e+16
4.40979e+16
4.28973e+16
4.15324e+16
4.0237e+16
3.8999e+16
3.74787e+16
3.57673e+16
3.42464e+16
3.27415e+16
3.13598e+16
2.98985e+16
2.84019e+16
2.67978e+16
2.48453e+16
2.3133e+16
2.12419e+16
1.93287e+16
1.74912e+16
1.5445e+16
1.34594e+16
1.1577e+16
9.62528e+15
7.52421e+15
5.05997e+15
2.16209e+15
2.57108e+15
6.08517e+15
8.88025e+15
1.13939e+16
1.35891e+16
1.59007e+16
1.81779e+16
2.04836e+16
2.26749e+16
2.48253e+16
2.68516e+16
2.88329e+16
3.09674e+16
3.32138e+16
3.52241e+16
3.69891e+16
3.89181e+16
4.06333e+16
4.23388e+16
4.41934e+16
4.57753e+16
4.71954e+16
4.85632e+16
5.00825e+16
5.15131e+16
5.28486e+16
5.39131e+16
5.49221e+16
5.58744e+16
5.67683e+16
5.74056e+16
5.82446e+16
5.90556e+16
5.96946e+16
6.03341e+16
6.08793e+16
6.13782e+16
6.17272e+16
6.18154e+16
6.16401e+16
6.16786e+16
6.15359e+16
6.11871e+16
6.08912e+16
6.05173e+16
6.02197e+16
5.97043e+16
5.9109e+16
5.84583e+16
5.76401e+16
5.68092e+16
5.58655e+16
5.49174e+16
5.39594e+16
5.28462e+16
5.16777e+16
5.02734e+16
4.86447e+16
4.71303e+16
4.57412e+16
4.40403e+16
4.2088e+16
4.02744e+16
3.83833e+16
3.6737e+16
3.5066e+16
3.33513e+16
3.12612e+16
2.90909e+16
2.70534e+16
2.4806e+16
2.25522e+16
2.03268e+16
1.79873e+16
1.56765e+16
1.35218e+16
1.12215e+16
8.80754e+15
5.94022e+15
2.55261e+15
2.91455e+15
6.89641e+15
1.01605e+16
1.30103e+16
1.55185e+16
1.81273e+16
2.07246e+16
2.33189e+16
2.58352e+16
2.83592e+16
3.06515e+16
3.2988e+16
3.54352e+16
3.77838e+16
3.9991e+16
4.22132e+16
4.42833e+16
4.64708e+16
4.85559e+16
5.04764e+16
5.21737e+16
5.38877e+16
5.54096e+16
5.70214e+16
5.87245e+16
6.03803e+16
6.17852e+16
6.27924e+16
6.37423e+16
6.49066e+16
6.57827e+16
6.66515e+16
6.74544e+16
6.82064e+16
6.89932e+16
6.96281e+16
7.02337e+16
7.03989e+16
7.03888e+16
7.04752e+16
7.04873e+16
7.0371e+16
7.00988e+16
6.97795e+16
6.92338e+16
6.88404e+16
6.83963e+16
6.76883e+16
6.68059e+16
6.58604e+16
6.48703e+16
6.39169e+16
6.29164e+16
6.14853e+16
6.02874e+16
5.91855e+16
5.75796e+16
5.57059e+16
5.38667e+16
5.22879e+16
5.03876e+16
4.82586e+16
4.60482e+16
4.39478e+16
4.20242e+16
4.00398e+16
3.82031e+16
3.58303e+16
3.33089e+16
3.095e+16
2.83031e+16
2.57548e+16
2.31871e+16
2.05313e+16
1.78561e+16
1.53648e+16
1.26964e+16
1.00796e+16
6.8917e+15
2.96734e+15
3.26853e+15
7.76784e+15
1.14565e+16
1.46307e+16
1.75167e+16
2.04486e+16
2.33564e+16
2.61347e+16
2.9065e+16
3.18588e+16
3.44666e+16
3.71095e+16
3.99049e+16
4.23879e+16
4.49166e+16
4.74535e+16
4.99202e+16
5.23302e+16
5.44899e+16
5.66347e+16
5.85213e+16
6.0441e+16
6.23625e+16
6.41849e+16
6.59869e+16
6.77181e+16
6.93083e+16
7.04528e+16
7.19637e+16
7.31317e+16
7.39803e+16
7.49386e+16
7.58534e+16
7.671e+16
7.75295e+16
7.81334e+16
7.87957e+16
7.91422e+16
7.92995e+16
7.93287e+16
7.92578e+16
7.90161e+16
7.87755e+16
7.85253e+16
7.77833e+16
7.72068e+16
7.67949e+16
7.59882e+16
7.50952e+16
7.39701e+16
7.29964e+16
7.18589e+16
7.04166e+16
6.90749e+16
6.77072e+16
6.6318e+16
6.46476e+16
6.2835e+16
6.07153e+16
5.85519e+16
5.63911e+16
5.41281e+16
5.17777e+16
4.9388e+16
4.725e+16
4.49854e+16
4.26965e+16
4.01815e+16
3.75154e+16
3.46863e+16
3.18361e+16
2.89407e+16
2.60521e+16
2.30016e+16
2.0122e+16
1.7202e+16
1.42251e+16
1.12913e+16
7.74771e+15
3.30983e+15
3.60168e+15
8.55506e+15
1.27114e+16
1.62391e+16
1.95536e+16
2.26364e+16
2.59239e+16
2.90761e+16
3.21817e+16
3.5327e+16
3.83783e+16
4.11095e+16
4.4231e+16
4.72697e+16
5.0043e+16
5.25094e+16
5.53929e+16
5.82412e+16
6.0534e+16
6.28439e+16
6.50503e+16
6.70856e+16
6.91618e+16
7.13899e+16
7.32629e+16
7.51511e+16
7.68726e+16
7.82501e+16
7.97444e+16
8.11093e+16
8.23458e+16
8.34542e+16
8.45651e+16
8.5334e+16
8.60675e+16
8.68055e+16
8.74772e+16
8.79168e+16
8.81333e+16
8.81172e+16
8.79697e+16
8.77052e+16
8.72794e+16
8.68656e+16
8.6296e+16
8.56058e+16
8.5003e+16
8.42005e+16
8.33852e+16
8.2246e+16
8.09627e+16
7.95953e+16
7.81727e+16
7.67721e+16
7.51776e+16
7.35431e+16
7.16619e+16
6.95601e+16
6.72611e+16
6.49717e+16
6.24472e+16
6.01565e+16
5.76222e+16
5.49767e+16
5.2306e+16
4.98194e+16
4.72406e+16
4.43163e+16
4.13804e+16
3.83336e+16
3.53618e+16
3.21916e+16
2.87936e+16
2.54671e+16
2.2288e+16
1.90963e+16
1.57694e+16
1.24188e+16
8.47273e+15
3.64553e+15
3.97439e+15
9.30133e+15
1.38296e+16
1.77504e+16
2.14246e+16
2.4888e+16
2.84408e+16
3.18405e+16
3.53662e+16
3.88725e+16
4.2296e+16
4.52774e+16
4.83912e+16
5.18529e+16
5.49671e+16
5.79204e+16
6.09651e+16
6.3886e+16
6.65802e+16
6.91898e+16
7.16597e+16
7.38398e+16
7.61851e+16
7.85869e+16
8.07979e+16
8.28721e+16
8.46226e+16
8.62824e+16
8.7893e+16
8.9321e+16
9.06954e+16
9.19106e+16
9.30252e+16
9.39186e+16
9.47982e+16
9.54086e+16
9.60705e+16
9.64153e+16
9.66615e+16
9.68743e+16
9.68025e+16
9.64402e+16
9.60536e+16
9.54983e+16
9.49304e+16
9.42075e+16
9.35188e+16
9.26446e+16
9.16867e+16
9.04925e+16
8.9166e+16
8.76756e+16
8.61308e+16
8.44769e+16
8.26327e+16
8.08057e+16
7.84751e+16
7.61738e+16
7.39342e+16
7.13901e+16
6.86406e+16
6.58076e+16
6.30694e+16
6.03303e+16
5.76358e+16
5.48899e+16
5.17666e+16
4.85409e+16
4.51527e+16
4.19947e+16
3.86914e+16
3.51417e+16
3.13474e+16
2.78658e+16
2.43773e+16
2.09202e+16
1.72489e+16
1.34929e+16
9.26992e+15
3.93509e+15
4.39273e+15
1.01364e+16
1.4978e+16
1.92154e+16
2.3134e+16
2.70733e+16
3.09444e+16
3.46439e+16
3.85491e+16
4.2383e+16
4.62163e+16
4.93446e+16
5.25504e+16
5.62648e+16
5.97715e+16
6.30747e+16
6.63737e+16
6.94968e+16
7.25778e+16
7.55642e+16
7.82158e+16
8.07255e+16
8.30395e+16
8.54277e+16
8.80245e+16
9.03111e+16
9.23083e+16
9.40489e+16
9.58745e+16
9.73337e+16
9.87514e+16
1.00039e+17
1.01295e+17
1.02421e+17
1.03369e+17
1.04066e+17
1.04689e+17
1.05198e+17
1.05459e+17
1.05806e+17
1.05567e+17
1.05224e+17
1.04844e+17
1.04161e+17
1.03498e+17
1.02728e+17
1.02091e+17
1.01131e+17
1.00008e+17
9.87619e+16
9.72946e+16
9.55712e+16
9.38472e+16
9.20446e+16
9.00908e+16
8.78575e+16
8.52957e+16
8.30434e+16
8.05434e+16
7.79356e+16
7.50823e+16
7.19112e+16
6.89977e+16
6.59013e+16
6.28706e+16
5.98078e+16
5.62643e+16
5.26511e+16
4.92085e+16
4.5581e+16
4.19905e+16
3.8169e+16
3.41668e+16
3.03562e+16
2.65676e+16
2.27228e+16
1.86801e+16
1.46392e+16
1.00131e+16
4.24976e+15
4.83587e+15
1.10271e+16
1.61194e+16
2.07409e+16
2.50553e+16
2.92516e+16
3.3453e+16
3.74716e+16
4.14862e+16
4.56923e+16
4.97605e+16
5.3381e+16
5.68386e+16
6.07478e+16
6.45752e+16
6.83609e+16
7.19379e+16
7.52386e+16
7.85276e+16
8.16674e+16
8.46156e+16
8.74913e+16
8.99315e+16
9.27687e+16
9.54669e+16
9.77742e+16
9.99102e+16
1.01775e+17
1.0362e+17
1.05528e+17
1.07163e+17
1.08642e+17
1.09986e+17
1.10963e+17
1.11842e+17
1.12734e+17
1.13476e+17
1.13764e+17
1.13942e+17
1.14244e+17
1.14207e+17
1.13995e+17
1.13445e+17
1.12797e+17
1.12113e+17
1.11442e+17
1.10538e+17
1.09467e+17
1.08341e+17
1.06927e+17
1.05366e+17
1.03546e+17
1.01664e+17
9.97569e+16
9.75442e+16
9.50887e+16
9.25818e+16
8.98577e+16
8.71557e+16
8.45007e+16
8.15522e+16
7.82608e+16
7.49348e+16
7.15348e+16
6.80468e+16
6.44804e+16
6.07909e+16
5.68741e+16
5.30995e+16
4.92229e+16
4.52541e+16
4.12979e+16
3.69532e+16
3.27452e+16
2.86263e+16
2.44442e+16
2.02475e+16
1.57761e+16
1.07729e+16
4.59166e+15
5.16806e+15
1.19156e+16
1.73655e+16
2.22375e+16
2.69499e+16
3.15195e+16
3.59782e+16
4.04822e+16
4.45695e+16
4.90763e+16
5.34375e+16
5.75155e+16
6.14948e+16
6.55148e+16
6.94388e+16
7.35297e+16
7.72243e+16
8.07696e+16
8.43248e+16
8.77401e+16
9.1105e+16
9.43645e+16
9.71454e+16
1.00198e+17
1.03086e+17
1.05424e+17
1.07648e+17
1.0971e+17
1.1177e+17
1.13734e+17
1.1542e+17
1.1691e+17
1.18387e+17
1.19671e+17
1.2048e+17
1.21424e+17
1.21956e+17
1.22347e+17
1.22724e+17
1.229e+17
1.22934e+17
1.22579e+17
1.22267e+17
1.21665e+17
1.21024e+17
1.20149e+17
1.19203e+17
1.18122e+17
1.16786e+17
1.15251e+17
1.13513e+17
1.11545e+17
1.09472e+17
1.07202e+17
1.04871e+17
1.02345e+17
9.96521e+16
9.67736e+16
9.37866e+16
9.08151e+16
8.77236e+16
8.44281e+16
8.06582e+16
7.70434e+16
7.31322e+16
6.92741e+16
6.5291e+16
6.11555e+16
5.72411e+16
5.28858e+16
4.85384e+16
4.42905e+16
3.97241e+16
3.50715e+16
3.07015e+16
2.61479e+16
2.16441e+16
1.68812e+16
1.15745e+16
4.90225e+15
5.48313e+15
1.28082e+16
1.85877e+16
2.37982e+16
2.89259e+16
3.38263e+16
3.84969e+16
4.31693e+16
4.75854e+16
5.25451e+16
5.72209e+16
6.16933e+16
6.61515e+16
7.03592e+16
7.43875e+16
7.86429e+16
8.28642e+16
8.65934e+16
9.05728e+16
9.41792e+16
9.78067e+16
1.00938e+17
1.04187e+17
1.07417e+17
1.10527e+17
1.13189e+17
1.15437e+17
1.17708e+17
1.19736e+17
1.21897e+17
1.23659e+17
1.25432e+17
1.26972e+17
1.28139e+17
1.29039e+17
1.30105e+17
1.30763e+17
1.31254e+17
1.3167e+17
1.31761e+17
1.31765e+17
1.31392e+17
1.3085e+17
1.30116e+17
1.29295e+17
1.28411e+17
1.27497e+17
1.26354e+17
1.24993e+17
1.23288e+17
1.21419e+17
1.19337e+17
1.1695e+17
1.14627e+17
1.12056e+17
1.09305e+17
1.06482e+17
1.03586e+17
1.00287e+17
9.70751e+16
9.37605e+16
9.01003e+16
8.61771e+16
8.21945e+16
7.8035e+16
7.39218e+16
6.98412e+16
6.5651e+16
6.12989e+16
5.66162e+16
5.18729e+16
4.73617e+16
4.25532e+16
3.76249e+16
3.27712e+16
2.80821e+16
2.3005e+16
1.79538e+16
1.23006e+16
5.25684e+15
5.69474e+15
1.35409e+16
1.97268e+16
2.54304e+16
3.08055e+16
3.60945e+16
4.11932e+16
4.60521e+16
5.07903e+16
5.59478e+16
6.07894e+16
6.58089e+16
7.06526e+16
7.51335e+16
7.94745e+16
8.39402e+16
8.8311e+16
9.23291e+16
9.64602e+16
1.00486e+17
1.0429e+17
1.07636e+17
1.11159e+17
1.1459e+17
1.17814e+17
1.2049e+17
1.23192e+17
1.25696e+17
1.27912e+17
1.30149e+17
1.32184e+17
1.33869e+17
1.35462e+17
1.3674e+17
1.37785e+17
1.38631e+17
1.39432e+17
1.39916e+17
1.40398e+17
1.40369e+17
1.40287e+17
1.40019e+17
1.39506e+17
1.38655e+17
1.37897e+17
1.36814e+17
1.35686e+17
1.34437e+17
1.33018e+17
1.31226e+17
1.29182e+17
1.26885e+17
1.24414e+17
1.2186e+17
1.19077e+17
1.16027e+17
1.12981e+17
1.1e+17
1.06601e+17
1.03176e+17
9.95825e+16
9.56774e+16
9.1535e+16
8.7206e+16
8.2985e+16
7.86564e+16
7.43298e+16
6.98467e+16
6.51678e+16
6.01501e+16
5.54072e+16
5.04463e+16
4.53052e+16
4.02591e+16
3.51384e+16
3.00726e+16
2.45853e+16
1.9167e+16
1.3122e+16
5.61082e+15
5.99483e+15
1.43177e+16
2.08791e+16
2.68513e+16
3.25082e+16
3.82567e+16
4.3801e+16
4.90401e+16
5.40064e+16
5.93022e+16
6.46275e+16
6.98865e+16
7.48948e+16
7.98056e+16
8.4575e+16
8.93524e+16
9.37635e+16
9.80788e+16
1.02483e+17
1.06649e+17
1.1076e+17
1.14453e+17
1.18305e+17
1.21942e+17
1.25172e+17
1.28065e+17
1.30896e+17
1.33132e+17
1.35789e+17
1.38088e+17
1.40134e+17
1.42079e+17
1.43651e+17
1.45155e+17
1.46158e+17
1.47178e+17
1.47891e+17
1.48252e+17
1.48735e+17
1.48726e+17
1.4868e+17
1.48559e+17
1.48016e+17
1.47297e+17
1.46446e+17
1.45226e+17
1.43825e+17
1.42344e+17
1.40885e+17
1.3894e+17
1.36718e+17
1.34412e+17
1.31616e+17
1.2872e+17
1.25811e+17
1.22749e+17
1.195e+17
1.16476e+17
1.12826e+17
1.09105e+17
1.05346e+17
1.01374e+17
9.70567e+16
9.2287e+16
8.79926e+16
8.33752e+16
7.86873e+16
7.38739e+16
6.88919e+16
6.38402e+16
5.8663e+16
5.34723e+16
4.8232e+16
4.27888e+16
3.73146e+16
3.19729e+16
2.61149e+16
2.03127e+16
1.38769e+16
5.9102e+15
6.26632e+15
1.51059e+16
2.21005e+16
2.84111e+16
3.42864e+16
4.02589e+16
4.62952e+16
5.19576e+16
5.73592e+16
6.29286e+16
6.8591e+16
7.40806e+16
7.92326e+16
8.45632e+16
8.97199e+16
9.46551e+16
9.93559e+16
1.03953e+17
1.08681e+17
1.12932e+17
1.17172e+17
1.21256e+17
1.25263e+17
1.29003e+17
1.32351e+17
1.35446e+17
1.38448e+17
1.40981e+17
1.43732e+17
1.46114e+17
1.48129e+17
1.50065e+17
1.51642e+17
1.53161e+17
1.54418e+17
1.55435e+17
1.56153e+17
1.56621e+17
1.57124e+17
1.572e+17
1.57062e+17
1.5673e+17
1.56253e+17
1.55472e+17
1.54454e+17
1.53289e+17
1.51788e+17
1.50086e+17
1.48438e+17
1.46399e+17
1.44178e+17
1.4166e+17
1.38851e+17
1.35795e+17
1.32603e+17
1.29386e+17
1.25932e+17
1.22574e+17
1.18897e+17
1.14993e+17
1.10908e+17
1.0662e+17
1.02183e+17
9.73232e+16
9.26456e+16
8.80041e+16
8.29982e+16
7.79694e+16
7.27485e+16
6.73321e+16
6.21244e+16
5.6567e+16
5.08718e+16
4.52812e+16
3.94888e+16
3.36401e+16
2.76317e+16
2.13574e+16
1.46326e+16
6.25728e+15
6.70886e+15
1.59522e+16
2.3251e+16
2.99982e+16
3.63081e+16
4.25493e+16
4.87465e+16
5.48405e+16
6.05543e+16
6.64329e+16
7.2314e+16
7.80496e+16
8.36706e+16
8.9425e+16
9.48165e+16
9.9925e+16
1.05007e+17
1.09777e+17
1.14843e+17
1.19336e+17
1.23582e+17
1.27862e+17
1.31937e+17
1.35887e+17
1.39384e+17
1.42672e+17
1.45927e+17
1.48657e+17
1.51341e+17
1.53943e+17
1.55921e+17
1.57894e+17
1.59724e+17
1.61083e+17
1.62426e+17
1.63602e+17
1.64429e+17
1.64958e+17
1.65236e+17
1.65364e+17
1.65249e+17
1.64969e+17
1.64268e+17
1.63341e+17
1.62458e+17
1.61191e+17
1.59633e+17
1.57913e+17
1.56031e+17
1.5365e+17
1.51238e+17
1.4863e+17
1.45783e+17
1.42698e+17
1.39494e+17
1.36067e+17
1.32404e+17
1.28592e+17
1.24769e+17
1.20572e+17
1.16348e+17
1.11891e+17
1.07188e+17
1.02488e+17
9.75337e+16
9.25681e+16
8.72509e+16
8.19309e+16
7.65842e+16
7.10301e+16
6.55806e+16
5.95113e+16
5.34205e+16
4.75621e+16
4.1569e+16
3.53777e+16
2.90241e+16
2.24206e+16
1.53443e+16
6.59306e+15
7.10149e+15
1.66643e+16
2.44277e+16
3.15178e+16
3.82845e+16
4.48497e+16
5.11749e+16
5.74444e+16
6.35658e+16
6.99108e+16
7.61688e+16
8.2002e+16
8.8164e+16
9.40865e+16
9.96525e+16
1.05078e+17
1.1051e+17
1.15575e+17
1.20723e+17
1.25537e+17
1.30071e+17
1.34561e+17
1.38768e+17
1.42621e+17
1.4639e+17
1.5005e+17
1.53385e+17
1.56434e+17
1.5908e+17
1.61744e+17
1.63895e+17
1.65885e+17
1.67594e+17
1.69038e+17
1.70484e+17
1.71704e+17
1.72749e+17
1.7325e+17
1.73555e+17
1.73629e+17
1.73448e+17
1.7284e+17
1.72119e+17
1.71092e+17
1.70119e+17
1.68756e+17
1.67145e+17
1.65272e+17
1.63252e+17
1.60749e+17
1.58292e+17
1.55554e+17
1.52776e+17
1.49575e+17
1.46155e+17
1.42492e+17
1.38533e+17
1.34473e+17
1.30463e+17
1.2629e+17
1.21935e+17
1.17042e+17
1.12411e+17
1.07548e+17
1.02277e+17
9.69113e+16
9.15287e+16
8.58605e+16
8.04123e+16
7.47505e+16
6.87484e+16
6.23129e+16
5.60673e+16
4.98557e+16
4.34854e+16
3.69342e+16
3.03113e+16
2.35301e+16
1.60983e+16
6.95329e+15
7.46745e+15
1.74993e+16
2.55947e+16
3.30217e+16
3.99529e+16
4.68751e+16
5.34154e+16
5.99664e+16
6.66941e+16
7.35446e+16
7.98732e+16
8.59883e+16
9.25802e+16
9.88505e+16
1.04728e+17
1.104e+17
1.16039e+17
1.21425e+17
1.26647e+17
1.31696e+17
1.36592e+17
1.41056e+17
1.45466e+17
1.49632e+17
1.53684e+17
1.57365e+17
1.60822e+17
1.63974e+17
1.66833e+17
1.69552e+17
1.71536e+17
1.73601e+17
1.75287e+17
1.76806e+17
1.78345e+17
1.79534e+17
1.80483e+17
1.80976e+17
1.81322e+17
1.81323e+17
1.81057e+17
1.80603e+17
1.79766e+17
1.7872e+17
1.77532e+17
1.76068e+17
1.74544e+17
1.72415e+17
1.70115e+17
1.67582e+17
1.64996e+17
1.6228e+17
1.5916e+17
1.55789e+17
1.52307e+17
1.48499e+17
1.44542e+17
1.40413e+17
1.36237e+17
1.31815e+17
1.27038e+17
1.22156e+17
1.17419e+17
1.12501e+17
1.07002e+17
1.01235e+17
9.56498e+16
8.99583e+16
8.39058e+16
7.79873e+16
7.17735e+16
6.50913e+16
5.87327e+16
5.22964e+16
4.54342e+16
3.85816e+16
3.16032e+16
2.46275e+16
1.68841e+16
7.31298e+15
7.88439e+15
1.84409e+16
2.67373e+16
3.43989e+16
4.15402e+16
4.89726e+16
5.59585e+16
6.27681e+16
7.00668e+16
7.69123e+16
8.33694e+16
9.01035e+16
9.68366e+16
1.03586e+17
1.09801e+17
1.15709e+17
1.21639e+17
1.27181e+17
1.3252e+17
1.37761e+17
1.4266e+17
1.47464e+17
1.52167e+17
1.56838e+17
1.60791e+17
1.64367e+17
1.67872e+17
1.71161e+17
1.74127e+17
1.76846e+17
1.79054e+17
1.81225e+17
1.83049e+17
1.8476e+17
1.86118e+17
1.87258e+17
1.8809e+17
1.88582e+17
1.88689e+17
1.88772e+17
1.88476e+17
1.88006e+17
1.87306e+17
1.86041e+17
1.84852e+17
1.83252e+17
1.81531e+17
1.79294e+17
1.76836e+17
1.7419e+17
1.71506e+17
1.68601e+17
1.65397e+17
1.61804e+17
1.58095e+17
1.54341e+17
1.50191e+17
1.46055e+17
1.41617e+17
1.37124e+17
1.32149e+17
1.27118e+17
1.22091e+17
1.17136e+17
1.11498e+17
1.05635e+17
9.98173e+16
9.37747e+16
8.73683e+16
8.11988e+16
7.47236e+16
6.7837e+16
6.11531e+16
5.4395e+16
4.74359e+16
4.02605e+16
3.31304e+16
2.5697e+16
1.75603e+16
7.63201e+15
8.15112e+15
1.92804e+16
2.80913e+16
3.57719e+16
4.33676e+16
5.11109e+16
5.8377e+16
6.56966e+16
7.30355e+16
8.01733e+16
8.70039e+16
9.41419e+16
1.01261e+17
1.08135e+17
1.14701e+17
1.20997e+17
1.27184e+17
1.32944e+17
1.38541e+17
1.43875e+17
1.48913e+17
1.53912e+17
1.58734e+17
1.63555e+17
1.67606e+17
1.7131e+17
1.74938e+17
1.78309e+17
1.81411e+17
1.84294e+17
1.86694e+17
1.88865e+17
1.90652e+17
1.92305e+17
1.93829e+17
1.94955e+17
1.95662e+17
1.95998e+17
1.9624e+17
1.96162e+17
1.95882e+17
1.95431e+17
1.94531e+17
1.93241e+17
1.9166e+17
1.89817e+17
1.87845e+17
1.8564e+17
1.83285e+17
1.80647e+17
1.77793e+17
1.74536e+17
1.71157e+17
1.67455e+17
1.63582e+17
1.59675e+17
1.55481e+17
1.51281e+17
1.4671e+17
1.42098e+17
1.372e+17
1.31996e+17
1.2669e+17
1.21402e+17
1.15671e+17
1.09643e+17
1.03601e+17
9.73069e+16
9.07884e+16
8.43683e+16
7.77302e+16
7.05162e+16
6.36382e+16
5.64363e+16
4.93703e+16
4.19481e+16
3.45053e+16
2.67496e+16
1.83167e+16
7.97718e+15
8.5442e+15
2.01417e+16
2.91802e+16
3.72452e+16
4.53693e+16
5.32534e+16
6.07974e+16
6.83743e+16
7.57849e+16
8.33516e+16
9.06034e+16
9.80981e+16
1.05552e+17
1.12601e+17
1.19578e+17
1.26254e+17
1.32562e+17
1.38634e+17
1.443e+17
1.49765e+17
1.55155e+17
1.60383e+17
1.65395e+17
1.70138e+17
1.74494e+17
1.78478e+17
1.82023e+17
1.85514e+17
1.8879e+17
1.91723e+17
1.94186e+17
1.96424e+17
1.98541e+17
2.00189e+17
2.01454e+17
2.02534e+17
2.0316e+17
2.03609e+17
2.03629e+17
2.03463e+17
2.0305e+17
2.02438e+17
2.01433e+17
2.00083e+17
1.98228e+17
1.96369e+17
1.94127e+17
1.91915e+17
1.89497e+17
1.86744e+17
1.83601e+17
1.8008e+17
1.76498e+17
1.72768e+17
1.68803e+17
1.64551e+17
1.60185e+17
1.55897e+17
1.51313e+17
1.46551e+17
1.41575e+17
1.36303e+17
1.308e+17
1.25492e+17
1.19466e+17
1.1328e+17
1.06988e+17
1.00649e+17
9.39607e+16
8.73373e+16
8.0384e+16
7.32043e+16
6.6115e+16
5.86746e+16
5.1393e+16
4.35957e+16
3.57486e+16
2.77729e+16
1.91026e+16
8.29126e+15
8.88905e+15
2.08769e+16
3.03868e+16
3.89111e+16
4.71378e+16
5.53491e+16
6.31595e+16
7.09755e+16
7.88316e+16
8.68572e+16
9.44478e+16
1.02329e+17
1.09895e+17
1.17076e+17
1.24297e+17
1.3109e+17
1.37762e+17
1.44028e+17
1.49927e+17
1.5568e+17
1.61419e+17
1.66891e+17
1.72076e+17
1.76842e+17
1.81225e+17
1.85375e+17
1.89175e+17
1.92544e+17
1.95757e+17
1.98753e+17
2.01529e+17
2.03754e+17
2.05844e+17
2.07591e+17
2.08856e+17
2.09777e+17
2.10377e+17
2.10831e+17
2.10838e+17
2.10628e+17
2.09944e+17
2.09065e+17
2.07909e+17
2.06541e+17
2.0467e+17
2.02574e+17
2.00189e+17
1.97804e+17
1.9527e+17
1.92223e+17
1.89068e+17
1.85598e+17
1.81925e+17
1.7795e+17
1.73949e+17
1.69575e+17
1.64832e+17
1.60346e+17
1.55705e+17
1.50705e+17
1.45642e+17
1.4035e+17
1.34672e+17
1.29215e+17
1.23223e+17
1.16913e+17
1.10369e+17
1.038e+17
9.70764e+16
9.00666e+16
8.29605e+16
7.58049e+16
6.844e+16
6.0764e+16
5.33127e+16
4.52146e+16
3.71994e+16
2.89044e+16
1.98004e+16
8.43861e+15
9.18064e+15
2.14701e+16
3.14384e+16
4.02417e+16
4.885e+16
5.74002e+16
6.56622e+16
7.37915e+16
8.19802e+16
9.01764e+16
9.81216e+16
1.06215e+17
1.14006e+17
1.21596e+17
1.29045e+17
1.36149e+17
1.42892e+17
1.49184e+17
1.55542e+17
1.61687e+17
1.6765e+17
1.73189e+17
1.78444e+17
1.83273e+17
1.87707e+17
1.91972e+17
1.95907e+17
1.99425e+17
2.02704e+17
2.05858e+17
2.0854e+17
2.10907e+17
2.13009e+17
2.14728e+17
2.16047e+17
2.16977e+17
2.17422e+17
2.17666e+17
2.17604e+17
2.17251e+17
2.16737e+17
2.15914e+17
2.14664e+17
2.12993e+17
2.11054e+17
2.0875e+17
2.06102e+17
2.03448e+17
2.00586e+17
1.97427e+17
1.94144e+17
1.90575e+17
1.86745e+17
1.82764e+17
1.7854e+17
1.74196e+17
1.69351e+17
1.6455e+17
1.59588e+17
1.54442e+17
1.49228e+17
1.43999e+17
1.38162e+17
1.32414e+17
1.26411e+17
1.20197e+17
1.13572e+17
1.06779e+17
9.9897e+16
9.28029e+16
8.55693e+16
7.81682e+16
7.03491e+16
6.27137e+16
5.491e+16
4.66875e+16
3.85284e+16
2.99208e+16
2.04697e+16
8.71052e+15
9.44551e+15
2.20915e+16
3.23715e+16
4.1664e+16
5.05749e+16
5.93929e+16
6.80211e+16
7.65449e+16
8.49151e+16
9.34545e+16
1.0193e+17
1.10155e+17
1.18174e+17
1.26007e+17
1.33629e+17
1.40875e+17
1.47772e+17
1.54383e+17
1.61182e+17
1.67349e+17
1.7328e+17
1.79117e+17
1.84448e+17
1.89439e+17
1.94157e+17
1.98565e+17
2.02666e+17
2.06307e+17
2.09715e+17
2.12893e+17
2.15766e+17
2.18148e+17
2.20016e+17
2.21611e+17
2.2295e+17
2.23771e+17
2.24428e+17
2.24621e+17
2.24465e+17
2.24006e+17
2.23142e+17
2.22049e+17
2.20572e+17
2.18911e+17
2.16689e+17
2.14246e+17
2.11693e+17
2.08907e+17
2.05834e+17
2.02411e+17
1.98755e+17
1.94972e+17
1.90938e+17
1.86833e+17
1.8263e+17
1.78076e+17
1.73276e+17
1.68275e+17
1.63244e+17
1.5792e+17
1.52525e+17
1.47168e+17
1.41376e+17
1.35442e+17
1.29392e+17
1.23065e+17
1.16464e+17
1.0954e+17
1.02545e+17
9.52316e+16
8.79188e+16
8.05445e+16
7.25423e+16
6.47925e+16
5.66235e+16
4.82582e+16
3.97603e+16
3.08776e+16
2.11162e+16
9.04358e+15
9.71799e+15
2.26728e+16
3.33573e+16
4.30893e+16
5.2259e+16
6.12207e+16
7.02114e+16
7.91148e+16
8.79488e+16
9.65692e+16
1.05322e+17
1.13874e+17
1.22164e+17
1.30325e+17
1.38117e+17
1.45457e+17
1.52661e+17
1.59583e+17
1.6647e+17
1.72994e+17
1.79173e+17
1.8502e+17
1.90592e+17
1.9578e+17
2.0072e+17
2.05059e+17
2.09262e+17
2.12975e+17
2.16402e+17
2.1962e+17
2.2241e+17
2.24762e+17
2.26724e+17
2.28205e+17
2.29307e+17
2.30313e+17
2.3079e+17
2.31013e+17
2.3065e+17
2.3003e+17
2.29061e+17
2.27748e+17
2.26118e+17
2.24244e+17
2.2202e+17
2.19369e+17
2.16426e+17
2.1365e+17
2.10267e+17
2.06792e+17
2.03003e+17
1.99053e+17
1.94733e+17
1.90445e+17
1.8608e+17
1.81531e+17
1.76691e+17
1.71729e+17
1.66591e+17
1.61253e+17
1.55788e+17
1.50191e+17
1.44334e+17
1.38161e+17
1.32001e+17
1.25614e+17
1.18827e+17
1.11816e+17
1.04687e+17
9.74304e+16
9.00367e+16
8.2786e+16
7.47718e+16
6.66752e+16
5.83794e+16
4.9824e+16
4.11031e+16
3.18318e+16
2.16712e+16
9.31642e+15
9.96815e+15
2.33233e+16
3.43121e+16
4.439e+16
5.38282e+16
6.30499e+16
7.24406e+16
8.16944e+16
9.08725e+16
9.98752e+16
1.08923e+17
1.17588e+17
1.26232e+17
1.34408e+17
1.42321e+17
1.50077e+17
1.57491e+17
1.64815e+17
1.7185e+17
1.78649e+17
1.8489e+17
1.90815e+17
1.96634e+17
2.02054e+17
2.0699e+17
2.11657e+17
2.15869e+17
2.19587e+17
2.23132e+17
2.26262e+17
2.29114e+17
2.31423e+17
2.33134e+17
2.34521e+17
2.35604e+17
2.36503e+17
2.36797e+17
2.36723e+17
2.36401e+17
2.35768e+17
2.34508e+17
2.32901e+17
2.3118e+17
2.29144e+17
2.26526e+17
2.23726e+17
2.20671e+17
2.17788e+17
2.14357e+17
2.10596e+17
2.06686e+17
2.02583e+17
1.98231e+17
1.9375e+17
1.89122e+17
1.84485e+17
1.79568e+17
1.7449e+17
1.69317e+17
1.63955e+17
1.58353e+17
1.52686e+17
1.46919e+17
1.40784e+17
1.34456e+17
1.28063e+17
1.21186e+17
1.14006e+17
1.0687e+17
9.96499e+16
9.22888e+16
8.47966e+16
7.68139e+16
6.85166e+16
6.01057e+16
5.11747e+16
4.23004e+16
3.27414e+16
2.23121e+16
9.53181e+15
1.02348e+16
2.4029e+16
3.53614e+16
4.56485e+16
5.53831e+16
6.50044e+16
7.47812e+16
8.4376e+16
9.37478e+16
1.03268e+17
1.12424e+17
1.21263e+17
1.30099e+17
1.38463e+17
1.46619e+17
1.54663e+17
1.62324e+17
1.6985e+17
1.77198e+17
1.84061e+17
1.90506e+17
1.96725e+17
2.02746e+17
2.08293e+17
2.13165e+17
2.17848e+17
2.22182e+17
2.259e+17
2.29398e+17
2.3253e+17
2.35218e+17
2.37468e+17
2.39367e+17
2.40808e+17
2.41952e+17
2.42549e+17
2.42718e+17
2.42421e+17
2.41866e+17
2.40939e+17
2.39431e+17
2.37627e+17
2.35634e+17
2.3323e+17
2.30562e+17
2.27774e+17
2.2474e+17
2.21375e+17
2.17791e+17
2.13875e+17
2.09854e+17
2.0552e+17
2.0114e+17
1.96629e+17
1.91838e+17
1.86853e+17
1.81973e+17
1.76842e+17
1.71553e+17
1.66084e+17
1.60433e+17
1.54845e+17
1.49113e+17
1.42977e+17
1.36639e+17
1.3e+17
1.23038e+17
1.16073e+17
1.08744e+17
1.0148e+17
9.41135e+16
8.67086e+16
7.86967e+16
7.03916e+16
6.17019e+16
5.24878e+16
4.34964e+16
3.38142e+16
2.30599e+16
9.82675e+15
1.04914e+16
2.47651e+16
3.6506e+16
4.69389e+16
5.70799e+16
6.715e+16
7.71463e+16
8.71707e+16
9.67458e+16
1.06405e+17
1.1586e+17
1.25e+17
1.34039e+17
1.42471e+17
1.51019e+17
1.59312e+17
1.67201e+17
1.74982e+17
1.82446e+17
1.89469e+17
1.9621e+17
2.02676e+17
2.08819e+17
2.14216e+17
2.19281e+17
2.24101e+17
2.28427e+17
2.32097e+17
2.35648e+17
2.389e+17
2.41447e+17
2.43691e+17
2.45517e+17
2.46909e+17
2.4784e+17
2.48213e+17
2.47978e+17
2.47354e+17
2.46468e+17
2.45289e+17
2.43857e+17
2.41915e+17
2.39589e+17
2.37013e+17
2.34268e+17
2.31285e+17
2.28068e+17
2.24589e+17
2.2072e+17
2.16694e+17
2.12461e+17
2.08116e+17
2.03533e+17
1.98835e+17
1.94015e+17
1.8894e+17
1.83774e+17
1.78585e+17
1.73254e+17
1.67712e+17
1.62113e+17
1.56394e+17
1.50663e+17
1.44621e+17
1.38185e+17
1.31746e+17
1.24942e+17
1.17821e+17
1.10464e+17
1.03249e+17
9.57263e+16
8.82924e+16
8.03521e+16
7.19031e+16
6.29928e+16
5.3737e+16
4.45605e+16
3.45945e+16
2.36137e+16
1.01005e+16
1.07312e+16
2.54867e+16
3.74491e+16
4.83242e+16
5.87723e+16
6.90283e+16
7.93598e+16
8.97125e+16
9.95712e+16
1.0944e+17
1.19217e+17
1.2881e+17
1.37879e+17
1.46694e+17
1.55514e+17
1.63922e+17
1.72061e+17
1.80021e+17
1.87644e+17
1.9488e+17
2.01726e+17
2.0839e+17
2.14435e+17
2.20074e+17
2.25199e+17
2.30005e+17
2.34438e+17
2.38329e+17
2.41977e+17
2.45055e+17
2.47563e+17
2.49563e+17
2.51229e+17
2.52438e+17
2.52858e+17
2.52968e+17
2.52545e+17
2.51806e+17
2.50681e+17
2.49222e+17
2.47597e+17
2.45432e+17
2.43135e+17
2.40455e+17
2.37463e+17
2.34179e+17
2.30649e+17
2.27097e+17
2.23347e+17
2.19207e+17
2.14866e+17
2.10259e+17
2.0555e+17
2.006e+17
1.95582e+17
1.90389e+17
1.85199e+17
1.79992e+17
1.74618e+17
1.69055e+17
1.63307e+17
1.57397e+17
1.51654e+17
1.4566e+17
1.39316e+17
1.32955e+17
1.26362e+17
1.19272e+17
1.1205e+17
1.04916e+17
9.72661e+16
8.96776e+16
8.16596e+16
7.32743e+16
6.42493e+16
5.47521e+16
4.54092e+16
3.5285e+16
2.42128e+16
1.03745e+16
1.09461e+16
2.59622e+16
3.81574e+16
4.94289e+16
6.01306e+16
7.07986e+16
8.15538e+16
9.21205e+16
1.02317e+17
1.12358e+17
1.22381e+17
1.3228e+17
1.41663e+17
1.50905e+17
1.59976e+17
1.68504e+17
1.76956e+17
1.85083e+17
1.92865e+17
2.00287e+17
2.07198e+17
2.13719e+17
2.19827e+17
2.25589e+17
2.30724e+17
2.35596e+17
2.40193e+17
2.44228e+17
2.47796e+17
2.50449e+17
2.52826e+17
2.54739e+17
2.56182e+17
2.56993e+17
2.57326e+17
2.5732e+17
2.56886e+17
2.56144e+17
2.5489e+17
2.53228e+17
2.51108e+17
2.48663e+17
2.46116e+17
2.43183e+17
2.40031e+17
2.36636e+17
2.32915e+17
2.29075e+17
2.2516e+17
2.21029e+17
2.16482e+17
2.11847e+17
2.07083e+17
2.01979e+17
1.96771e+17
1.91459e+17
1.86286e+17
1.81025e+17
1.75455e+17
1.69944e+17
1.64165e+17
1.58231e+17
1.52335e+17
1.46193e+17
1.40102e+17
1.33792e+17
1.27017e+17
1.20377e+17
1.13338e+17
1.06115e+17
9.853e+16
9.08117e+16
8.278e+16
7.4316e+16
6.51547e+16
5.56884e+16
4.60715e+16
3.59689e+16
2.48159e+16
1.05507e+16
1.1091e+16
2.63261e+16
3.88361e+16
5.04233e+16
6.14238e+16
7.2438e+16
8.3571e+16
9.44198e+16
1.04867e+17
1.15233e+17
1.25631e+17
1.35555e+17
1.45397e+17
1.55075e+17
1.64174e+17
1.73165e+17
1.81725e+17
1.89976e+17
1.97939e+17
2.05384e+17
2.12321e+17
2.19089e+17
2.25339e+17
2.31036e+17
2.36499e+17
2.41434e+17
2.46003e+17
2.49867e+17
2.53175e+17
2.55807e+17
2.57989e+17
2.59684e+17
2.60853e+17
2.6147e+17
2.61642e+17
2.61442e+17
2.60744e+17
2.59706e+17
2.58207e+17
2.56383e+17
2.54009e+17
2.51373e+17
2.48626e+17
2.45491e+17
2.42202e+17
2.387e+17
2.34993e+17
2.30938e+17
2.2675e+17
2.22487e+17
2.1776e+17
2.12969e+17
2.08036e+17
2.02949e+17
1.97633e+17
1.92276e+17
1.86955e+17
1.8148e+17
1.7602e+17
1.70425e+17
1.6458e+17
1.58659e+17
1.52664e+17
1.46486e+17
1.40476e+17
1.34269e+17
1.27637e+17
1.2104e+17
1.14236e+17
1.06943e+17
9.94525e+16
9.18647e+16
8.36389e+16
7.52265e+16
6.60193e+16
5.66262e+16
4.68862e+16
3.66824e+16
2.5209e+16
1.07901e+16
1.13001e+16
2.67273e+16
3.9506e+16
5.14233e+16
6.26254e+16
7.40434e+16
8.55971e+16
9.67396e+16
1.07537e+17
1.18232e+17
1.28722e+17
1.39155e+17
1.49304e+17
1.5912e+17
1.68449e+17
1.77747e+17
1.86413e+17
1.94857e+17
2.0285e+17
2.10315e+17
2.17539e+17
2.2436e+17
2.30727e+17
2.36558e+17
2.4209e+17
2.47004e+17
2.51329e+17
2.55064e+17
2.58262e+17
2.60741e+17
2.62595e+17
2.63999e+17
2.65031e+17
2.65354e+17
2.65324e+17
2.64929e+17
2.63914e+17
2.62657e+17
2.61006e+17
2.59061e+17
2.56632e+17
2.53936e+17
2.50876e+17
2.47676e+17
2.44069e+17
2.40319e+17
2.365e+17
2.32321e+17
2.27906e+17
2.23351e+17
2.18632e+17
2.13523e+17
2.08468e+17
2.03324e+17
1.98119e+17
1.9269e+17
1.87168e+17
1.81544e+17
1.76002e+17
1.70527e+17
1.64816e+17
1.58924e+17
1.52958e+17
1.46795e+17
1.4063e+17
1.34371e+17
1.27866e+17
1.21331e+17
1.14451e+17
1.07418e+17
1.00108e+17
9.27026e+16
8.44721e+16
7.5871e+16
6.68497e+16
5.74686e+16
4.75345e+16
3.72436e+16
2.55814e+16
1.109e+16
1.15185e+16
2.7318e+16
4.03268e+16
5.25116e+16
6.39405e+16
7.5708e+16
8.73937e+16
9.88284e+16
1.10119e+17
1.21056e+17
1.31898e+17
1.4268e+17
1.52951e+17
1.63107e+17
1.72544e+17
1.82056e+17
1.90797e+17
1.99397e+17
2.07525e+17
2.15346e+17
2.22649e+17
2.29562e+17
2.35928e+17
2.41844e+17
2.47319e+17
2.52056e+17
2.56216e+17
2.59738e+17
2.62704e+17
2.6506e+17
2.66877e+17
2.68065e+17
2.68854e+17
2.68994e+17
2.68705e+17
2.68066e+17
2.66854e+17
2.65311e+17
2.63492e+17
2.61395e+17
2.58924e+17
2.56058e+17
2.52787e+17
2.49263e+17
2.45443e+17
2.41512e+17
2.37325e+17
2.32966e+17
2.28309e+17
2.23667e+17
2.18727e+17
2.13633e+17
2.08378e+17
2.03148e+17
1.97933e+17
1.92413e+17
1.86896e+17
1.81227e+17
1.75516e+17
1.69959e+17
1.64281e+17
1.58537e+17
1.52674e+17
1.46573e+17
1.40345e+17
1.34231e+17
1.27814e+17
1.21249e+17
1.14585e+17
1.07696e+17
1.00567e+17
9.31953e+16
8.51363e+16
7.66262e+16
6.76786e+16
5.84158e+16
4.8237e+16
3.77006e+16
2.603e+16
1.11992e+16
1.17649e+16
2.79043e+16
4.09094e+16
5.3402e+16
6.52747e+16
7.71658e+16
8.9136e+16
1.01041e+17
1.12605e+17
1.23797e+17
1.34974e+17
1.46021e+17
1.56449e+17
1.66827e+17
1.76631e+17
1.86194e+17
1.95097e+17
2.03846e+17
2.12271e+17
2.20274e+17
2.2776e+17
2.34641e+17
2.40923e+17
2.46812e+17
2.52102e+17
2.56816e+17
2.6077e+17
2.64153e+17
2.66994e+17
2.69164e+17
2.70734e+17
2.71662e+17
2.72112e+17
2.72142e+17
2.71611e+17
2.70746e+17
2.69523e+17
2.67791e+17
2.65747e+17
2.633e+17
2.60576e+17
2.57477e+17
2.54105e+17
2.50357e+17
2.46528e+17
2.42302e+17
2.3795e+17
2.33413e+17
2.2862e+17
2.23621e+17
2.18539e+17
2.13371e+17
2.08073e+17
2.02638e+17
1.97231e+17
1.91723e+17
1.86163e+17
1.8042e+17
1.74763e+17
1.69062e+17
1.63467e+17
1.57779e+17
1.5177e+17
1.45807e+17
1.39664e+17
1.33711e+17
1.27393e+17
1.20952e+17
1.14509e+17
1.07793e+17
1.00776e+17
9.33736e+16
8.55536e+16
7.72499e+16
6.83746e+16
5.91779e+16
4.9034e+16
3.82174e+16
2.63774e+16
1.13903e+16
1.20519e+16
2.84156e+16
4.17328e+16
5.42216e+16
6.64322e+16
7.87344e+16
9.09153e+16
1.03141e+17
1.1483e+17
1.26478e+17
1.37983e+17
1.49063e+17
1.59843e+17
1.70515e+17
1.80487e+17
1.90117e+17
1.99395e+17
2.08247e+17
2.16856e+17
2.25085e+17
2.3252e+17
2.39412e+17
2.45719e+17
2.51488e+17
2.567e+17
2.61223e+17
2.65091e+17
2.6833e+17
2.70857e+17
2.72728e+17
2.74098e+17
2.74936e+17
2.75195e+17
2.75128e+17
2.74541e+17
2.73344e+17
2.7182e+17
2.70061e+17
2.67806e+17
2.6513e+17
2.62089e+17
2.58704e+17
2.55049e+17
2.51071e+17
2.4683e+17
2.42545e+17
2.37981e+17
2.33255e+17
2.2833e+17
2.23279e+17
2.18028e+17
2.12683e+17
2.07314e+17
2.0184e+17
1.9627e+17
1.90748e+17
1.85114e+17
1.79369e+17
1.73605e+17
1.67904e+17
1.62265e+17
1.56582e+17
1.50717e+17
1.44809e+17
1.38733e+17
1.32786e+17
1.26577e+17
1.20363e+17
1.14015e+17
1.0744e+17
1.00527e+17
9.32307e+16
8.56062e+16
7.76216e+16
6.88165e+16
5.97129e+16
4.96317e+16
3.87406e+16
2.67479e+16
1.15539e+16
1.23182e+16
2.89446e+16
4.25766e+16
5.5152e+16
6.76367e+16
8.01351e+16
9.26545e+16
1.05029e+17
1.16979e+17
1.2906e+17
1.40851e+17
1.5225e+17
1.63338e+17
1.74096e+17
1.84188e+17
1.93971e+17
2.03586e+17
2.12672e+17
2.21438e+17
2.29552e+17
2.36955e+17
2.43812e+17
2.50129e+17
2.5594e+17
2.60941e+17
2.65329e+17
2.69017e+17
2.71978e+17
2.74265e+17
2.76032e+17
2.77338e+17
2.77924e+17
2.78126e+17
2.77806e+17
2.76993e+17
2.75666e+17
2.73831e+17
2.7182e+17
2.69389e+17
2.66451e+17
2.63285e+17
2.59646e+17
2.55641e+17
2.51576e+17
2.47194e+17
2.42507e+17
2.3767e+17
2.32692e+17
2.2759e+17
2.22385e+17
2.1708e+17
2.11661e+17
2.062e+17
2.00656e+17
1.94996e+17
1.89362e+17
1.83688e+17
1.77953e+17
1.72213e+17
1.66393e+17
1.60641e+17
1.55034e+17
1.49231e+17
1.43461e+17
1.37468e+17
1.31444e+17
1.25371e+17
1.19272e+17
1.13041e+17
1.0673e+17
1.00017e+17
9.27955e+16
8.53645e+16
7.76108e+16
6.89837e+16
5.99228e+16
4.99598e+16
3.91562e+16
2.69307e+16
1.16545e+16
1.23681e+16
2.93097e+16
4.32852e+16
5.6128e+16
6.88519e+16
8.15762e+16
9.43034e+16
1.06791e+17
1.19145e+17
1.31596e+17
1.43498e+17
1.55225e+17
1.66569e+17
1.77398e+17
1.87795e+17
1.97744e+17
2.07598e+17
2.17027e+17
2.25964e+17
2.33826e+17
2.4122e+17
2.48042e+17
2.54343e+17
2.60099e+17
2.64904e+17
2.69078e+17
2.72505e+17
2.75297e+17
2.77451e+17
2.78951e+17
2.8019e+17
2.80743e+17
2.80816e+17
2.80222e+17
2.79178e+17
2.7766e+17
2.75709e+17
2.73403e+17
2.70654e+17
2.67381e+17
2.63838e+17
2.59867e+17
2.5583e+17
2.51503e+17
2.46968e+17
2.42139e+17
2.37121e+17
2.31898e+17
2.26676e+17
2.21402e+17
2.15903e+17
2.10312e+17
2.04829e+17
1.99131e+17
1.93383e+17
1.87549e+17
1.81971e+17
1.76278e+17
1.70541e+17
1.64633e+17
1.58822e+17
1.53099e+17
1.47406e+17
1.4171e+17
1.35869e+17
1.29944e+17
1.23953e+17
1.18008e+17
1.11851e+17
1.05632e+17
9.92132e+16
9.21186e+16
8.48236e+16
7.71897e+16
6.89591e+16
5.99917e+16
5.02476e+16
3.93618e+16
2.71531e+16
1.18093e+16
1.25686e+16
2.96955e+16
4.38608e+16
5.70817e+16
6.98964e+16
8.29224e+16
9.58868e+16
1.08629e+17
1.21331e+17
1.33876e+17
1.46126e+17
1.58187e+17
1.6963e+17
1.80675e+17
1.91308e+17
2.0157e+17
2.11657e+17
2.21243e+17
2.29988e+17
2.37986e+17
2.45342e+17
2.5225e+17
2.58351e+17
2.63914e+17
2.68573e+17
2.72437e+17
2.75585e+17
2.78195e+17
2.80186e+17
2.81852e+17
2.82835e+17
2.83326e+17
2.83017e+17
2.82259e+17
2.81098e+17
2.79226e+17
2.77057e+17
2.74488e+17
2.7141e+17
2.67829e+17
2.64166e+17
2.60005e+17
2.55821e+17
2.51255e+17
2.46486e+17
2.41524e+17
2.36395e+17
2.31095e+17
2.25652e+17
2.2012e+17
2.14569e+17
2.08904e+17
2.03292e+17
1.975e+17
1.91659e+17
1.85745e+17
1.79987e+17
1.74118e+17
1.68396e+17
1.6258e+17
1.56803e+17
1.51047e+17
1.45405e+17
1.39758e+17
1.33962e+17
1.28215e+17
1.22338e+17
1.1641e+17
1.10342e+17
1.04361e+17
9.80566e+16
9.12567e+16
8.41294e+16
7.65728e+16
6.86824e+16
5.99442e+16
5.03312e+16
3.96113e+16
2.73756e+16
1.18663e+16
1.26927e+16
3.00946e+16
4.4577e+16
5.79093e+16
7.0962e+16
8.42601e+16
9.73838e+16
1.10443e+17
1.23429e+17
1.36129e+17
1.48626e+17
1.60907e+17
1.72618e+17
1.83895e+17
1.94717e+17
2.05244e+17
2.15367e+17
2.24936e+17
2.33787e+17
2.41961e+17
2.49269e+17
2.56117e+17
2.6205e+17
2.67266e+17
2.71581e+17
2.75302e+17
2.78501e+17
2.80986e+17
2.82973e+17
2.8442e+17
2.85218e+17
2.85264e+17
2.84766e+17
2.83719e+17
2.82125e+17
2.80174e+17
2.77806e+17
2.74948e+17
2.71656e+17
2.68029e+17
2.64154e+17
2.60056e+17
2.55608e+17
2.50873e+17
2.45827e+17
2.4078e+17
2.35585e+17
2.30141e+17
2.24538e+17
2.18921e+17
2.13194e+17
2.07319e+17
2.01485e+17
1.95696e+17
1.89802e+17
1.83749e+17
1.77837e+17
1.71937e+17
1.6613e+17
1.60424e+17
1.54647e+17
1.48866e+17
1.43089e+17
1.37518e+17
1.3187e+17
1.26118e+17
1.20341e+17
1.14566e+17
1.08659e+17
1.02747e+17
9.67075e+16
9.02276e+16
8.33311e+16
7.60301e+16
6.81968e+16
5.97618e+16
5.02189e+16
3.97259e+16
2.75352e+16
1.18807e+16
1.29055e+16
3.06128e+16
4.51376e+16
5.87392e+16
7.20177e+16
8.54365e+16
9.88402e+16
1.12003e+17
1.25218e+17
1.38218e+17
1.51061e+17
1.63503e+17
1.75579e+17
1.87071e+17
1.97983e+17
2.08704e+17
2.18982e+17
2.28519e+17
2.37403e+17
2.45418e+17
2.52844e+17
2.59475e+17
2.65151e+17
2.70145e+17
2.74371e+17
2.78141e+17
2.81244e+17
2.83634e+17
2.85308e+17
2.86403e+17
2.87083e+17
2.86817e+17
2.86075e+17
2.84725e+17
2.82839e+17
2.80681e+17
2.78098e+17
2.74995e+17
2.71453e+17
2.67704e+17
2.63678e+17
2.59374e+17
2.54822e+17
2.49873e+17
2.44801e+17
2.39585e+17
2.34207e+17
2.28673e+17
2.23027e+17
2.17401e+17
2.11467e+17
2.05573e+17
1.99617e+17
1.93731e+17
1.87784e+17
1.81745e+17
1.75763e+17
1.69833e+17
1.63856e+17
1.58104e+17
1.52216e+17
1.46459e+17
1.40715e+17
1.35025e+17
1.29505e+17
1.23894e+17
1.18142e+17
1.12437e+17
1.06611e+17
1.00991e+17
9.50774e+16
8.89205e+16
8.22825e+16
7.51114e+16
6.76464e+16
5.93917e+16
5.01816e+16
3.98937e+16
2.76526e+16
1.19228e+16
1.31246e+16
3.10165e+16
4.56803e+16
5.94247e+16
7.30442e+16
8.66187e+16
1.00214e+17
1.13669e+17
1.27203e+17
1.40387e+17
1.53355e+17
1.66021e+17
1.78284e+17
1.89992e+17
2.01176e+17
2.11981e+17
2.22348e+17
2.31958e+17
2.40786e+17
2.4868e+17
2.56074e+17
2.6241e+17
2.6802e+17
2.72996e+17
2.77193e+17
2.80731e+17
2.83555e+17
2.85794e+17
2.8726e+17
2.88086e+17
2.88433e+17
2.88033e+17
2.86962e+17
2.85511e+17
2.83467e+17
2.81082e+17
2.78197e+17
2.74837e+17
2.71118e+17
2.67123e+17
2.62799e+17
2.58247e+17
2.53532e+17
2.48635e+17
2.43504e+17
2.38115e+17
2.32624e+17
2.26913e+17
2.21247e+17
2.15519e+17
2.09626e+17
2.03618e+17
1.97591e+17
1.91565e+17
1.85611e+17
1.79491e+17
1.73441e+17
1.67479e+17
1.61518e+17
1.55604e+17
1.49762e+17
1.43913e+17
1.38175e+17
1.32433e+17
1.26895e+17
1.21375e+17
1.15812e+17
1.10091e+17
1.04391e+17
9.87949e+16
9.31686e+16
8.73317e+16
8.09942e+16
7.41166e+16
6.68227e+16
5.89797e+16
4.99812e+16
3.97913e+16
2.76539e+16
1.20619e+16
1.32165e+16
3.13062e+16
4.63212e+16
6.02224e+16
7.39297e+16
8.77717e+16
1.01554e+17
1.15311e+17
1.29085e+17
1.42409e+17
1.5558e+17
1.68517e+17
1.80872e+17
1.92796e+17
2.04271e+17
2.15242e+17
2.25592e+17
2.35076e+17
2.43689e+17
2.51677e+17
2.58831e+17
2.65044e+17
2.70638e+17
2.75578e+17
2.79647e+17
2.83002e+17
2.85691e+17
2.87629e+17
2.88874e+17
2.89415e+17
2.8963e+17
2.89074e+17
2.87796e+17
2.86077e+17
2.83749e+17
2.81075e+17
2.77969e+17
2.74482e+17
2.70545e+17
2.66284e+17
2.61766e+17
2.57115e+17
2.52198e+17
2.47198e+17
2.42015e+17
2.36503e+17
2.30922e+17
2.25217e+17
2.19436e+17
2.13557e+17
2.07552e+17
2.01522e+17
1.95429e+17
1.89369e+17
1.83255e+17
1.77076e+17
1.71021e+17
1.65011e+17
1.59103e+17
1.53115e+17
1.47144e+17
1.41379e+17
1.3555e+17
1.29895e+17
1.24263e+17
1.18749e+17
1.13272e+17
1.07663e+17
1.02034e+17
9.64445e+16
9.10609e+16
8.54583e+16
7.94963e+16
7.2954e+16
6.58561e+16
5.82806e+16
4.95548e+16
3.95028e+16
2.76514e+16
1.20229e+16
1.33067e+16
3.14699e+16
4.67545e+16
6.08647e+16
7.49092e+16
8.88488e+16
1.02905e+17
1.16989e+17
1.30795e+17
1.44461e+17
1.57901e+17
1.71022e+17
1.83455e+17
1.95534e+17
2.07114e+17
2.1826e+17
2.28557e+17
2.37986e+17
2.46437e+17
2.54354e+17
2.61298e+17
2.67559e+17
2.73159e+17
2.77876e+17
2.81721e+17
2.84816e+17
2.8734e+17
2.89136e+17
2.90207e+17
2.90628e+17
2.90479e+17
2.89538e+17
2.88035e+17
2.86029e+17
2.83544e+17
2.80644e+17
2.77405e+17
2.73717e+17
2.69607e+17
2.65192e+17
2.60624e+17
2.55801e+17
2.50874e+17
2.45713e+17
2.40467e+17
2.34933e+17
2.29237e+17
2.23405e+17
2.17524e+17
2.11676e+17
2.05588e+17
1.99492e+17
1.9335e+17
1.87164e+17
1.80982e+17
1.74838e+17
1.68624e+17
1.62566e+17
1.56585e+17
1.50569e+17
1.44552e+17
1.38667e+17
1.32923e+17
1.27183e+17
1.2165e+17
1.16074e+17
1.10517e+17
1.05083e+17
9.96377e+16
9.40616e+16
8.8775e+16
8.33219e+16
7.76936e+16
7.16259e+16
6.48102e+16
5.74038e+16
4.89933e+16
3.91334e+16
2.75008e+16
1.19551e+16
1.33487e+16
3.16398e+16
4.7074e+16
6.15104e+16
7.56858e+16
8.991e+16
1.04167e+17
1.1848e+17
1.32461e+17
1.4647e+17
1.60025e+17
1.73152e+17
1.85784e+17
1.98018e+17
2.09722e+17
2.21002e+17
2.31196e+17
2.40503e+17
2.49001e+17
2.56843e+17
2.6375e+17
2.69853e+17
2.75317e+17
2.79805e+17
2.83463e+17
2.86394e+17
2.88735e+17
2.90307e+17
2.91127e+17
2.91324e+17
2.90797e+17
2.89695e+17
2.88026e+17
2.85777e+17
2.8304e+17
2.80003e+17
2.76519e+17
2.72752e+17
2.68674e+17
2.64278e+17
2.59694e+17
2.5478e+17
2.49715e+17
2.44424e+17
2.38972e+17
2.33432e+17
2.27705e+17
2.21731e+17
2.15758e+17
2.09842e+17
2.03752e+17
1.97557e+17
1.91352e+17
1.85122e+17
1.78848e+17
1.72651e+17
1.66388e+17
1.60161e+17
1.54047e+17
1.47999e+17
1.41975e+17
1.36033e+17
1.30291e+17
1.24506e+17
1.18931e+17
1.1338e+17
1.0785e+17
1.02495e+17
9.70807e+16
9.1655e+16
8.63985e+16
8.11398e+16
7.56857e+16
6.99087e+16
6.35425e+16
5.64023e+16
4.83605e+16
3.87531e+16
2.72888e+16
1.19192e+16
1.34201e+16
3.19542e+16
4.73393e+16
6.20656e+16
7.6521e+16
9.09562e+16
1.05354e+17
1.19855e+17
1.34138e+17
1.48301e+17
1.61971e+17
1.75266e+17
1.88081e+17
2.00343e+17
2.12221e+17
2.23474e+17
2.33569e+17
2.42851e+17
2.51356e+17
2.59046e+17
2.65859e+17
2.71848e+17
2.77025e+17
2.81343e+17
2.84839e+17
2.87657e+17
2.89758e+17
2.91066e+17
2.91659e+17
2.91478e+17
2.90733e+17
2.89522e+17
2.8755e+17
2.85054e+17
2.82318e+17
2.79201e+17
2.75645e+17
2.71759e+17
2.67597e+17
2.63057e+17
2.58393e+17
2.53421e+17
2.48231e+17
2.42909e+17
2.37375e+17
2.31775e+17
2.25893e+17
2.19911e+17
2.13945e+17
2.07824e+17
2.01717e+17
1.95491e+17
1.89268e+17
1.83085e+17
1.76798e+17
1.70506e+17
1.64197e+17
1.57964e+17
1.51689e+17
1.45525e+17
1.39396e+17
1.33473e+17
1.27625e+17
1.21916e+17
1.16212e+17
1.10644e+17
1.05133e+17
9.97748e+16
9.44491e+16
8.91405e+16
8.39125e+16
7.87765e+16
7.36202e+16
6.8039e+16
6.20436e+16
5.52622e+16
4.75113e+16
3.81907e+16
2.70149e+16
1.17324e+16
1.34679e+16
3.19483e+16
4.75571e+16
6.24561e+16
7.7144e+16
9.17906e+16
1.06422e+17
1.21195e+17
1.35718e+17
1.49978e+17
1.63795e+17
1.77246e+17
1.90236e+17
2.02588e+17
2.1449e+17
2.25577e+17
2.35561e+17
2.44818e+17
2.53289e+17
2.60852e+17
2.67573e+17
2.73467e+17
2.78424e+17
2.82609e+17
2.85997e+17
2.88655e+17
2.90508e+17
2.91629e+17
2.91918e+17
2.91534e+17
2.90561e+17
2.89025e+17
2.86812e+17
2.84261e+17
2.81258e+17
2.78064e+17
2.74498e+17
2.70543e+17
2.6624e+17
2.61651e+17
2.56812e+17
2.51798e+17
2.46605e+17
2.41291e+17
2.35741e+17
2.30113e+17
2.24359e+17
2.18392e+17
2.12366e+17
2.06233e+17
1.99942e+17
1.93678e+17
1.87341e+17
1.81051e+17
1.74759e+17
1.68508e+17
1.62156e+17
1.55843e+17
1.49504e+17
1.43287e+17
1.37087e+17
1.31003e+17
1.25093e+17
1.1932e+17
1.13618e+17
1.08036e+17
1.02534e+17
9.70742e+16
9.17673e+16
8.66208e+16
8.14244e+16
7.63129e+16
7.13939e+16
6.61335e+16
6.04588e+16
5.40535e+16
4.66284e+16
3.76517e+16
2.67355e+16
1.16353e+16
1.34581e+16
3.202e+16
4.77732e+16
6.27355e+16
7.76514e+16
9.25373e+16
1.07323e+17
1.22357e+17
1.37129e+17
1.51595e+17
1.65503e+17
1.79047e+17
1.92089e+17
2.0466e+17
2.16575e+17
2.27437e+17
2.3737e+17
2.46619e+17
2.54912e+17
2.62432e+17
2.69114e+17
2.74719e+17
2.79619e+17
2.83607e+17
2.86841e+17
2.89308e+17
2.90897e+17
2.91716e+17
2.91727e+17
2.91062e+17
2.89863e+17
2.88111e+17
2.85995e+17
2.83413e+17
2.80326e+17
2.76917e+17
2.73134e+17
2.69056e+17
2.64744e+17
2.60205e+17
2.55347e+17
2.50293e+17
2.45081e+17
2.39672e+17
2.34185e+17
2.28555e+17
2.22685e+17
2.16701e+17
2.10704e+17
2.04681e+17
1.98425e+17
1.9203e+17
1.85585e+17
1.79203e+17
1.72807e+17
1.6646e+17
1.60107e+17
1.53815e+17
1.47499e+17
1.41213e+17
1.34893e+17
1.28645e+17
1.2266e+17
1.16769e+17
1.11055e+17
1.05382e+17
9.98605e+16
9.44744e+16
8.91521e+16
8.39298e+16
7.88412e+16
7.38389e+16
6.8994e+16
6.39926e+16
5.8638e+16
5.26107e+16
4.56786e+16
3.70995e+16
2.63673e+16
1.16837e+16
1.33759e+16
3.21674e+16
4.79184e+16
6.30395e+16
7.81835e+16
9.32319e+16
1.08319e+17
1.23532e+17
1.38426e+17
1.53083e+17
1.67088e+17
1.80823e+17
1.94016e+17
2.06526e+17
2.18394e+17
2.29149e+17
2.39088e+17
2.48186e+17
2.56373e+17
2.63948e+17
2.70446e+17
2.75943e+17
2.80616e+17
2.84379e+17
2.87396e+17
2.89528e+17
2.90784e+17
2.91227e+17
2.91135e+17
2.904e+17
2.8915e+17
2.87252e+17
2.85061e+17
2.82425e+17
2.79289e+17
2.75906e+17
2.72042e+17
2.67924e+17
2.63599e+17
2.59008e+17
2.54165e+17
2.49158e+17
2.43892e+17
2.38552e+17
2.32938e+17
2.27158e+17
2.21242e+17
2.15236e+17
2.09144e+17
2.03127e+17
1.96872e+17
1.90517e+17
1.84092e+17
1.77577e+17
1.71092e+17
1.64632e+17
1.58252e+17
1.51959e+17
1.45668e+17
1.39298e+17
1.32907e+17
1.26544e+17
1.20395e+17
1.14413e+17
1.08627e+17
1.02916e+17
9.72999e+16
9.19253e+16
8.66434e+16
8.12937e+16
7.62406e+16
7.13351e+16
6.66232e+16
6.18011e+16
5.66807e+16
5.09264e+16
4.43893e+16
3.63919e+16
2.60619e+16
1.17011e+16
1.35235e+16
3.22866e+16
4.81145e+16
6.3319e+16
7.8576e+16
9.38505e+16
1.09182e+17
1.24474e+17
1.39587e+17
1.54357e+17
1.68624e+17
1.82475e+17
1.95729e+17
2.08303e+17
2.19985e+17
2.30687e+17
2.40511e+17
2.49548e+17
2.57772e+17
2.65138e+17
2.71413e+17
2.76826e+17
2.81196e+17
2.84705e+17
2.87439e+17
2.89291e+17
2.90279e+17
2.9064e+17
2.90427e+17
2.89609e+17
2.88163e+17
2.86247e+17
2.83997e+17
2.8132e+17
2.78194e+17
2.74677e+17
2.70773e+17
2.66622e+17
2.62263e+17
2.57696e+17
2.5295e+17
2.47795e+17
2.4259e+17
2.3718e+17
2.31524e+17
2.25828e+17
2.19928e+17
2.13886e+17
2.07829e+17
2.01609e+17
1.9547e+17
1.89174e+17
1.82885e+17
1.76322e+17
1.6975e+17
1.631e+17
1.56708e+17
1.50195e+17
1.4387e+17
1.37488e+17
1.31074e+17
1.24654e+17
1.18366e+17
1.1233e+17
1.06407e+17
1.00598e+17
9.48864e+16
8.94535e+16
8.40977e+16
7.88251e+16
7.36728e+16
6.8771e+16
6.41095e+16
5.94984e+16
5.46107e+16
4.92369e+16
4.30318e+16
3.5536e+16
2.56176e+16
1.14866e+16
1.35682e+16
3.23261e+16
4.82607e+16
6.35445e+16
7.89277e+16
9.43704e+16
1.09874e+17
1.25363e+17
1.40565e+17
1.55457e+17
1.69923e+17
1.83859e+17
1.9728e+17
2.09821e+17
2.21359e+17
2.32066e+17
2.41824e+17
2.50804e+17
2.58828e+17
2.65989e+17
2.72113e+17
2.77228e+17
2.81411e+17
2.84708e+17
2.8714e+17
2.88744e+17
2.89633e+17
2.8985e+17
2.89475e+17
2.88557e+17
2.871e+17
2.85105e+17
2.82705e+17
2.79933e+17
2.7686e+17
2.7334e+17
2.69533e+17
2.65444e+17
2.60994e+17
2.56363e+17
2.51615e+17
2.46595e+17
2.41508e+17
2.36152e+17
2.30552e+17
2.24732e+17
2.18785e+17
2.1274e+17
2.06657e+17
2.00537e+17
1.94266e+17
1.8792e+17
1.816e+17
1.75151e+17
1.68631e+17
1.61968e+17
1.5544e+17
1.48799e+17
1.42297e+17
1.35864e+17
1.2941e+17
1.23002e+17
1.166e+17
1.10417e+17
1.04302e+17
9.84878e+16
9.27266e+16
8.71498e+16
8.17082e+16
7.63839e+16
7.12585e+16
6.63926e+16
6.16788e+16
5.71105e+16
5.25081e+16
4.74565e+16
4.16599e+16
3.4552e+16
2.50701e+16
1.11888e+16
1.35532e+16
3.22653e+16
4.82802e+16
6.37312e+16
7.92525e+16
9.4788e+16
1.10516e+17
1.26086e+17
1.41401e+17
1.56542e+17
1.71078e+17
1.85159e+17
1.98619e+17
2.11083e+17
2.2264e+17
2.33183e+17
2.42962e+17
2.51867e+17
2.59618e+17
2.66542e+17
2.72357e+17
2.77214e+17
2.81231e+17
2.84367e+17
2.8654e+17
2.87984e+17
2.88713e+17
2.88849e+17
2.88515e+17
2.87539e+17
2.85908e+17
2.83851e+17
2.81357e+17
2.78466e+17
2.75316e+17
2.71778e+17
2.67998e+17
2.63847e+17
2.59486e+17
2.55007e+17
2.50373e+17
2.45496e+17
2.4041e+17
2.35085e+17
2.29576e+17
2.23838e+17
2.18014e+17
2.11946e+17
2.05812e+17
1.99702e+17
1.93437e+17
1.87116e+17
1.80741e+17
1.74187e+17
1.67671e+17
1.6109e+17
1.54479e+17
1.47774e+17
1.41142e+17
1.3451e+17
1.2795e+17
1.21518e+17
1.15112e+17
1.08767e+17
1.02516e+17
9.64687e+16
9.05931e+16
8.49707e+16
7.9465e+16
7.40924e+16
6.89413e+16
6.39195e+16
5.91982e+16
5.47341e+16
5.03073e+16
4.55648e+16
4.01255e+16
3.34405e+16
2.43842e+16
1.09696e+16
1.33898e+16
3.21549e+16
4.82438e+16
6.38563e+16
7.9531e+16
9.51992e+16
1.11125e+17
1.26836e+17
1.4225e+17
1.57466e+17
1.72117e+17
1.86337e+17
1.99795e+17
2.1213e+17
2.23698e+17
2.342e+17
2.43867e+17
2.52536e+17
2.6017e+17
2.66744e+17
2.72314e+17
2.76997e+17
2.80716e+17
2.83663e+17
2.85688e+17
2.86941e+17
2.87586e+17
2.87688e+17
2.87199e+17
2.86146e+17
2.84498e+17
2.82372e+17
2.79882e+17
2.77027e+17
2.73882e+17
2.70407e+17
2.66585e+17
2.62502e+17
2.58183e+17
2.53796e+17
2.49185e+17
2.44329e+17
2.39152e+17
2.33852e+17
2.28382e+17
2.2282e+17
2.17135e+17
2.11242e+17
2.0523e+17
1.99168e+17
1.92874e+17
1.8655e+17
1.80164e+17
1.73646e+17
1.66976e+17
1.60351e+17
1.53735e+17
1.47036e+17
1.402e+17
1.3354e+17
1.26851e+17
1.20261e+17
1.13775e+17
1.07344e+17
1.00975e+17
9.47867e+16
8.87567e+16
8.30002e+16
7.73766e+16
7.18564e+16
6.67313e+16
6.16113e+16
5.68733e+16
5.23921e+16
4.8031e+16
4.3608e+16
3.85074e+16
3.21308e+16
2.36583e+16
1.07521e+16
1.32506e+16
3.19371e+16
4.8101e+16
6.39599e+16
7.96503e+16
9.5563e+16
1.11646e+17
1.27434e+17
1.43007e+17
1.5836e+17
1.73062e+17
1.8736e+17
2.00758e+17
2.12998e+17
2.24508e+17
2.34971e+17
2.44404e+17
2.52907e+17
2.60267e+17
2.66579e+17
2.71982e+17
2.76392e+17
2.79928e+17
2.82661e+17
2.84516e+17
2.85722e+17
2.86358e+17
2.8636e+17
2.85771e+17
2.84573e+17
2.8293e+17
2.80833e+17
2.78469e+17
2.75547e+17
2.72363e+17
2.68949e+17
2.65105e+17
2.61111e+17
2.56889e+17
2.52544e+17
2.47873e+17
2.43089e+17
2.38083e+17
2.32907e+17
2.27498e+17
2.21969e+17
2.16452e+17
2.10718e+17
2.04862e+17
1.98822e+17
1.92613e+17
1.86232e+17
1.79758e+17
1.73301e+17
1.6666e+17
1.60007e+17
1.53271e+17
1.46572e+17
1.39682e+17
1.32862e+17
1.26059e+17
1.19327e+17
1.12728e+17
1.062e+17
9.97292e+16
9.33669e+16
8.71494e+16
8.12252e+16
7.55396e+16
6.99122e+16
6.46044e+16
5.94266e+16
5.46101e+16
5.01517e+16
4.58661e+16
4.16205e+16
3.68605e+16
3.0913e+16
2.2848e+16
1.05111e+16
1.31059e+16
3.15689e+16
4.7928e+16
6.3744e+16
7.97761e+16
9.58585e+16
1.12018e+17
1.27906e+17
1.43712e+17
1.59125e+17
1.73906e+17
1.88202e+17
2.01453e+17
2.1371e+17
2.2513e+17
2.3543e+17
2.44703e+17
2.52961e+17
2.60079e+17
2.66125e+17
2.71302e+17
2.75383e+17
2.78843e+17
2.81402e+17
2.83101e+17
2.84252e+17
2.84794e+17
2.84702e+17
2.84027e+17
2.82852e+17
2.81243e+17
2.79176e+17
2.76699e+17
2.7384e+17
2.70722e+17
2.67325e+17
2.63505e+17
2.59581e+17
2.55491e+17
2.51285e+17
2.46785e+17
2.42016e+17
2.37054e+17
2.31991e+17
2.26716e+17
2.21336e+17
2.15871e+17
2.10269e+17
2.04485e+17
1.98487e+17
1.92458e+17
1.86263e+17
1.79816e+17
1.73286e+17
1.66665e+17
1.59957e+17
1.53119e+17
1.46279e+17
1.39395e+17
1.32463e+17
1.25573e+17
1.18757e+17
1.11978e+17
1.05316e+17
9.87454e+16
9.22355e+16
8.59014e+16
7.97666e+16
7.39575e+16
6.82186e+16
6.27055e+16
5.74378e+16
5.25168e+16
4.80078e+16
4.37587e+16
3.96779e+16
3.51746e+16
2.95929e+16
2.20086e+16
1.02262e+16
1.28644e+16
3.13428e+16
4.77536e+16
6.36753e+16
7.99197e+16
9.60362e+16
1.12234e+17
1.28362e+17
1.44277e+17
1.59736e+17
1.74603e+17
1.88789e+17
2.02106e+17
2.14274e+17
2.25422e+17
2.35612e+17
2.44703e+17
2.52809e+17
2.59548e+17
2.65346e+17
2.70238e+17
2.74225e+17
2.77492e+17
2.79875e+17
2.81508e+17
2.82481e+17
2.82896e+17
2.82707e+17
2.82033e+17
2.80902e+17
2.79245e+17
2.77025e+17
2.74612e+17
2.71929e+17
2.6882e+17
2.65472e+17
2.61926e+17
2.58214e+17
2.54155e+17
2.49995e+17
2.45647e+17
2.41071e+17
2.36326e+17
2.31481e+17
2.26291e+17
2.20973e+17
2.15477e+17
2.09924e+17
2.04239e+17
1.98448e+17
1.92477e+17
1.86399e+17
1.80042e+17
1.73537e+17
1.66932e+17
1.60145e+17
1.53235e+17
1.4627e+17
1.39381e+17
1.3238e+17
1.25491e+17
1.18487e+17
1.11463e+17
1.04667e+17
9.79804e+16
9.13271e+16
8.48903e+16
7.86433e+16
7.25631e+16
6.66869e+16
6.10035e+16
5.56366e+16
5.05904e+16
4.59575e+16
4.16951e+16
3.77039e+16
3.34509e+16
2.82971e+16
2.11726e+16
9.86154e+15
1.27481e+16
3.11089e+16
4.74265e+16
6.36254e+16
7.98607e+16
9.61434e+16
1.12494e+17
1.28701e+17
1.44725e+17
1.60286e+17
1.7515e+17
1.8929e+17
2.02517e+17
2.14513e+17
2.25596e+17
2.35512e+17
2.444e+17
2.5221e+17
2.58723e+17
2.64273e+17
2.68944e+17
2.72759e+17
2.75792e+17
2.7806e+17
2.79546e+17
2.80431e+17
2.80731e+17
2.80508e+17
2.79786e+17
2.78624e+17
2.76896e+17
2.74876e+17
2.72729e+17
2.69963e+17
2.67021e+17
2.63786e+17
2.60384e+17
2.56676e+17
2.52851e+17
2.48813e+17
2.44585e+17
2.40251e+17
2.35636e+17
2.30851e+17
2.25838e+17
2.20515e+17
2.15388e+17
2.09948e+17
2.04302e+17
1.98564e+17
1.92617e+17
1.8659e+17
1.80457e+17
1.74024e+17
1.67467e+17
1.60746e+17
1.53785e+17
1.4676e+17
1.39733e+17
1.32622e+17
1.25637e+17
1.1857e+17
1.11418e+17
1.04391e+17
9.75564e+16
9.07396e+16
8.41239e+16
7.77094e+16
7.14986e+16
6.54363e+16
5.95665e+16
5.40384e+16
4.88684e+16
4.41106e+16
3.97359e+16
3.57413e+16
3.17029e+16
2.68995e+16
2.0191e+16
9.42202e+15
1.25794e+16
3.08295e+16
4.71848e+16
6.33918e+16
7.97613e+16
9.6127e+16
1.12633e+17
1.29013e+17
1.45055e+17
1.60656e+17
1.75481e+17
1.89566e+17
2.02645e+17
2.14519e+17
2.25394e+17
2.35243e+17
2.43868e+17
2.51344e+17
2.57506e+17
2.62764e+17
2.67183e+17
2.70858e+17
2.73737e+17
2.75805e+17
2.77209e+17
2.78073e+17
2.78318e+17
2.77971e+17
2.773e+17
2.76167e+17
2.74636e+17
2.72831e+17
2.70522e+17
2.67841e+17
2.65098e+17
2.61964e+17
2.58763e+17
2.55291e+17
2.51638e+17
2.47744e+17
2.43515e+17
2.39143e+17
2.34678e+17
2.30105e+17
2.25471e+17
2.20504e+17
2.15365e+17
2.10165e+17
2.04662e+17
1.99008e+17
1.9313e+17
1.87118e+17
1.81016e+17
1.74672e+17
1.68132e+17
1.61512e+17
1.54659e+17
1.47595e+17
1.40402e+17
1.33184e+17
1.26019e+17
1.18836e+17
1.11624e+17
1.04443e+17
9.73832e+16
9.04401e+16
8.36032e+16
7.70362e+16
7.0679e+16
6.44198e+16
5.84166e+16
5.2665e+16
4.73172e+16
4.23963e+16
3.7917e+16
3.38751e+16
2.99504e+16
2.53808e+16
1.91367e+16
9.03407e+15
1.24212e+16
3.04769e+16
4.68594e+16
6.31108e+16
7.95528e+16
9.60608e+16
1.12731e+17
1.29207e+17
1.4527e+17
1.60891e+17
1.75725e+17
1.89653e+17
2.02543e+17
2.14278e+17
2.24977e+17
2.3458e+17
2.42856e+17
2.50048e+17
2.55931e+17
2.60927e+17
2.65154e+17
2.68627e+17
2.7128e+17
2.73206e+17
2.74564e+17
2.75377e+17
2.75462e+17
2.75213e+17
2.74632e+17
2.73562e+17
2.72159e+17
2.70306e+17
2.68128e+17
2.65727e+17
2.63166e+17
2.60245e+17
2.57192e+17
2.5381e+17
2.50245e+17
2.46325e+17
2.42394e+17
2.38308e+17
2.34e+17
2.29774e+17
2.25259e+17
2.20519e+17
2.15561e+17
2.10329e+17
2.04993e+17
1.99384e+17
1.93527e+17
1.87678e+17
1.817e+17
1.75387e+17
1.68959e+17
1.62353e+17
1.55551e+17
1.4856e+17
1.41388e+17
1.34123e+17
1.26825e+17
1.19545e+17
1.12184e+17
1.04854e+17
9.75858e+16
9.04805e+16
8.345e+16
7.66332e+16
7.01081e+16
6.36898e+16
5.75156e+16
5.15749e+16
4.59711e+16
4.08521e+16
3.62188e+16
3.2074e+16
2.82392e+16
2.39681e+16
1.81563e+16
8.60048e+15
1.22289e+16
3.02239e+16
4.65362e+16
6.28262e+16
7.93531e+16
9.6135e+16
1.12851e+17
1.29348e+17
1.4547e+17
1.61067e+17
1.75822e+17
1.89556e+17
2.02278e+17
2.1383e+17
2.24267e+17
2.33483e+17
2.4151e+17
2.48376e+17
2.54002e+17
2.58769e+17
2.62818e+17
2.66065e+17
2.68574e+17
2.70409e+17
2.71671e+17
2.72337e+17
2.72403e+17
2.7234e+17
2.71726e+17
2.70758e+17
2.69313e+17
2.67506e+17
2.65579e+17
2.6346e+17
2.6094e+17
2.58174e+17
2.55171e+17
2.52053e+17
2.48665e+17
2.45051e+17
2.41452e+17
2.37569e+17
2.33553e+17
2.29418e+17
2.25004e+17
2.20464e+17
2.15526e+17
2.10467e+17
2.05264e+17
1.99888e+17
1.94247e+17
1.8845e+17
1.82438e+17
1.76281e+17
1.69932e+17
1.63379e+17
1.56593e+17
1.49651e+17
1.42541e+17
1.35295e+17
1.27857e+17
1.20475e+17
1.1303e+17
1.05548e+17
9.81382e+16
9.08123e+16
8.36513e+16
7.66337e+16
6.98775e+16
6.32583e+16
5.69003e+16
5.07292e+16
4.49091e+16
3.95171e+16
3.46993e+16
3.04326e+16
2.65926e+16
2.26312e+16
1.72661e+16
8.22051e+15
1.20435e+16
2.98386e+16
4.61637e+16
6.24955e+16
7.91298e+16
9.60888e+16
1.12852e+17
1.2941e+17
1.45608e+17
1.61109e+17
1.75746e+17
1.89325e+17
2.01814e+17
2.13164e+17
2.23285e+17
2.32125e+17
2.39869e+17
2.46353e+17
2.51763e+17
2.56279e+17
2.60128e+17
2.63137e+17
2.65455e+17
2.67192e+17
2.6842e+17
2.69051e+17
2.69178e+17
2.69063e+17
2.68493e+17
2.67576e+17
2.66225e+17
2.64663e+17
2.62819e+17
2.60719e+17
2.58399e+17
2.55808e+17
2.52967e+17
2.5021e+17
2.47049e+17
2.43667e+17
2.40293e+17
2.36607e+17
2.327e+17
2.2877e+17
2.24712e+17
2.20151e+17
2.15524e+17
2.10734e+17
2.05576e+17
2.00277e+17
1.94879e+17
1.89155e+17
1.83263e+17
1.77174e+17
1.70909e+17
1.64459e+17
1.57744e+17
1.50871e+17
1.43824e+17
1.36625e+17
1.29213e+17
1.21662e+17
1.14126e+17
1.06563e+17
9.89973e+16
9.14832e+16
8.41561e+16
7.69194e+16
6.98758e+16
6.3115e+16
5.64968e+16
5.012e+16
4.40494e+16
3.84248e+16
3.33641e+16
2.89037e+16
2.50071e+16
2.11999e+16
1.62677e+16
7.80513e+15
1.17954e+16
2.94881e+16
4.58817e+16
6.22307e+16
7.90349e+16
9.60825e+16
1.12897e+17
1.29494e+17
1.45681e+17
1.61055e+17
1.7552e+17
1.88882e+17
2.01128e+17
2.1219e+17
2.21835e+17
2.30422e+17
2.37864e+17
2.44048e+17
2.49174e+17
2.53418e+17
2.56993e+17
2.59723e+17
2.61952e+17
2.63634e+17
2.64745e+17
2.65288e+17
2.65524e+17
2.65521e+17
2.64995e+17
2.64053e+17
2.62797e+17
2.61327e+17
2.59556e+17
2.57707e+17
2.55616e+17
2.53172e+17
2.50612e+17
2.48056e+17
2.4514e+17
2.42123e+17
2.38885e+17
2.35453e+17
2.31685e+17
2.27947e+17
2.23993e+17
2.1987e+17
2.15401e+17
2.10668e+17
2.05749e+17
2.00579e+17
1.95328e+17
1.89812e+17
1.84174e+17
1.78226e+17
1.71977e+17
1.65632e+17
1.59014e+17
1.5221e+17
1.45233e+17
1.38087e+17
1.30728e+17
1.23063e+17
1.15406e+17
1.07771e+17
1.00104e+17
9.24447e+16
8.49295e+16
7.74905e+16
7.02514e+16
6.32465e+16
5.64047e+16
4.97765e+16
4.3466e+16
3.75173e+16
3.21982e+16
2.75259e+16
2.35494e+16
1.98686e+16
1.53164e+16
7.48381e+15
1.15557e+16
2.91781e+16
4.55432e+16
6.19837e+16
7.89125e+16
9.60394e+16
1.12944e+17
1.29557e+17
1.45681e+17
1.60937e+17
1.75214e+17
1.88275e+17
2.00247e+17
2.10879e+17
2.20189e+17
2.28445e+17
2.35421e+17
2.41254e+17
2.46129e+17
2.50134e+17
2.53348e+17
2.55934e+17
2.58127e+17
2.59609e+17
2.60631e+17
2.61207e+17
2.61475e+17
2.61458e+17
2.60992e+17
2.60144e+17
2.5908e+17
2.57542e+17
2.56266e+17
2.54541e+17
2.52443e+17
2.5042e+17
2.48267e+17
2.45817e+17
2.4302e+17
2.40067e+17
2.36954e+17
2.33688e+17
2.30146e+17
2.26577e+17
2.22706e+17
2.18934e+17
2.14874e+17
2.10233e+17
2.05557e+17
2.00766e+17
1.95642e+17
1.90288e+17
1.84801e+17
1.79054e+17
1.72985e+17
1.6668e+17
1.60189e+17
1.53508e+17
1.46587e+17
1.39618e+17
1.323e+17
1.24679e+17
1.16893e+17
1.09175e+17
1.0141e+17
9.36673e+16
8.5957e+16
7.83157e+16
7.09098e+16
6.36759e+16
5.66317e+16
4.97809e+16
4.316e+16
3.69184e+16
3.125e+16
2.63524e+16
2.22363e+16
1.86029e+16
1.43046e+16
7.0738e+15
1.1369e+16
2.87881e+16
4.51799e+16
6.17508e+16
7.88319e+16
9.59911e+16
1.13012e+17
1.29636e+17
1.45634e+17
1.60707e+17
1.74692e+17
1.87479e+17
1.9905e+17
2.09186e+17
2.18154e+17
2.25945e+17
2.32515e+17
2.37989e+17
2.42506e+17
2.46198e+17
2.49258e+17
2.51703e+17
2.53784e+17
2.55078e+17
2.5611e+17
2.5669e+17
2.56993e+17
2.56917e+17
2.56513e+17
2.55672e+17
2.54781e+17
2.53576e+17
2.52391e+17
2.50675e+17
2.48866e+17
2.47082e+17
2.45049e+17
2.42825e+17
2.40446e+17
2.3767e+17
2.34529e+17
2.31432e+17
2.2813e+17
2.24722e+17
2.21098e+17
2.17577e+17
2.1353e+17
2.09525e+17
2.05103e+17
2.00636e+17
1.95707e+17
1.90426e+17
1.85135e+17
1.79561e+17
1.73759e+17
1.67588e+17
1.61225e+17
1.5463e+17
1.47887e+17
1.4095e+17
1.3385e+17
1.2638e+17
1.18566e+17
1.10745e+17
1.02945e+17
9.5068e+16
8.72099e+16
7.94257e+16
7.18146e+16
6.43783e+16
5.70813e+16
5.00297e+16
4.31555e+16
3.6602e+16
3.05685e+16
2.53192e+16
2.10324e+16
1.73788e+16
1.33379e+16
6.60985e+15
1.11539e+16
2.83973e+16
4.48371e+16
6.15627e+16
7.87673e+16
9.60267e+16
1.13098e+17
1.2969e+17
1.45578e+17
1.60349e+17
1.73972e+17
1.86381e+17
1.97481e+17
2.07183e+17
2.15698e+17
2.22982e+17
2.29115e+17
2.3424e+17
2.38395e+17
2.41858e+17
2.44726e+17
2.47036e+17
2.48829e+17
2.50057e+17
2.51145e+17
2.51698e+17
2.51957e+17
2.51905e+17
2.51558e+17
2.5092e+17
2.50086e+17
2.49114e+17
2.47865e+17
2.46353e+17
2.44855e+17
2.43113e+17
2.41263e+17
2.39284e+17
2.37187e+17
2.34639e+17
2.31795e+17
2.28698e+17
2.25627e+17
2.22244e+17
2.18858e+17
2.1532e+17
2.11672e+17
2.07875e+17
2.03843e+17
1.99554e+17
1.95169e+17
1.90429e+17
1.85291e+17
1.79768e+17
1.7417e+17
1.68229e+17
1.62118e+17
1.55585e+17
1.48996e+17
1.42149e+17
1.35327e+17
1.28003e+17
1.2026e+17
1.12413e+17
1.04606e+17
9.67004e+16
8.87221e+16
8.07913e+16
7.29589e+16
6.53701e+16
5.7835e+16
5.05342e+16
4.34426e+16
3.65778e+16
3.01738e+16
2.45579e+16
2.00026e+16
1.6268e+16
1.2401e+16
6.21656e+15
1.09005e+16
2.8071e+16
4.45277e+16
6.1403e+16
7.87351e+16
9.60706e+16
1.13213e+17
1.29745e+17
1.45409e+17
1.59833e+17
1.73082e+17
1.85034e+17
1.95572e+17
2.04756e+17
2.12747e+17
2.19517e+17
2.2522e+17
2.29936e+17
2.33688e+17
2.36933e+17
2.39656e+17
2.41812e+17
2.43322e+17
2.44574e+17
2.45636e+17
2.46152e+17
2.46347e+17
2.46312e+17
2.46003e+17
2.456e+17
2.44789e+17
2.44055e+17
2.42781e+17
2.4137e+17
2.40121e+17
2.38673e+17
2.36963e+17
2.35055e+17
2.33028e+17
2.30488e+17
2.28128e+17
2.25631e+17
2.22818e+17
2.19703e+17
2.16605e+17
2.13051e+17
2.09663e+17
2.05884e+17
2.02091e+17
1.97763e+17
1.93971e+17
1.89564e+17
1.8468e+17
1.79431e+17
1.74083e+17
1.68315e+17
1.62537e+17
1.56367e+17
1.49825e+17
1.43184e+17
1.36522e+17
1.2939e+17
1.21886e+17
1.1405e+17
1.06251e+17
9.83536e+16
9.03427e+16
8.2294e+16
7.43633e+16
6.6562e+16
5.8836e+16
5.12948e+16
4.39944e+16
3.6871e+16
3.00933e+16
2.40518e+16
1.9131e+16
1.52365e+16
1.14928e+16
5.73784e+15
1.06921e+16
2.77654e+16
4.43721e+16
6.14075e+16
7.87979e+16
9.62651e+16
1.13431e+17
1.29787e+17
1.45137e+17
1.59148e+17
1.71901e+17
1.83309e+17
1.9322e+17
2.0184e+17
2.0929e+17
2.15491e+17
2.20717e+17
2.24991e+17
2.28487e+17
2.31435e+17
2.33896e+17
2.35797e+17
2.3724e+17
2.38459e+17
2.39426e+17
2.39889e+17
2.39976e+17
2.39975e+17
2.39744e+17
2.3944e+17
2.38802e+17
2.38163e+17
2.37175e+17
2.35718e+17
2.34687e+17
2.33509e+17
2.32e+17
2.30143e+17
2.281e+17
2.25827e+17
2.23675e+17
2.21409e+17
2.18873e+17
2.16245e+17
2.13376e+17
2.10244e+17
2.06951e+17
2.03392e+17
1.99724e+17
1.95891e+17
1.9204e+17
1.8791e+17
1.83322e+17
1.7832e+17
1.73158e+17
1.67688e+17
1.62298e+17
1.56551e+17
1.50238e+17
1.43829e+17
1.37312e+17
1.30464e+17
1.23182e+17
1.15533e+17
1.07789e+17
9.99811e+16
9.19938e+16
8.39417e+16
7.5903e+16
6.7947e+16
6.00671e+16
5.23635e+16
4.48219e+16
3.74206e+16
3.03087e+16
2.3836e+16
1.84858e+16
1.43717e+16
1.05937e+16
5.24071e+15
1.05058e+16
2.75004e+16
4.42418e+16
6.15522e+16
7.90846e+16
9.65899e+16
1.13695e+17
1.29791e+17
1.44712e+17
1.5822e+17
1.70405e+17
1.81115e+17
1.90413e+17
1.98462e+17
2.05184e+17
2.1078e+17
2.15496e+17
2.19351e+17
2.22526e+17
2.25176e+17
2.27347e+17
2.28976e+17
2.30443e+17
2.3155e+17
2.32534e+17
2.32786e+17
2.32844e+17
2.32904e+17
2.32638e+17
2.32438e+17
2.31918e+17
2.31271e+17
2.30468e+17
2.29275e+17
2.28236e+17
2.27061e+17
2.25751e+17
2.2423e+17
2.22358e+17
2.20489e+17
2.1848e+17
2.1635e+17
2.1402e+17
2.11407e+17
2.08755e+17
2.05968e+17
2.03006e+17
1.99966e+17
1.96543e+17
1.93102e+17
1.89414e+17
1.85461e+17
1.81068e+17
1.76499e+17
1.71629e+17
1.66496e+17
1.61371e+17
1.55939e+17
1.50025e+17
1.43903e+17
1.37584e+17
1.31015e+17
1.24047e+17
1.16728e+17
1.09157e+17
1.01474e+17
9.35883e+16
8.5543e+16
7.75492e+16
6.95063e+16
6.14987e+16
5.36386e+16
4.58735e+16
3.82467e+16
3.07973e+16
2.38939e+16
1.80748e+16
1.36006e+16
9.77134e+15
4.8649e+15
1.02799e+16
2.72954e+16
4.42754e+16
6.18389e+16
7.95172e+16
9.70773e+16
1.14011e+17
1.29731e+17
1.44155e+17
1.57038e+17
1.68504e+17
1.78432e+17
1.86999e+17
1.94304e+17
2.00308e+17
2.05319e+17
2.09481e+17
2.12917e+17
2.15703e+17
2.18021e+17
2.19978e+17
2.21344e+17
2.22628e+17
2.23733e+17
2.24553e+17
2.24767e+17
2.24813e+17
2.24792e+17
2.2459e+17
2.24352e+17
2.23804e+17
2.23187e+17
2.22558e+17
2.21675e+17
2.20602e+17
2.19434e+17
2.1825e+17
2.17021e+17
2.1547e+17
2.13764e+17
2.11966e+17
2.1011e+17
2.08024e+17
2.0573e+17
2.03298e+17
2.00847e+17
1.98144e+17
1.95198e+17
1.92172e+17
1.8886e+17
1.85391e+17
1.81654e+17
1.7769e+17
1.73405e+17
1.68851e+17
1.64232e+17
1.59496e+17
1.54414e+17
1.4892e+17
1.43148e+17
1.37158e+17
1.30927e+17
1.24258e+17
1.17447e+17
1.10156e+17
1.02656e+17
9.49557e+16
8.70507e+16
7.91088e+16
7.10983e+16
6.30386e+16
5.50811e+16
4.72059e+16
3.93539e+16
3.15944e+16
2.42448e+16
1.791e+16
1.3015e+16
9.04187e+15
4.42178e+15
1.01715e+16
2.71943e+16
4.45171e+16
6.23408e+16
8.01882e+16
9.77248e+16
1.14329e+17
1.29566e+17
1.43306e+17
1.55375e+17
1.66046e+17
1.75121e+17
1.82834e+17
1.89279e+17
1.94554e+17
1.98893e+17
2.025e+17
2.05441e+17
2.07876e+17
2.09861e+17
2.11538e+17
2.12729e+17
2.1368e+17
2.14654e+17
2.1526e+17
2.15558e+17
2.15536e+17
2.15415e+17
2.15201e+17
2.14868e+17
2.14425e+17
2.13817e+17
2.13166e+17
2.12452e+17
2.11598e+17
2.10585e+17
2.09506e+17
2.08287e+17
2.06953e+17
2.0547e+17
2.03925e+17
2.02299e+17
2.0047e+17
1.98474e+17
1.96262e+17
1.93905e+17
1.9137e+17
1.88775e+17
1.85984e+17
1.82934e+17
1.79757e+17
1.7641e+17
1.72799e+17
1.68981e+17
1.64976e+17
1.60769e+17
1.5636e+17
1.51664e+17
1.46634e+17
1.41331e+17
1.35873e+17
1.29956e+17
1.23734e+17
1.17276e+17
1.10475e+17
1.0331e+17
9.59169e+16
8.8291e+16
8.05042e+16
7.26465e+16
6.46802e+16
5.66712e+16
4.86949e+16
4.06977e+16
3.26726e+16
2.48903e+16
1.80177e+16
1.2656e+16
8.44108e+15
3.93916e+15
1.01242e+16
2.72744e+16
4.49644e+16
6.31149e+16
8.10774e+16
9.84859e+16
1.14612e+17
1.29153e+17
1.42009e+17
1.53189e+17
1.6284e+17
1.70916e+17
1.77652e+17
1.83171e+17
1.87691e+17
1.9138e+17
1.9442e+17
1.96815e+17
1.98886e+17
2.0045e+17
2.01871e+17
2.02903e+17
2.03558e+17
2.04213e+17
2.04664e+17
2.04886e+17
2.04953e+17
2.0474e+17
2.04462e+17
2.04098e+17
2.03664e+17
2.031e+17
2.02454e+17
2.01819e+17
2.00997e+17
2.00117e+17
1.99181e+17
1.98167e+17
1.97028e+17
1.95761e+17
1.94294e+17
1.92764e+17
1.91118e+17
1.89301e+17
1.87405e+17
1.85363e+17
1.83121e+17
1.80774e+17
1.78243e+17
1.75568e+17
1.7273e+17
1.69762e+17
1.66565e+17
1.63174e+17
1.59604e+17
1.55797e+17
1.51767e+17
1.47507e+17
1.43035e+17
1.38266e+17
1.33251e+17
1.27848e+17
1.22186e+17
1.1623e+17
1.09883e+17
1.03185e+17
9.62509e+16
8.90538e+16
8.16114e+16
7.40091e+16
6.62017e+16
5.82761e+16
5.03009e+16
4.22255e+16
3.40333e+16
2.58609e+16
1.84085e+16
1.25163e+16
8.01541e+15
3.55203e+15
1.01458e+16
2.75714e+16
4.56789e+16
6.41729e+16
8.21917e+16
9.92154e+16
1.14659e+17
1.2827e+17
1.40059e+17
1.50085e+17
1.58568e+17
1.65511e+17
1.71222e+17
1.75779e+17
1.79503e+17
1.82546e+17
1.85002e+17
1.86842e+17
1.88395e+17
1.89652e+17
1.90673e+17
1.9144e+17
1.91912e+17
1.9225e+17
1.92496e+17
1.92529e+17
1.92557e+17
1.9242e+17
1.92114e+17
1.91745e+17
1.91242e+17
1.90661e+17
1.90017e+17
1.89344e+17
1.88583e+17
1.87763e+17
1.86939e+17
1.8601e+17
1.84905e+17
1.83725e+17
1.82476e+17
1.81119e+17
1.79682e+17
1.78126e+17
1.76433e+17
1.74646e+17
1.72729e+17
1.70698e+17
1.68511e+17
1.66201e+17
1.63739e+17
1.611e+17
1.58284e+17
1.55337e+17
1.52206e+17
1.48885e+17
1.4536e+17
1.41639e+17
1.37735e+17
1.33502e+17
1.29044e+17
1.24298e+17
1.19261e+17
1.13852e+17
1.08104e+17
1.02081e+17
9.57523e+16
8.91272e+16
8.21483e+16
7.4962e+16
6.7479e+16
5.97724e+16
5.19294e+16
4.3902e+16
3.56106e+16
2.71373e+16
1.91029e+16
1.26099e+16
7.7381e+15
3.26545e+15
1.02565e+16
2.81189e+16
4.67378e+16
6.55542e+16
8.34428e+16
9.98175e+16
1.14259e+17
1.26628e+17
1.37064e+17
1.4574e+17
1.52916e+17
1.58563e+17
1.63203e+17
1.66851e+17
1.69733e+17
1.72062e+17
1.73866e+17
1.75223e+17
1.76281e+17
1.77054e+17
1.77685e+17
1.78137e+17
1.78456e+17
1.78606e+17
1.78616e+17
1.78483e+17
1.78307e+17
1.78065e+17
1.7773e+17
1.773e+17
1.76807e+17
1.76232e+17
1.75641e+17
1.74943e+17
1.74198e+17
1.73403e+17
1.72547e+17
1.71648e+17
1.70704e+17
1.69661e+17
1.6855e+17
1.67358e+17
1.6609e+17
1.64742e+17
1.63322e+17
1.61784e+17
1.6016e+17
1.58405e+17
1.56561e+17
1.54611e+17
1.52524e+17
1.50293e+17
1.47926e+17
1.45409e+17
1.42723e+17
1.39922e+17
1.3696e+17
1.33831e+17
1.30465e+17
1.2687e+17
1.23028e+17
1.18954e+17
1.14537e+17
1.09832e+17
1.04834e+17
9.95691e+16
9.39921e+16
8.81008e+16
8.17818e+16
7.51905e+16
6.82304e+16
6.09136e+16
5.33717e+16
4.55667e+16
3.73082e+16
2.87162e+16
2.01385e+16
1.29493e+16
7.66341e+15
3.11747e+15
1.06481e+16
2.90376e+16
4.82116e+16
6.72125e+16
8.45841e+16
9.99061e+16
1.12954e+17
1.23712e+17
1.32537e+17
1.39597e+17
1.45253e+17
1.49721e+17
1.53201e+17
1.55835e+17
1.57893e+17
1.59449e+17
1.60674e+17
1.61559e+17
1.62115e+17
1.62445e+17
1.62687e+17
1.62813e+17
1.62842e+17
1.62772e+17
1.62573e+17
1.62319e+17
1.61999e+17
1.61621e+17
1.61195e+17
1.60712e+17
1.60164e+17
1.59566e+17
1.58946e+17
1.583e+17
1.57577e+17
1.5686e+17
1.5605e+17
1.55222e+17
1.54363e+17
1.53471e+17
1.52545e+17
1.51563e+17
1.50467e+17
1.49335e+17
1.4811e+17
1.46873e+17
1.45516e+17
1.44062e+17
1.42532e+17
1.40911e+17
1.39182e+17
1.37321e+17
1.35364e+17
1.33282e+17
1.31108e+17
1.28775e+17
1.26304e+17
1.23701e+17
1.20925e+17
1.17955e+17
1.14779e+17
1.1142e+17
1.07779e+17
1.03929e+17
9.97684e+16
9.53477e+16
9.06532e+16
8.56011e+16
8.01326e+16
7.4311e+16
6.80858e+16
6.14313e+16
5.43895e+16
4.69866e+16
3.89995e+16
3.04271e+16
2.15048e+16
1.35753e+16
7.7927e+15
3.12328e+15
1.12208e+16
3.03447e+16
5.00842e+16
6.88693e+16
8.51838e+16
9.88662e+16
1.09971e+17
1.18719e+17
1.25592e+17
1.30942e+17
1.35035e+17
1.38184e+17
1.40534e+17
1.42239e+17
1.43462e+17
1.44292e+17
1.44844e+17
1.45213e+17
1.4541e+17
1.45444e+17
1.45338e+17
1.45151e+17
1.44887e+17
1.44563e+17
1.44202e+17
1.43795e+17
1.43334e+17
1.4287e+17
1.42367e+17
1.4184e+17
1.41271e+17
1.40667e+17
1.40044e+17
1.39391e+17
1.38717e+17
1.38017e+17
1.37298e+17
1.36531e+17
1.35771e+17
1.34987e+17
1.34143e+17
1.33287e+17
1.32373e+17
1.31407e+17
1.30399e+17
1.29364e+17
1.28259e+17
1.27096e+17
1.25866e+17
1.24557e+17
1.23188e+17
1.21715e+17
1.20164e+17
1.18535e+17
1.16811e+17
1.1498e+17
1.13054e+17
1.11018e+17
1.0884e+17
1.06527e+17
1.0405e+17
1.01433e+17
9.86239e+16
9.56151e+16
9.23557e+16
8.88597e+16
8.51157e+16
8.10362e+16
7.65712e+16
7.17296e+16
6.64627e+16
6.07382e+16
5.45282e+16
4.77978e+16
4.03422e+16
3.21017e+16
2.30814e+16
1.45065e+16
8.09272e+15
3.4342e+15
1.19577e+16
3.22577e+16
5.22633e+16
7.01144e+16
8.44543e+16
9.56418e+16
1.04208e+17
1.10629e+17
1.15381e+17
1.18885e+17
1.21429e+17
1.23244e+17
1.24488e+17
1.25335e+17
1.25862e+17
1.26095e+17
1.26117e+17
1.26006e+17
1.25809e+17
1.25512e+17
1.25159e+17
1.24759e+17
1.24285e+17
1.23799e+17
1.23296e+17
1.2279e+17
1.2226e+17
1.21709e+17
1.21139e+17
1.20559e+17
1.19961e+17
1.19351e+17
1.18737e+17
1.1812e+17
1.17506e+17
1.16864e+17
1.16232e+17
1.15576e+17
1.14903e+17
1.14221e+17
1.13513e+17
1.12789e+17
1.12016e+17
1.11241e+17
1.10439e+17
1.09603e+17
1.08726e+17
1.07801e+17
1.06824e+17
1.05842e+17
1.04779e+17
1.03668e+17
1.02499e+17
1.01275e+17
9.99863e+16
9.864e+16
9.7219e+16
9.57217e+16
9.41336e+16
9.24728e+16
9.0692e+16
8.88007e+16
8.67511e+16
8.45514e+16
8.21709e+16
7.96029e+16
7.68062e+16
7.37562e+16
7.04142e+16
6.67275e+16
6.26268e+16
5.80733e+16
5.29991e+16
4.7255e+16
4.07169e+16
3.32082e+16
2.45642e+16
1.56023e+16
8.5025e+15
4.0583e+15
1.15974e+16
3.26386e+16
5.25119e+16
6.81069e+16
7.9238e+16
8.72776e+16
9.29777e+16
9.69919e+16
9.97423e+16
1.01595e+17
1.02797e+17
1.03513e+17
1.03879e+17
1.03993e+17
1.03907e+17
1.03688e+17
1.03367e+17
1.02964e+17
1.02509e+17
1.02008e+17
1.01483e+17
1.00939e+17
1.00376e+17
9.98053e+16
9.92528e+16
9.87032e+16
9.81519e+16
9.75854e+16
9.7029e+16
9.64764e+16
9.59109e+16
9.53508e+16
9.48018e+16
9.42493e+16
9.37015e+16
9.31576e+16
9.26136e+16
9.2071e+16
9.15219e+16
9.09697e+16
9.04014e+16
8.98147e+16
8.92258e+16
8.86152e+16
8.80006e+16
8.73739e+16
8.67137e+16
8.60424e+16
8.53431e+16
8.46063e+16
8.38571e+16
8.30912e+16
8.22696e+16
8.14191e+16
8.05226e+16
7.95757e+16
7.8591e+16
7.75781e+16
7.6507e+16
7.53834e+16
7.41844e+16
7.28983e+16
7.1532e+16
7.00725e+16
6.84902e+16
6.67886e+16
6.49352e+16
6.28912e+16
6.06496e+16
5.81349e+16
5.53012e+16
5.20849e+16
4.8366e+16
4.40005e+16
3.88203e+16
3.25847e+16
2.50415e+16
1.64583e+16
8.81166e+15
4.85895e+15
1.76721e+16
4.04799e+16
5.31004e+16
6.16036e+16
6.74366e+16
7.13941e+16
7.39565e+16
7.55541e+16
7.64621e+16
7.69062e+16
7.70312e+16
7.6933e+16
7.66729e+16
7.63055e+16
7.58679e+16
7.53898e+16
7.48782e+16
7.43434e+16
7.3793e+16
7.3254e+16
7.27073e+16
7.21736e+16
7.16371e+16
7.11125e+16
7.05907e+16
7.00902e+16
6.96004e+16
6.91151e+16
6.86495e+16
6.81803e+16
6.7715e+16
6.72648e+16
6.68113e+16
6.63597e+16
6.59246e+16
6.54898e+16
6.50688e+16
6.46532e+16
6.42418e+16
6.38301e+16
6.34166e+16
6.30047e+16
6.25805e+16
6.21648e+16
6.17337e+16
6.12928e+16
6.0846e+16
6.03963e+16
5.99316e+16
5.9461e+16
5.89733e+16
5.84776e+16
5.79584e+16
5.74108e+16
5.68574e+16
5.62738e+16
5.56753e+16
5.50519e+16
5.44016e+16
5.37251e+16
5.30112e+16
5.22512e+16
5.1449e+16
5.06033e+16
4.96933e+16
4.87138e+16
4.7642e+16
4.64864e+16
4.52066e+16
4.37759e+16
4.21306e+16
4.02297e+16
3.79902e+16
3.52816e+16
3.19245e+16
2.76824e+16
2.22952e+16
1.57501e+16
8.63466e+15
5.64184e+15
3.70962e+15
1.65943e+16
2.44281e+16
2.87144e+16
3.13214e+16
3.29823e+16
3.40015e+16
3.45863e+16
3.4876e+16
3.49647e+16
3.49209e+16
3.47846e+16
3.45843e+16
3.43385e+16
3.40598e+16
3.377e+16
3.3475e+16
3.31691e+16
3.28681e+16
3.25677e+16
3.22768e+16
3.19801e+16
3.16918e+16
3.14108e+16
3.11339e+16
3.08686e+16
3.06129e+16
3.03592e+16
3.0117e+16
2.98776e+16
2.96501e+16
2.94267e+16
2.92031e+16
2.89868e+16
2.87788e+16
2.85743e+16
2.83711e+16
2.81798e+16
2.79812e+16
2.77902e+16
2.75991e+16
2.74101e+16
2.72132e+16
2.70198e+16
2.68236e+16
2.66276e+16
2.64265e+16
2.62262e+16
2.60244e+16
2.58143e+16
2.56037e+16
2.53846e+16
2.51645e+16
2.49387e+16
2.47043e+16
2.44594e+16
2.42054e+16
2.3951e+16
2.36838e+16
2.3407e+16
2.3122e+16
2.28203e+16
2.25042e+16
2.21667e+16
2.18091e+16
2.1431e+16
2.10253e+16
2.05857e+16
2.0112e+16
1.95834e+16
1.89877e+16
1.83107e+16
1.75199e+16
1.65783e+16
1.54329e+16
1.40314e+16
1.23436e+16
1.0229e+16
6.73399e+15
5.54731e+15
)
;

boundaryField
{
    movingWall
    {
        type            fixedValue;
        value           uniform 0;
    }
    fixedWalls
    {
        type            fixedValue;
        value           uniform 0;
    }
    frontAndBack
    {
        type            empty;
    }
}


// ************************************************************************* //
