/*--------------------------------*- C++ -*----------------------------------*\
  =========                 |
  \\      /  F ield         | OpenFOAM: The Open Source CFD Toolbox
   \\    /   O peration     | Website:  https://openfoam.org
    \\  /    A nd           | Version:  6
     \\/     M anipulation  |
\*---------------------------------------------------------------------------*/
FoamFile
{
    version     2.0;
    format      ascii;
    class       volScalarField;
    location    "600";
    object      dnp6;
}
// * * * * * * * * * * * * * * * * * * * * * * * * * * * * * * * * * * * * * //

dimensions      [0 -3 0 0 0 0 0];

internalField   nonuniform List<scalar> 
6400
(
7.28823e+13
1.45065e+14
2.05304e+14
2.63906e+14
3.2361e+14
3.78012e+14
4.24192e+14
4.82685e+14
5.37155e+14
5.85705e+14
6.29351e+14
6.92262e+14
7.35392e+14
7.7503e+14
8.34131e+14
8.81838e+14
9.35097e+14
9.63115e+14
1.0118e+15
1.04355e+15
1.09322e+15
1.124e+15
1.13581e+15
1.1676e+15
1.21321e+15
1.22918e+15
1.26534e+15
1.28569e+15
1.3214e+15
1.34305e+15
1.39284e+15
1.37611e+15
1.40341e+15
1.41214e+15
1.43069e+15
1.42069e+15
1.45306e+15
1.44098e+15
1.44548e+15
1.43753e+15
1.47141e+15
1.44983e+15
1.46028e+15
1.42525e+15
1.41071e+15
1.40248e+15
1.411e+15
1.39336e+15
1.36447e+15
1.37115e+15
1.34009e+15
1.34527e+15
1.29831e+15
1.26743e+15
1.2318e+15
1.20327e+15
1.16914e+15
1.14463e+15
1.10302e+15
1.06326e+15
1.01967e+15
9.82771e+14
9.40825e+14
8.96734e+14
8.65349e+14
8.1656e+14
7.80779e+14
7.18722e+14
6.88134e+14
6.38594e+14
5.88327e+14
5.33797e+14
4.72694e+14
4.27421e+14
3.74088e+14
3.30655e+14
2.67446e+14
2.09743e+14
1.56168e+14
7.42666e+13
1.56095e+14
3.18532e+14
4.63009e+14
6.0151e+14
7.16405e+14
8.39061e+14
9.45093e+14
1.07275e+15
1.20813e+15
1.29115e+15
1.39811e+15
1.51836e+15
1.64664e+15
1.7246e+15
1.85297e+15
1.97583e+15
2.06342e+15
2.15514e+15
2.23264e+15
2.32518e+15
2.39845e+15
2.49713e+15
2.52996e+15
2.6019e+15
2.70224e+15
2.75523e+15
2.82433e+15
2.87948e+15
2.96444e+15
2.97891e+15
3.03934e+15
3.05457e+15
3.13818e+15
3.11863e+15
3.15727e+15
3.17627e+15
3.21169e+15
3.21423e+15
3.22966e+15
3.22716e+15
3.25283e+15
3.25713e+15
3.23753e+15
3.19008e+15
3.1451e+15
3.12453e+15
3.13396e+15
3.07814e+15
3.05861e+15
3.03522e+15
3.00035e+15
2.96132e+15
2.90649e+15
2.82451e+15
2.74359e+15
2.67078e+15
2.59788e+15
2.53464e+15
2.47314e+15
2.36984e+15
2.26955e+15
2.18604e+15
2.08968e+15
1.98232e+15
1.92343e+15
1.83559e+15
1.72478e+15
1.61428e+15
1.50832e+15
1.43065e+15
1.31318e+15
1.18841e+15
1.05393e+15
9.51325e+14
8.38611e+14
7.13484e+14
5.93191e+14
4.62258e+14
3.45605e+14
1.57398e+14
2.22172e+14
4.61516e+14
6.57045e+14
8.57022e+14
1.00944e+15
1.17925e+15
1.34363e+15
1.52002e+15
1.70497e+15
1.83242e+15
1.97712e+15
2.13864e+15
2.31467e+15
2.45384e+15
2.64326e+15
2.79597e+15
2.91327e+15
3.0393e+15
3.1759e+15
3.30857e+15
3.40619e+15
3.54575e+15
3.59258e+15
3.70511e+15
3.83628e+15
3.92544e+15
4.0154e+15
4.13764e+15
4.18916e+15
4.22014e+15
4.30011e+15
4.37237e+15
4.41723e+15
4.45009e+15
4.49216e+15
4.53798e+15
4.5738e+15
4.58202e+15
4.53868e+15
4.55933e+15
4.56672e+15
4.59259e+15
4.57277e+15
4.53474e+15
4.47176e+15
4.42849e+15
4.41677e+15
4.36799e+15
4.32179e+15
4.29365e+15
4.25119e+15
4.17644e+15
4.10999e+15
4.00557e+15
3.89694e+15
3.79901e+15
3.67952e+15
3.61055e+15
3.51e+15
3.37544e+15
3.21737e+15
3.11591e+15
2.97757e+15
2.81566e+15
2.7157e+15
2.59906e+15
2.44474e+15
2.30042e+15
2.13618e+15
2.0237e+15
1.87243e+15
1.70813e+15
1.51033e+15
1.37769e+15
1.1926e+15
1.01471e+15
8.54884e+14
6.61336e+14
4.76062e+14
2.24484e+14
2.78342e+14
5.86879e+14
8.44041e+14
1.08252e+15
1.29229e+15
1.50332e+15
1.71377e+15
1.92503e+15
2.16402e+15
2.34806e+15
2.52227e+15
2.71866e+15
2.90067e+15
3.13762e+15
3.33065e+15
3.51355e+15
3.67977e+15
3.83816e+15
4.02259e+15
4.16683e+15
4.34031e+15
4.47278e+15
4.56615e+15
4.72234e+15
4.86034e+15
4.99156e+15
5.03868e+15
5.16992e+15
5.27067e+15
5.33452e+15
5.45034e+15
5.50577e+15
5.55087e+15
5.62715e+15
5.66805e+15
5.72371e+15
5.77609e+15
5.79846e+15
5.7667e+15
5.77595e+15
5.7951e+15
5.81167e+15
5.76923e+15
5.68809e+15
5.64779e+15
5.59794e+15
5.56237e+15
5.53793e+15
5.4862e+15
5.41659e+15
5.35137e+15
5.26136e+15
5.17684e+15
5.06973e+15
4.9469e+15
4.82481e+15
4.69818e+15
4.55495e+15
4.41337e+15
4.28095e+15
4.09519e+15
3.92623e+15
3.74872e+15
3.58153e+15
3.44776e+15
3.27113e+15
3.10016e+15
2.94039e+15
2.72038e+15
2.54601e+15
2.355e+15
2.14821e+15
1.92893e+15
1.72292e+15
1.50795e+15
1.28172e+15
1.07653e+15
8.41796e+14
5.85036e+14
2.79386e+14
3.34648e+14
7.29065e+14
1.00949e+15
1.29141e+15
1.54172e+15
1.81213e+15
2.06435e+15
2.32212e+15
2.57711e+15
2.82314e+15
3.05487e+15
3.25534e+15
3.48283e+15
3.76933e+15
4.01671e+15
4.21846e+15
4.42665e+15
4.61818e+15
4.78968e+15
4.9953e+15
5.16789e+15
5.34058e+15
5.49369e+15
5.67008e+15
5.84691e+15
5.99355e+15
6.0914e+15
6.21121e+15
6.3177e+15
6.43409e+15
6.4936e+15
6.56612e+15
6.66445e+15
6.69814e+15
6.7883e+15
6.84399e+15
6.91351e+15
6.99428e+15
6.98504e+15
6.99272e+15
6.97837e+15
6.98489e+15
6.93954e+15
6.85559e+15
6.76806e+15
6.77337e+15
6.732e+15
6.65432e+15
6.62542e+15
6.50715e+15
6.42705e+15
6.2784e+15
6.20962e+15
6.15052e+15
5.98863e+15
5.83769e+15
5.68193e+15
5.48519e+15
5.3082e+15
5.16269e+15
4.95903e+15
4.70797e+15
4.50914e+15
4.30593e+15
4.13147e+15
3.93983e+15
3.7499e+15
3.55166e+15
3.27169e+15
3.05649e+15
2.80288e+15
2.54885e+15
2.31832e+15
2.03784e+15
1.77354e+15
1.53369e+15
1.28314e+15
1.01524e+15
6.95851e+14
3.30368e+14
3.934e+14
8.43525e+14
1.19185e+15
1.51657e+15
1.78834e+15
2.09541e+15
2.39625e+15
2.70705e+15
2.99353e+15
3.27868e+15
3.54187e+15
3.7931e+15
4.0753e+15
4.3883e+15
4.65488e+15
4.86515e+15
5.13103e+15
5.3455e+15
5.56005e+15
5.8307e+15
6.0412e+15
6.21989e+15
6.38129e+15
6.58851e+15
6.77912e+15
6.97084e+15
7.10364e+15
7.23409e+15
7.35654e+15
7.48667e+15
7.5363e+15
7.6548e+15
7.77643e+15
7.85028e+15
7.94053e+15
8.01148e+15
8.0952e+15
8.16295e+15
8.17957e+15
8.11702e+15
8.14096e+15
8.13011e+15
8.06615e+15
8.03427e+15
7.96805e+15
7.94646e+15
7.87246e+15
7.78968e+15
7.71305e+15
7.5932e+15
7.48622e+15
7.34974e+15
7.22296e+15
7.10832e+15
6.9579e+15
6.81793e+15
6.63667e+15
6.4004e+15
6.19377e+15
6.03824e+15
5.81816e+15
5.53781e+15
5.30083e+15
5.03009e+15
4.82168e+15
4.60759e+15
4.39786e+15
4.11168e+15
3.81766e+15
3.56184e+15
3.26125e+15
2.96275e+15
2.67477e+15
2.36321e+15
2.05765e+15
1.78828e+15
1.49092e+15
1.18596e+15
8.15855e+14
3.90977e+14
4.43479e+14
9.48323e+14
1.36126e+15
1.72609e+15
2.03646e+15
2.3797e+15
2.72252e+15
3.06829e+15
3.39763e+15
3.73948e+15
4.0311e+15
4.33377e+15
4.66104e+15
4.9685e+15
5.24944e+15
5.54741e+15
5.8045e+15
6.10672e+15
6.39174e+15
6.64951e+15
6.85809e+15
7.08916e+15
7.26377e+15
7.46418e+15
7.69895e+15
7.94475e+15
8.15523e+15
8.26118e+15
8.3555e+15
8.54234e+15
8.64149e+15
8.75317e+15
8.85435e+15
8.9437e+15
9.06463e+15
9.14518e+15
9.26723e+15
9.2797e+15
9.25452e+15
9.27373e+15
9.28698e+15
9.27978e+15
9.23668e+15
9.21036e+15
9.10105e+15
9.05572e+15
9.01996e+15
8.92275e+15
8.79661e+15
8.66068e+15
8.52023e+15
8.40109e+15
8.29843e+15
8.06292e+15
7.9051e+15
7.81193e+15
7.59716e+15
7.32507e+15
7.06154e+15
6.89288e+15
6.64818e+15
6.35551e+15
6.04317e+15
5.75374e+15
5.5083e+15
5.24458e+15
5.04294e+15
4.71994e+15
4.37118e+15
4.07609e+15
3.71267e+15
3.38083e+15
3.04762e+15
2.69725e+15
2.33832e+15
2.02472e+15
1.67461e+15
1.35908e+15
9.56222e+14
4.58381e+14
4.97063e+14
1.07097e+15
1.53782e+15
1.93931e+15
2.30317e+15
2.69045e+15
3.07419e+15
3.42797e+15
3.82549e+15
4.19527e+15
4.52897e+15
4.87216e+15
5.25564e+15
5.56131e+15
5.89279e+15
6.23268e+15
6.55683e+15
6.88263e+15
7.15276e+15
7.44639e+15
7.67709e+15
7.92556e+15
8.18038e+15
8.41111e+15
8.64647e+15
8.88403e+15
9.12754e+15
9.22471e+15
9.47049e+15
9.63237e+15
9.70236e+15
9.82421e+15
9.94409e+15
1.00526e+16
1.01773e+16
1.02386e+16
1.03676e+16
1.04202e+16
1.04422e+16
1.04454e+16
1.04429e+16
1.03979e+16
1.03636e+16
1.03743e+16
1.02175e+16
1.01212e+16
1.01146e+16
9.99122e+15
9.88393e+15
9.70149e+15
9.59202e+15
9.45456e+15
9.22975e+15
9.05193e+15
8.87226e+15
8.72076e+15
8.50668e+15
8.28608e+15
7.98611e+15
7.68826e+15
7.40483e+15
7.10262e+15
6.78623e+15
6.45251e+15
6.19131e+15
5.89479e+15
5.60999e+15
5.28845e+15
4.94149e+15
4.55913e+15
4.18089e+15
3.79946e+15
3.42886e+15
3.01688e+15
2.64543e+15
2.26267e+15
1.87593e+15
1.5219e+15
1.07678e+15
5.09152e+14
5.45788e+14
1.17464e+15
1.7083e+15
2.15306e+15
2.58318e+15
2.96827e+15
3.41063e+15
3.82407e+15
4.22428e+15
4.64255e+15
5.05503e+15
5.3832e+15
5.81265e+15
6.22883e+15
6.59216e+15
6.86546e+15
7.26144e+15
7.6775e+15
7.95059e+15
8.25295e+15
8.54621e+15
8.79227e+15
9.04518e+15
9.36993e+15
9.59354e+15
9.8553e+15
1.01053e+16
1.02496e+16
1.04597e+16
1.06468e+16
1.08144e+16
1.09504e+16
1.11259e+16
1.11998e+16
1.12873e+16
1.13876e+16
1.15068e+16
1.15773e+16
1.16141e+16
1.16075e+16
1.15835e+16
1.15453e+16
1.14677e+16
1.14206e+16
1.13347e+16
1.12131e+16
1.11571e+16
1.10389e+16
1.09656e+16
1.08036e+16
1.06242e+16
1.04344e+16
1.02371e+16
1.00724e+16
9.85713e+15
9.66869e+15
9.42814e+15
9.15023e+15
8.82645e+15
8.53732e+15
8.17806e+15
7.90683e+15
7.56947e+15
7.20413e+15
6.82822e+15
6.51738e+15
6.20506e+15
5.81433e+15
5.43588e+15
5.02956e+15
4.65616e+15
4.24623e+15
3.78634e+15
3.34172e+15
2.93046e+15
2.51809e+15
2.08398e+15
1.66853e+15
1.16875e+15
5.60886e+14
6.04338e+14
1.26957e+15
1.84839e+15
2.34793e+15
2.82583e+15
3.26763e+15
3.73808e+15
4.17418e+15
4.64344e+15
5.11089e+15
5.57978e+15
5.94699e+15
6.33266e+15
6.81978e+15
7.22917e+15
7.60235e+15
8.00536e+15
8.39592e+15
8.74566e+15
9.09343e+15
9.42923e+15
9.67984e+15
9.98135e+15
1.03142e+16
1.06096e+16
1.09042e+16
1.1124e+16
1.1332e+16
1.15558e+16
1.17322e+16
1.19201e+16
1.20734e+16
1.22318e+16
1.23291e+16
1.24649e+16
1.25147e+16
1.26366e+16
1.26702e+16
1.26976e+16
1.27633e+16
1.27626e+16
1.26904e+16
1.26436e+16
1.25467e+16
1.24742e+16
1.23498e+16
1.22773e+16
1.21537e+16
1.20482e+16
1.18872e+16
1.1718e+16
1.15097e+16
1.13068e+16
1.10967e+16
1.08397e+16
1.06465e+16
1.02987e+16
9.97954e+15
9.70732e+15
9.36876e+15
8.99266e+15
8.59859e+15
8.23983e+15
7.88343e+15
7.54329e+15
7.2115e+15
6.79726e+15
6.37416e+15
5.90692e+15
5.51324e+15
5.08967e+15
4.62163e+15
4.09819e+15
3.65226e+15
3.1989e+15
2.75877e+15
2.27889e+15
1.80433e+15
1.28208e+15
6.01565e+14
6.7301e+14
1.38557e+15
1.99799e+15
2.53457e+15
3.03069e+15
3.55189e+15
4.06422e+15
4.53808e+15
5.06517e+15
5.57244e+15
6.11128e+15
6.48263e+15
6.86013e+15
7.37279e+15
7.84218e+15
8.26448e+15
8.70527e+15
9.11187e+15
9.52602e+15
9.94441e+15
1.02848e+16
1.06099e+16
1.087e+16
1.11538e+16
1.15405e+16
1.18635e+16
1.21366e+16
1.23327e+16
1.26062e+16
1.27684e+16
1.29521e+16
1.31091e+16
1.32895e+16
1.34488e+16
1.35887e+16
1.36678e+16
1.37605e+16
1.38451e+16
1.38539e+16
1.39782e+16
1.39115e+16
1.38514e+16
1.38176e+16
1.36836e+16
1.35903e+16
1.34543e+16
1.34146e+16
1.32813e+16
1.31358e+16
1.29828e+16
1.2797e+16
1.25397e+16
1.23102e+16
1.20807e+16
1.1839e+16
1.15516e+16
1.11551e+16
1.08944e+16
1.05595e+16
1.02274e+16
9.85949e+15
9.39914e+15
9.03878e+15
8.62417e+15
8.23804e+15
7.87197e+15
7.38763e+15
6.89558e+15
6.46129e+15
5.97822e+15
5.52016e+15
5.01697e+15
4.47963e+15
3.98732e+15
3.49676e+15
2.99746e+15
2.46218e+15
1.95951e+15
1.3817e+15
6.49059e+14
7.47727e+14
1.51342e+15
2.14356e+15
2.73559e+15
3.29057e+15
3.83334e+15
4.39057e+15
4.90922e+15
5.42401e+15
5.98961e+15
6.54305e+15
7.00955e+15
7.41803e+15
7.94591e+15
8.45459e+15
8.971e+15
9.4532e+15
9.86886e+15
1.03027e+16
1.07181e+16
1.10987e+16
1.15036e+16
1.17485e+16
1.21479e+16
1.25361e+16
1.28335e+16
1.31258e+16
1.33419e+16
1.35715e+16
1.38596e+16
1.4077e+16
1.42732e+16
1.44775e+16
1.4581e+16
1.46772e+16
1.48161e+16
1.49526e+16
1.49598e+16
1.49503e+16
1.50434e+16
1.50356e+16
1.50243e+16
1.49265e+16
1.48114e+16
1.47041e+16
1.46296e+16
1.45098e+16
1.43583e+16
1.42393e+16
1.40492e+16
1.38603e+16
1.36012e+16
1.33472e+16
1.31261e+16
1.28343e+16
1.249e+16
1.21657e+16
1.17839e+16
1.14191e+16
1.11044e+16
1.07331e+16
1.02805e+16
9.84133e+15
9.39282e+15
8.93183e+15
8.46406e+15
7.98626e+15
7.44803e+15
6.96003e+15
6.45995e+15
5.94031e+15
5.44114e+15
4.85131e+15
4.29846e+15
3.76298e+15
3.21742e+15
2.68274e+15
2.112e+15
1.48539e+15
7.03283e+14
7.95173e+14
1.64008e+15
2.31448e+15
2.92613e+15
3.53795e+15
4.13601e+15
4.71815e+15
5.33036e+15
5.82678e+15
6.43111e+15
7.01734e+15
7.55219e+15
8.0656e+15
8.58914e+15
9.07927e+15
9.64393e+15
1.01152e+16
1.05623e+16
1.1035e+16
1.14834e+16
1.19421e+16
1.24157e+16
1.27186e+16
1.31434e+16
1.35732e+16
1.38533e+16
1.41445e+16
1.43936e+16
1.46648e+16
1.4944e+16
1.51581e+16
1.53368e+16
1.55587e+16
1.57688e+16
1.58124e+16
1.59917e+16
1.60365e+16
1.60687e+16
1.6138e+16
1.61639e+16
1.62058e+16
1.61188e+16
1.61104e+16
1.6002e+16
1.59329e+16
1.57943e+16
1.56747e+16
1.5548e+16
1.5378e+16
1.51798e+16
1.49594e+16
1.4687e+16
1.4416e+16
1.41032e+16
1.38063e+16
1.34693e+16
1.31107e+16
1.27217e+16
1.23084e+16
1.19294e+16
1.15438e+16
1.11463e+16
1.06071e+16
1.01525e+16
9.6119e+15
9.10318e+15
8.57305e+15
8.00439e+15
7.52926e+15
6.94246e+15
6.36604e+15
5.82594e+15
5.21776e+15
4.58911e+15
4.03323e+15
3.43076e+15
2.86068e+15
2.25784e+15
1.6001e+15
7.4897e+14
8.40947e+14
1.77041e+15
2.47884e+15
3.13171e+15
3.8058e+15
4.44576e+15
5.04339e+15
5.65894e+15
6.20487e+15
6.8919e+15
7.51524e+15
8.09824e+15
8.69777e+15
9.24104e+15
9.72732e+15
1.02908e+16
1.08907e+16
1.1334e+16
1.18973e+16
1.23455e+16
1.28594e+16
1.32179e+16
1.36403e+16
1.40791e+16
1.45436e+16
1.49102e+16
1.51616e+16
1.54677e+16
1.56857e+16
1.60226e+16
1.62218e+16
1.64858e+16
1.67185e+16
1.68694e+16
1.6935e+16
1.71432e+16
1.72139e+16
1.72676e+16
1.73594e+16
1.7347e+16
1.73877e+16
1.73135e+16
1.72386e+16
1.71105e+16
1.69931e+16
1.68616e+16
1.677e+16
1.66322e+16
1.64847e+16
1.62501e+16
1.60163e+16
1.57537e+16
1.5395e+16
1.51141e+16
1.47718e+16
1.43949e+16
1.40153e+16
1.3667e+16
1.31818e+16
1.27682e+16
1.23614e+16
1.1885e+16
1.13538e+16
1.08253e+16
1.02516e+16
9.70183e+15
9.17658e+15
8.6377e+15
8.07991e+15
7.44864e+15
6.79839e+15
6.23077e+15
5.59643e+15
4.93363e+15
4.28963e+15
3.69784e+15
3.02554e+15
2.394e+15
1.69471e+15
8.05991e+14
8.62215e+14
1.86358e+15
2.6243e+15
3.35821e+15
4.05048e+15
4.74527e+15
5.41527e+15
6.04158e+15
6.63395e+15
7.33194e+15
7.9444e+15
8.62958e+15
9.2887e+15
9.86566e+15
1.04056e+16
1.09925e+16
1.15847e+16
1.2075e+16
1.26239e+16
1.31685e+16
1.3696e+16
1.40765e+16
1.45447e+16
1.50148e+16
1.5493e+16
1.58045e+16
1.61884e+16
1.65314e+16
1.67901e+16
1.71101e+16
1.74001e+16
1.76042e+16
1.78447e+16
1.80148e+16
1.81418e+16
1.82421e+16
1.83751e+16
1.84071e+16
1.85429e+16
1.84848e+16
1.84933e+16
1.84635e+16
1.84051e+16
1.82349e+16
1.81754e+16
1.79969e+16
1.78586e+16
1.77065e+16
1.75651e+16
1.73275e+16
1.70678e+16
1.67612e+16
1.64217e+16
1.60974e+16
1.57259e+16
1.52804e+16
1.48511e+16
1.45089e+16
1.40316e+16
1.35913e+16
1.31315e+16
1.26119e+16
1.20637e+16
1.14619e+16
1.09095e+16
1.03355e+16
9.78074e+15
9.20078e+15
8.59373e+15
7.89498e+15
7.29584e+15
6.64081e+15
5.94831e+15
5.29556e+15
4.62324e+15
3.97415e+15
3.24327e+15
2.56351e+15
1.81288e+15
8.62553e+14
9.06459e+14
1.96958e+15
2.77541e+15
3.53157e+15
4.25443e+15
5.02223e+15
5.75913e+15
6.44528e+15
7.05786e+15
7.74946e+15
8.45641e+15
9.15709e+15
9.80837e+15
1.04592e+16
1.10763e+16
1.17258e+16
1.2281e+16
1.28182e+16
1.34144e+16
1.39496e+16
1.4532e+16
1.49685e+16
1.55067e+16
1.60202e+16
1.6458e+16
1.68116e+16
1.72311e+16
1.74048e+16
1.78272e+16
1.81338e+16
1.83979e+16
1.87e+16
1.88875e+16
1.91459e+16
1.92237e+16
1.93991e+16
1.95006e+16
1.94882e+16
1.96342e+16
1.95779e+16
1.95857e+16
1.96182e+16
1.95326e+16
1.94323e+16
1.93555e+16
1.91703e+16
1.89685e+16
1.87587e+16
1.86432e+16
1.83719e+16
1.80672e+16
1.78075e+16
1.73905e+16
1.69837e+16
1.66051e+16
1.62002e+16
1.57217e+16
1.54112e+16
1.48854e+16
1.4385e+16
1.3912e+16
1.34088e+16
1.28492e+16
1.21328e+16
1.16059e+16
1.09789e+16
1.03598e+16
9.72495e+15
9.06429e+15
8.40283e+15
7.70996e+15
7.03423e+15
6.36006e+15
5.63415e+15
4.90942e+15
4.23459e+15
3.44911e+15
2.71783e+15
1.91525e+15
9.05653e+14
9.40978e+14
2.07663e+15
2.94342e+15
3.74315e+15
4.48068e+15
5.25875e+15
6.07782e+15
6.8266e+15
7.51728e+15
8.24181e+15
8.99525e+15
9.72331e+15
1.03612e+16
1.10776e+16
1.17639e+16
1.24127e+16
1.30177e+16
1.35901e+16
1.4254e+16
1.47735e+16
1.53393e+16
1.58663e+16
1.64155e+16
1.69351e+16
1.73773e+16
1.77688e+16
1.82123e+16
1.84653e+16
1.8892e+16
1.92167e+16
1.94531e+16
1.9745e+16
1.99215e+16
2.01556e+16
2.03277e+16
2.04847e+16
2.05798e+16
2.06078e+16
2.07448e+16
2.07336e+16
2.07237e+16
2.06822e+16
2.06425e+16
2.05383e+16
2.0405e+16
2.02724e+16
2.00612e+16
1.98047e+16
1.96569e+16
1.93723e+16
1.911e+16
1.87785e+16
1.83985e+16
1.79644e+16
1.75145e+16
1.71025e+16
1.66067e+16
1.62077e+16
1.57258e+16
1.52064e+16
1.46635e+16
1.40826e+16
1.35161e+16
1.28116e+16
1.2188e+16
1.16117e+16
1.09371e+16
1.02787e+16
9.58397e+15
8.84162e+15
8.18863e+15
7.46134e+15
6.70249e+15
5.97721e+15
5.20742e+15
4.44026e+15
3.65943e+15
2.84998e+15
2.02016e+15
9.61438e+14
1.01765e+15
2.19779e+15
3.09132e+15
3.95718e+15
4.76613e+15
5.57657e+15
6.38973e+15
7.20746e+15
7.92864e+15
8.69121e+15
9.46076e+15
1.02127e+16
1.0937e+16
1.17292e+16
1.24397e+16
1.30886e+16
1.3771e+16
1.43363e+16
1.5072e+16
1.56386e+16
1.61517e+16
1.67175e+16
1.72508e+16
1.78213e+16
1.82691e+16
1.86847e+16
1.91794e+16
1.9482e+16
1.98469e+16
2.02638e+16
2.04605e+16
2.07457e+16
2.10302e+16
2.11638e+16
2.13649e+16
2.15604e+16
2.16837e+16
2.17545e+16
2.17948e+16
2.18282e+16
2.18221e+16
2.18292e+16
2.17257e+16
2.15704e+16
2.1523e+16
2.13566e+16
2.11511e+16
2.09256e+16
2.07327e+16
2.03519e+16
2.00547e+16
1.97076e+16
1.93332e+16
1.89073e+16
1.84993e+16
1.80475e+16
1.75471e+16
1.70152e+16
1.65363e+16
1.59375e+16
1.53899e+16
1.47953e+16
1.4141e+16
1.3545e+16
1.28748e+16
1.22406e+16
1.15094e+16
1.08011e+16
1.00974e+16
9.35067e+15
8.68479e+15
7.85827e+15
7.02897e+15
6.27165e+15
5.49204e+15
4.67773e+15
3.84435e+15
2.98966e+15
2.11436e+15
1.01404e+15
1.08077e+15
2.28373e+15
3.24825e+15
4.15395e+15
5.03663e+15
5.89309e+15
6.70422e+15
7.51729e+15
8.29523e+15
9.13874e+15
9.98426e+15
1.06989e+16
1.15312e+16
1.23153e+16
1.30302e+16
1.37289e+16
1.44703e+16
1.50914e+16
1.57981e+16
1.64331e+16
1.70047e+16
1.76132e+16
1.81732e+16
1.86506e+16
1.91544e+16
1.96777e+16
2.01361e+16
2.05593e+16
2.08708e+16
2.12997e+16
2.15486e+16
2.18353e+16
2.20547e+16
2.22125e+16
2.24439e+16
2.26218e+16
2.28403e+16
2.28833e+16
2.29487e+16
2.2972e+16
2.29856e+16
2.2879e+16
2.28076e+16
2.26281e+16
2.25766e+16
2.239e+16
2.22058e+16
2.19496e+16
2.17422e+16
2.13393e+16
2.10591e+16
2.06723e+16
2.03657e+16
1.99205e+16
1.94654e+16
1.89694e+16
1.83962e+16
1.78183e+16
1.72982e+16
1.67614e+16
1.62187e+16
1.54719e+16
1.48809e+16
1.42588e+16
1.35356e+16
1.2811e+16
1.21115e+16
1.13224e+16
1.06378e+16
9.90728e+15
9.1162e+15
8.22318e+15
7.38748e+15
6.5715e+15
5.7381e+15
4.87035e+15
4.00609e+15
3.14192e+15
2.2186e+15
1.07239e+15
1.13664e+15
2.40082e+15
3.4026e+15
4.35408e+15
5.23245e+15
6.13956e+15
6.96935e+15
7.81154e+15
8.70018e+15
9.64419e+15
1.04559e+16
1.11974e+16
1.21027e+16
1.29453e+16
1.37104e+16
1.44331e+16
1.51812e+16
1.58766e+16
1.65605e+16
1.72211e+16
1.78942e+16
1.84351e+16
1.9032e+16
1.95764e+16
2.0155e+16
2.06386e+16
2.11195e+16
2.15465e+16
2.19217e+16
2.23711e+16
2.25246e+16
2.28581e+16
2.30457e+16
2.3226e+16
2.34937e+16
2.36641e+16
2.3854e+16
2.39016e+16
2.39991e+16
2.40117e+16
2.39871e+16
2.39715e+16
2.38562e+16
2.37136e+16
2.35986e+16
2.33883e+16
2.32938e+16
2.29653e+16
2.26823e+16
2.23163e+16
2.19938e+16
2.16761e+16
2.12564e+16
2.07902e+16
2.03477e+16
1.98104e+16
1.92685e+16
1.8697e+16
1.81467e+16
1.7569e+16
1.68943e+16
1.62053e+16
1.55926e+16
1.49849e+16
1.42239e+16
1.33978e+16
1.2666e+16
1.19387e+16
1.10992e+16
1.03342e+16
9.5258e+15
8.5943e+15
7.766e+15
6.92871e+15
5.99415e+15
5.08719e+15
4.16406e+15
3.29079e+15
2.33205e+15
1.13074e+15
1.20569e+15
2.54254e+15
3.5495e+15
4.52489e+15
5.41697e+15
6.41646e+15
7.32814e+15
8.18243e+15
9.18376e+15
1.00675e+16
1.08616e+16
1.17472e+16
1.26183e+16
1.35626e+16
1.43783e+16
1.51179e+16
1.59206e+16
1.6623e+16
1.73006e+16
1.80012e+16
1.86159e+16
1.92516e+16
1.98795e+16
2.05906e+16
2.10864e+16
2.1516e+16
2.19954e+16
2.24546e+16
2.28551e+16
2.32749e+16
2.35134e+16
2.38621e+16
2.40761e+16
2.43518e+16
2.45338e+16
2.47224e+16
2.48686e+16
2.49598e+16
2.49519e+16
2.50308e+16
2.49922e+16
2.49774e+16
2.49577e+16
2.47338e+16
2.46714e+16
2.44425e+16
2.42995e+16
2.39706e+16
2.36481e+16
2.32755e+16
2.29612e+16
2.26e+16
2.22057e+16
2.16882e+16
2.11779e+16
2.07078e+16
2.00851e+16
1.95621e+16
1.89215e+16
1.83582e+16
1.76323e+16
1.69341e+16
1.62433e+16
1.56724e+16
1.48859e+16
1.40676e+16
1.32957e+16
1.24922e+16
1.15785e+16
1.07752e+16
9.91927e+15
8.96935e+15
8.0828e+15
7.19526e+15
6.27007e+15
5.30946e+15
4.38612e+15
3.43331e+15
2.41795e+15
1.1794e+15
1.23662e+15
2.65704e+15
3.75445e+15
4.69419e+15
5.66601e+15
6.69948e+15
7.63081e+15
8.58758e+15
9.54065e+15
1.04752e+16
1.13272e+16
1.22627e+16
1.32103e+16
1.41203e+16
1.49873e+16
1.58038e+16
1.66469e+16
1.73785e+16
1.8118e+16
1.88102e+16
1.94273e+16
2.00822e+16
2.0695e+16
2.14402e+16
2.19475e+16
2.24105e+16
2.29199e+16
2.33799e+16
2.38095e+16
2.4259e+16
2.45559e+16
2.48832e+16
2.50852e+16
2.53303e+16
2.5602e+16
2.57951e+16
2.59143e+16
2.59468e+16
2.60322e+16
2.60399e+16
2.60351e+16
2.60645e+16
2.598e+16
2.58291e+16
2.56337e+16
2.53873e+16
2.51496e+16
2.48701e+16
2.45999e+16
2.42673e+16
2.39421e+16
2.34816e+16
2.30685e+16
2.25482e+16
2.20148e+16
2.1518e+16
2.09097e+16
2.03848e+16
1.97182e+16
1.91152e+16
1.84569e+16
1.77199e+16
1.69614e+16
1.62895e+16
1.55139e+16
1.46717e+16
1.38587e+16
1.29944e+16
1.20851e+16
1.12314e+16
1.03631e+16
9.3309e+15
8.42719e+15
7.44391e+15
6.52475e+15
5.538e+15
4.57204e+15
3.57367e+15
2.52456e+15
1.23517e+15
1.30154e+15
2.7816e+15
3.8846e+15
4.8854e+15
5.95527e+15
6.98052e+15
7.94247e+15
8.92079e+15
9.84754e+15
1.08542e+16
1.17677e+16
1.27474e+16
1.37534e+16
1.46653e+16
1.56093e+16
1.65049e+16
1.7319e+16
1.81292e+16
1.88404e+16
1.95282e+16
2.0231e+16
2.09207e+16
2.15908e+16
2.22604e+16
2.28627e+16
2.34132e+16
2.38386e+16
2.43372e+16
2.48119e+16
2.52472e+16
2.55575e+16
2.58752e+16
2.62299e+16
2.64708e+16
2.66443e+16
2.68598e+16
2.69364e+16
2.70682e+16
2.70645e+16
2.70925e+16
2.70688e+16
2.70741e+16
2.69807e+16
2.68701e+16
2.65734e+16
2.64064e+16
2.6058e+16
2.58363e+16
2.55606e+16
2.5231e+16
2.48267e+16
2.43058e+16
2.38391e+16
2.33508e+16
2.28289e+16
2.22285e+16
2.16054e+16
2.10732e+16
2.04359e+16
1.9788e+16
1.91179e+16
1.83907e+16
1.7573e+16
1.69341e+16
1.60547e+16
1.51976e+16
1.43258e+16
1.34821e+16
1.25386e+16
1.16645e+16
1.07113e+16
9.7164e+15
8.78071e+15
7.76276e+15
6.81268e+15
5.75988e+15
4.72017e+15
3.70491e+15
2.64037e+15
1.28521e+15
1.35535e+15
2.87823e+15
4.05509e+15
5.13049e+15
6.17321e+15
7.2498e+15
8.23982e+15
9.24075e+15
1.02587e+16
1.13476e+16
1.22932e+16
1.33448e+16
1.43278e+16
1.52169e+16
1.61866e+16
1.70496e+16
1.79657e+16
1.87954e+16
1.95377e+16
2.02687e+16
2.1049e+16
2.17877e+16
2.25026e+16
2.31523e+16
2.37229e+16
2.43015e+16
2.4825e+16
2.52384e+16
2.56816e+16
2.61089e+16
2.65604e+16
2.68334e+16
2.7184e+16
2.74811e+16
2.76788e+16
2.78423e+16
2.79338e+16
2.80906e+16
2.81003e+16
2.81647e+16
2.80756e+16
2.8025e+16
2.79058e+16
2.78217e+16
2.75697e+16
2.73402e+16
2.70024e+16
2.67537e+16
2.65003e+16
2.60682e+16
2.57046e+16
2.52349e+16
2.47612e+16
2.41903e+16
2.37004e+16
2.31015e+16
2.23563e+16
2.17972e+16
2.1194e+16
2.04669e+16
1.97813e+16
1.90715e+16
1.82148e+16
1.75319e+16
1.6687e+16
1.57901e+16
1.48521e+16
1.39455e+16
1.30276e+16
1.2037e+16
1.10566e+16
1.01072e+16
9.12473e+15
8.05617e+15
7.09405e+15
5.98439e+15
4.93054e+15
3.86871e+15
2.73679e+15
1.29419e+15
1.39885e+15
2.94527e+15
4.18769e+15
5.28102e+15
6.38922e+15
7.51183e+15
8.5861e+15
9.62765e+15
1.06854e+16
1.1749e+16
1.27397e+16
1.38054e+16
1.48162e+16
1.58057e+16
1.67989e+16
1.77382e+16
1.8624e+16
1.93889e+16
2.02463e+16
2.10687e+16
2.18851e+16
2.25939e+16
2.3317e+16
2.3961e+16
2.45202e+16
2.51186e+16
2.56677e+16
2.61327e+16
2.65754e+16
2.70726e+16
2.74437e+16
2.78032e+16
2.81617e+16
2.8451e+16
2.86875e+16
2.88792e+16
2.89422e+16
2.90451e+16
2.9082e+16
2.90881e+16
2.91063e+16
2.9097e+16
2.89995e+16
2.88258e+16
2.86229e+16
2.83505e+16
2.79708e+16
2.76838e+16
2.73428e+16
2.69437e+16
2.65618e+16
2.61058e+16
2.55817e+16
2.5067e+16
2.44739e+16
2.39381e+16
2.31889e+16
2.2532e+16
2.18335e+16
2.10963e+16
2.03588e+16
1.97028e+16
1.88061e+16
1.80174e+16
1.71798e+16
1.63363e+16
1.5381e+16
1.44107e+16
1.3453e+16
1.24624e+16
1.14493e+16
1.04367e+16
9.33259e+15
8.31294e+15
7.28404e+15
6.17024e+15
5.11424e+15
4.00714e+15
2.82895e+15
1.33545e+15
1.43756e+15
3.02666e+15
4.29761e+15
5.47431e+15
6.61603e+15
7.7639e+15
8.88184e+15
9.98671e+15
1.10357e+16
1.21579e+16
1.3273e+16
1.4322e+16
1.53509e+16
1.63554e+16
1.73595e+16
1.83044e+16
1.91987e+16
2.00159e+16
2.09868e+16
2.17341e+16
2.24861e+16
2.33205e+16
2.40258e+16
2.47028e+16
2.53555e+16
2.5979e+16
2.65686e+16
2.70513e+16
2.75366e+16
2.80139e+16
2.84808e+16
2.88544e+16
2.91217e+16
2.93915e+16
2.96728e+16
2.97993e+16
3.00096e+16
3.0091e+16
3.01374e+16
3.01671e+16
3.00994e+16
3.00577e+16
2.99037e+16
2.98172e+16
2.95221e+16
2.92417e+16
2.89645e+16
2.86639e+16
2.8291e+16
2.78568e+16
2.73613e+16
2.68933e+16
2.6326e+16
2.57887e+16
2.52512e+16
2.46082e+16
2.39308e+16
2.31892e+16
2.2505e+16
2.17074e+16
2.09198e+16
2.02211e+16
1.939e+16
1.85405e+16
1.77028e+16
1.68143e+16
1.58926e+16
1.48851e+16
1.39004e+16
1.2829e+16
1.1792e+16
1.07925e+16
9.64628e+15
8.62647e+15
7.51395e+15
6.38873e+15
5.27187e+15
4.13433e+15
2.91941e+15
1.39239e+15
1.47907e+15
3.09751e+15
4.42687e+15
5.66832e+15
6.83589e+15
7.97316e+15
9.13727e+15
1.0291e+16
1.14405e+16
1.2508e+16
1.36406e+16
1.476e+16
1.58198e+16
1.6906e+16
1.79284e+16
1.88419e+16
1.97971e+16
2.06558e+16
2.15905e+16
2.24547e+16
2.32898e+16
2.40661e+16
2.48351e+16
2.553e+16
2.62549e+16
2.67805e+16
2.74179e+16
2.79047e+16
2.83866e+16
2.8898e+16
2.93305e+16
2.9716e+16
3.00688e+16
3.03177e+16
3.04988e+16
3.07844e+16
3.08984e+16
3.10833e+16
3.10725e+16
3.11081e+16
3.10574e+16
3.09759e+16
3.08336e+16
3.06905e+16
3.04757e+16
3.01679e+16
2.97529e+16
2.95656e+16
2.90604e+16
2.86941e+16
2.81765e+16
2.76928e+16
2.70479e+16
2.64907e+16
2.59082e+16
2.53079e+16
2.46143e+16
2.39258e+16
2.3191e+16
2.24131e+16
2.16145e+16
2.08061e+16
1.99599e+16
1.90136e+16
1.81451e+16
1.72455e+16
1.62513e+16
1.5236e+16
1.41941e+16
1.31513e+16
1.20774e+16
1.11346e+16
9.99625e+15
8.88704e+15
7.76556e+15
6.61994e+15
5.47144e+15
4.26608e+15
2.98711e+15
1.43517e+15
1.51441e+15
3.18602e+15
4.54525e+15
5.83042e+15
7.02797e+15
8.19339e+15
9.41696e+15
1.06123e+16
1.1804e+16
1.29436e+16
1.41321e+16
1.52163e+16
1.63574e+16
1.7383e+16
1.83939e+16
1.94269e+16
2.03718e+16
2.13438e+16
2.22621e+16
2.32034e+16
2.40019e+16
2.47628e+16
2.55902e+16
2.6353e+16
2.7028e+16
2.77072e+16
2.83086e+16
2.87921e+16
2.93485e+16
2.98046e+16
3.03058e+16
3.06928e+16
3.09494e+16
3.12089e+16
3.14215e+16
3.17142e+16
3.18156e+16
3.19129e+16
3.19907e+16
3.2078e+16
3.19666e+16
3.1827e+16
3.17238e+16
3.15822e+16
3.12476e+16
3.09534e+16
3.05386e+16
3.035e+16
2.99059e+16
2.94294e+16
2.8942e+16
2.84104e+16
2.78152e+16
2.72013e+16
2.65479e+16
2.5947e+16
2.52417e+16
2.45065e+16
2.37845e+16
2.30103e+16
2.21548e+16
2.13122e+16
2.04997e+16
1.95789e+16
1.8628e+16
1.77482e+16
1.67216e+16
1.56202e+16
1.45861e+16
1.35494e+16
1.24844e+16
1.14334e+16
1.03127e+16
9.15127e+15
8.02831e+15
6.80056e+15
5.6346e+15
4.38131e+15
3.07478e+15
1.46274e+15
1.55344e+15
3.28525e+15
4.68969e+15
5.98722e+15
7.21942e+15
8.44761e+15
9.72732e+15
1.09657e+16
1.2148e+16
1.341e+16
1.45685e+16
1.56608e+16
1.68166e+16
1.78837e+16
1.89174e+16
1.99846e+16
2.09569e+16
2.19313e+16
2.29436e+16
2.38489e+16
2.46863e+16
2.55251e+16
2.63877e+16
2.71922e+16
2.77894e+16
2.84617e+16
2.91228e+16
2.96025e+16
3.0145e+16
3.06362e+16
3.10918e+16
3.14762e+16
3.18619e+16
3.21433e+16
3.24604e+16
3.26467e+16
3.27999e+16
3.28512e+16
3.29227e+16
3.29547e+16
3.28215e+16
3.26758e+16
3.25441e+16
3.22889e+16
3.2004e+16
3.17359e+16
3.14255e+16
3.10364e+16
3.0641e+16
3.01293e+16
2.96568e+16
2.90485e+16
2.84925e+16
2.79035e+16
2.72251e+16
2.64739e+16
2.5855e+16
2.51047e+16
2.43424e+16
2.35382e+16
2.26658e+16
2.18555e+16
2.10336e+16
2.00878e+16
1.9137e+16
1.81122e+16
1.70273e+16
1.60357e+16
1.49034e+16
1.38472e+16
1.27823e+16
1.17675e+16
1.06228e+16
9.4785e+15
8.28764e+15
6.99029e+15
5.81315e+15
4.55584e+15
3.19553e+15
1.51106e+15
1.58953e+15
3.39042e+15
4.85916e+15
6.15265e+15
7.45283e+15
8.76156e+15
1.00403e+16
1.13591e+16
1.25494e+16
1.37788e+16
1.49936e+16
1.61352e+16
1.7336e+16
1.83455e+16
1.94768e+16
2.05766e+16
2.15673e+16
2.25981e+16
2.35969e+16
2.45195e+16
2.5429e+16
2.63053e+16
2.7215e+16
2.78928e+16
2.85965e+16
2.93208e+16
2.99616e+16
3.04196e+16
3.10068e+16
3.15944e+16
3.19825e+16
3.24209e+16
3.27827e+16
3.31114e+16
3.33995e+16
3.35903e+16
3.36526e+16
3.36756e+16
3.36919e+16
3.36648e+16
3.36522e+16
3.34938e+16
3.32885e+16
3.30269e+16
3.27813e+16
3.24768e+16
3.21458e+16
3.17757e+16
3.12759e+16
3.07982e+16
3.02499e+16
2.97262e+16
2.91027e+16
2.84749e+16
2.78365e+16
2.70818e+16
2.63212e+16
2.5585e+16
2.48143e+16
2.39864e+16
2.31689e+16
2.22902e+16
2.14621e+16
2.05443e+16
1.95111e+16
1.85589e+16
1.74962e+16
1.63917e+16
1.52335e+16
1.41856e+16
1.30606e+16
1.20359e+16
1.09181e+16
9.72016e+15
8.4733e+15
7.19134e+15
5.97867e+15
4.66303e+15
3.26931e+15
1.55509e+15
1.62278e+15
3.49645e+15
4.97407e+15
6.3495e+15
7.683e+15
8.97562e+15
1.02984e+16
1.16575e+16
1.2888e+16
1.41445e+16
1.54067e+16
1.66638e+16
1.78002e+16
1.88994e+16
2.00612e+16
2.11388e+16
2.21617e+16
2.3215e+16
2.42318e+16
2.51942e+16
2.60902e+16
2.70618e+16
2.78707e+16
2.8676e+16
2.93777e+16
3.00752e+16
3.07595e+16
3.13175e+16
3.19681e+16
3.24887e+16
3.29197e+16
3.32839e+16
3.36621e+16
3.40225e+16
3.41457e+16
3.43554e+16
3.43968e+16
3.44674e+16
3.44457e+16
3.4378e+16
3.4369e+16
3.41486e+16
3.40379e+16
3.37769e+16
3.35053e+16
3.31503e+16
3.27411e+16
3.23913e+16
3.20008e+16
3.14794e+16
3.09489e+16
3.0325e+16
2.97217e+16
2.90121e+16
2.83323e+16
2.75555e+16
2.68134e+16
2.60664e+16
2.52883e+16
2.44619e+16
2.35715e+16
2.26279e+16
2.18022e+16
2.0883e+16
1.98644e+16
1.88943e+16
1.78957e+16
1.67438e+16
1.56024e+16
1.45685e+16
1.33829e+16
1.23023e+16
1.11433e+16
9.97499e+15
8.69989e+15
7.34399e+15
6.10504e+15
4.75664e+15
3.36001e+15
1.6017e+15
1.65337e+15
3.54584e+15
5.03859e+15
6.46593e+15
7.81584e+15
9.18312e+15
1.0579e+16
1.19407e+16
1.32312e+16
1.44805e+16
1.57514e+16
1.70716e+16
1.8254e+16
1.94338e+16
2.06512e+16
2.16838e+16
2.28038e+16
2.38696e+16
2.48931e+16
2.58988e+16
2.67955e+16
2.76511e+16
2.84889e+16
2.93382e+16
3.00006e+16
3.07385e+16
3.14834e+16
3.21184e+16
3.27835e+16
3.31378e+16
3.36319e+16
3.40312e+16
3.44219e+16
3.46743e+16
3.48765e+16
3.50739e+16
3.51682e+16
3.52939e+16
3.52715e+16
3.52301e+16
3.5067e+16
3.48503e+16
3.46992e+16
3.43968e+16
3.41174e+16
3.37763e+16
3.33464e+16
3.29179e+16
3.25108e+16
3.20661e+16
3.14476e+16
3.08842e+16
3.02762e+16
2.95412e+16
2.88068e+16
2.8005e+16
2.72974e+16
2.65382e+16
2.56541e+16
2.48782e+16
2.39784e+16
2.30384e+16
2.21395e+16
2.11244e+16
2.01997e+16
1.9219e+16
1.80584e+16
1.70808e+16
1.59571e+16
1.48498e+16
1.36727e+16
1.25219e+16
1.13639e+16
1.01516e+16
8.82673e+15
7.48615e+15
6.17704e+15
4.85276e+15
3.4616e+15
1.62492e+15
1.66912e+15
3.57949e+15
5.11459e+15
6.57601e+15
7.96177e+15
9.36111e+15
1.0801e+16
1.21966e+16
1.3502e+16
1.48052e+16
1.61728e+16
1.73897e+16
1.86729e+16
1.99705e+16
2.10955e+16
2.22829e+16
2.33757e+16
2.44384e+16
2.55163e+16
2.64989e+16
2.73624e+16
2.83547e+16
2.92251e+16
2.99967e+16
3.08345e+16
3.15627e+16
3.23273e+16
3.29246e+16
3.35354e+16
3.39893e+16
3.44612e+16
3.48469e+16
3.5193e+16
3.54412e+16
3.56358e+16
3.5817e+16
3.58797e+16
3.59623e+16
3.59179e+16
3.59046e+16
3.56889e+16
3.54844e+16
3.53033e+16
3.49889e+16
3.47061e+16
3.43678e+16
3.40183e+16
3.3537e+16
3.30706e+16
3.26386e+16
3.19829e+16
3.13955e+16
3.07378e+16
3.00543e+16
2.92721e+16
2.84902e+16
2.77454e+16
2.68928e+16
2.61013e+16
2.5228e+16
2.42861e+16
2.33511e+16
2.24032e+16
2.13759e+16
2.04535e+16
1.95061e+16
1.83882e+16
1.73384e+16
1.62951e+16
1.50985e+16
1.39062e+16
1.27784e+16
1.15233e+16
1.03334e+16
8.96577e+15
7.64528e+15
6.3144e+15
4.97147e+15
3.51323e+15
1.6656e+15
1.70231e+15
3.62542e+15
5.18989e+15
6.69685e+15
8.08429e+15
9.54379e+15
1.1064e+16
1.24953e+16
1.38491e+16
1.52068e+16
1.65127e+16
1.78812e+16
1.91981e+16
2.04582e+16
2.16329e+16
2.28757e+16
2.39616e+16
2.50705e+16
2.61189e+16
2.70528e+16
2.80609e+16
2.90091e+16
2.99239e+16
3.07326e+16
3.15939e+16
3.23459e+16
3.30396e+16
3.3673e+16
3.42922e+16
3.47466e+16
3.51402e+16
3.54968e+16
3.58868e+16
3.606e+16
3.6277e+16
3.64639e+16
3.64691e+16
3.65518e+16
3.65055e+16
3.64965e+16
3.6313e+16
3.6167e+16
3.58812e+16
3.5673e+16
3.52822e+16
3.49305e+16
3.45952e+16
3.41303e+16
3.36187e+16
3.30898e+16
3.25393e+16
3.1798e+16
3.11603e+16
3.04482e+16
2.97609e+16
2.89433e+16
2.81353e+16
2.72481e+16
2.64152e+16
2.56248e+16
2.47273e+16
2.37641e+16
2.28037e+16
2.17746e+16
2.07359e+16
1.97221e+16
1.86207e+16
1.75726e+16
1.64128e+16
1.52981e+16
1.41216e+16
1.30187e+16
1.173e+16
1.04283e+16
9.10466e+15
7.77246e+15
6.40174e+15
5.05613e+15
3.56207e+15
1.72489e+15
1.73514e+15
3.71966e+15
5.31423e+15
6.85265e+15
8.25442e+15
9.76451e+15
1.1245e+16
1.26916e+16
1.41564e+16
1.55302e+16
1.69048e+16
1.83149e+16
1.96009e+16
2.09585e+16
2.20691e+16
2.33735e+16
2.44315e+16
2.55745e+16
2.6628e+16
2.77128e+16
2.86836e+16
2.96797e+16
3.05677e+16
3.14143e+16
3.22849e+16
3.29843e+16
3.37028e+16
3.42999e+16
3.48891e+16
3.53851e+16
3.58613e+16
3.61891e+16
3.65589e+16
3.67361e+16
3.69255e+16
3.70859e+16
3.70954e+16
3.71151e+16
3.70837e+16
3.70535e+16
3.69383e+16
3.67694e+16
3.64894e+16
3.61963e+16
3.58033e+16
3.54467e+16
3.49961e+16
3.45502e+16
3.39635e+16
3.34875e+16
3.28322e+16
3.2195e+16
3.14463e+16
3.07529e+16
3.00789e+16
2.92347e+16
2.84561e+16
2.75628e+16
2.66426e+16
2.57944e+16
2.49021e+16
2.40016e+16
2.30683e+16
2.2057e+16
2.09564e+16
1.99808e+16
1.88665e+16
1.77406e+16
1.66347e+16
1.54971e+16
1.43501e+16
1.32053e+16
1.19274e+16
1.06184e+16
9.27618e+15
7.96285e+15
6.51096e+15
5.11365e+15
3.63861e+15
1.73583e+15
1.77309e+15
3.8038e+15
5.35374e+15
6.93958e+15
8.42884e+15
9.90409e+15
1.14295e+16
1.29743e+16
1.4458e+16
1.58402e+16
1.72609e+16
1.87215e+16
1.99852e+16
2.13484e+16
2.25778e+16
2.38502e+16
2.49179e+16
2.6092e+16
2.72267e+16
2.83161e+16
2.9373e+16
3.03214e+16
3.11695e+16
3.20579e+16
3.28651e+16
3.36676e+16
3.43281e+16
3.49622e+16
3.55777e+16
3.60567e+16
3.64886e+16
3.67935e+16
3.70876e+16
3.73325e+16
3.74752e+16
3.76185e+16
3.77202e+16
3.77014e+16
3.76887e+16
3.75724e+16
3.74613e+16
3.72434e+16
3.70201e+16
3.6652e+16
3.63793e+16
3.5901e+16
3.54815e+16
3.49883e+16
3.44282e+16
3.37986e+16
3.31722e+16
3.25113e+16
3.18062e+16
3.10149e+16
3.02794e+16
2.94846e+16
2.86796e+16
2.77721e+16
2.69313e+16
2.59786e+16
2.51282e+16
2.42236e+16
2.31621e+16
2.22151e+16
2.11237e+16
2.0177e+16
1.90629e+16
1.79379e+16
1.68551e+16
1.57368e+16
1.4583e+16
1.3364e+16
1.21115e+16
1.08105e+16
9.45238e+15
8.12486e+15
6.67358e+15
5.19683e+15
3.68861e+15
1.77025e+15
1.82142e+15
3.86899e+15
5.48112e+15
7.01715e+15
8.545e+15
1.01176e+16
1.16381e+16
1.32206e+16
1.46659e+16
1.61403e+16
1.76038e+16
1.89804e+16
2.03318e+16
2.17675e+16
2.30078e+16
2.42481e+16
2.54453e+16
2.65971e+16
2.77545e+16
2.89408e+16
2.99378e+16
3.09071e+16
3.17973e+16
3.26575e+16
3.35192e+16
3.42719e+16
3.49768e+16
3.56256e+16
3.61577e+16
3.65969e+16
3.70349e+16
3.74046e+16
3.76555e+16
3.79537e+16
3.81445e+16
3.81988e+16
3.82504e+16
3.83241e+16
3.82689e+16
3.816e+16
3.79863e+16
3.77402e+16
3.7469e+16
3.71068e+16
3.66775e+16
3.63082e+16
3.5807e+16
3.53102e+16
3.4729e+16
3.41399e+16
3.34493e+16
3.27487e+16
3.20514e+16
3.12884e+16
3.04758e+16
2.97059e+16
2.88679e+16
2.79737e+16
2.70705e+16
2.61659e+16
2.5272e+16
2.43602e+16
2.33704e+16
2.23786e+16
2.13012e+16
2.03122e+16
1.92048e+16
1.81337e+16
1.701e+16
1.58768e+16
1.47066e+16
1.34858e+16
1.22346e+16
1.09874e+16
9.59933e+15
8.26806e+15
6.80668e+15
5.29714e+15
3.75939e+15
1.80069e+15
1.8665e+15
3.94436e+15
5.60375e+15
7.13557e+15
8.69239e+15
1.0254e+16
1.18383e+16
1.34069e+16
1.48705e+16
1.64175e+16
1.79399e+16
1.93835e+16
2.07804e+16
2.21875e+16
2.34171e+16
2.46737e+16
2.595e+16
2.71131e+16
2.83073e+16
2.94541e+16
3.04352e+16
3.14127e+16
3.23263e+16
3.32785e+16
3.40761e+16
3.48533e+16
3.55566e+16
3.61577e+16
3.66797e+16
3.71713e+16
3.76352e+16
3.79263e+16
3.82617e+16
3.84979e+16
3.86762e+16
3.8781e+16
3.87602e+16
3.88302e+16
3.87851e+16
3.86259e+16
3.85041e+16
3.8211e+16
3.78551e+16
3.75427e+16
3.7121e+16
3.6617e+16
3.60997e+16
3.55252e+16
3.49314e+16
3.42948e+16
3.36424e+16
3.29296e+16
3.22199e+16
3.14555e+16
3.06456e+16
2.982e+16
2.89897e+16
2.80793e+16
2.72223e+16
2.62465e+16
2.53157e+16
2.44397e+16
2.34309e+16
2.24901e+16
2.14153e+16
2.03451e+16
1.92678e+16
1.81858e+16
1.70656e+16
1.59904e+16
1.48276e+16
1.35682e+16
1.23329e+16
1.10985e+16
9.70169e+15
8.3382e+15
6.87535e+15
5.38895e+15
3.78344e+15
1.81613e+15
1.85744e+15
3.97574e+15
5.68791e+15
7.26275e+15
8.85138e+15
1.0432e+16
1.20188e+16
1.35637e+16
1.51004e+16
1.672e+16
1.81739e+16
1.96654e+16
2.11214e+16
2.24885e+16
2.38127e+16
2.50458e+16
2.63582e+16
2.76368e+16
2.89459e+16
2.99146e+16
3.09422e+16
3.19059e+16
3.28699e+16
3.38448e+16
3.46175e+16
3.54145e+16
3.60714e+16
3.66819e+16
3.72199e+16
3.75992e+16
3.81614e+16
3.84715e+16
3.8864e+16
3.90214e+16
3.92177e+16
3.93074e+16
3.93403e+16
3.93535e+16
3.92762e+16
3.90649e+16
3.88739e+16
3.84877e+16
3.82275e+16
3.78005e+16
3.74114e+16
3.68783e+16
3.63475e+16
3.57011e+16
3.51146e+16
3.44934e+16
3.37648e+16
3.30053e+16
3.23377e+16
3.1505e+16
3.07145e+16
2.97961e+16
2.90738e+16
2.81774e+16
2.73182e+16
2.63144e+16
2.53552e+16
2.43979e+16
2.34478e+16
2.24915e+16
2.14795e+16
2.04243e+16
1.93315e+16
1.82906e+16
1.71379e+16
1.60061e+16
1.49079e+16
1.36216e+16
1.23729e+16
1.1115e+16
9.79501e+15
8.40201e+15
6.97041e+15
5.42495e+15
3.82415e+15
1.84885e+15
1.89279e+15
4.0226e+15
5.73759e+15
7.38403e+15
8.94408e+15
1.05702e+16
1.21902e+16
1.37576e+16
1.534e+16
1.69128e+16
1.84563e+16
2.00139e+16
2.14329e+16
2.28391e+16
2.41958e+16
2.55037e+16
2.6871e+16
2.81757e+16
2.93356e+16
3.04065e+16
3.14413e+16
3.24889e+16
3.34022e+16
3.43892e+16
3.51847e+16
3.58883e+16
3.64807e+16
3.71125e+16
3.75985e+16
3.82133e+16
3.86299e+16
3.90816e+16
3.93033e+16
3.95392e+16
3.97682e+16
3.9743e+16
3.98191e+16
3.97847e+16
3.96658e+16
3.93805e+16
3.92303e+16
3.87901e+16
3.85504e+16
3.80598e+16
3.76255e+16
3.70869e+16
3.65342e+16
3.59179e+16
3.52596e+16
3.45691e+16
3.38865e+16
3.31214e+16
3.24111e+16
3.15827e+16
3.07462e+16
2.9846e+16
2.90188e+16
2.8072e+16
2.72288e+16
2.62959e+16
2.53454e+16
2.43932e+16
2.34472e+16
2.2495e+16
2.1452e+16
2.04632e+16
1.93917e+16
1.82936e+16
1.71371e+16
1.60715e+16
1.49044e+16
1.36671e+16
1.24081e+16
1.1097e+16
9.84023e+15
8.462e+15
7.027e+15
5.49723e+15
3.87335e+15
1.8591e+15
1.90444e+15
4.07187e+15
5.84656e+15
7.46794e+15
9.06702e+15
1.07351e+16
1.23451e+16
1.3979e+16
1.55979e+16
1.71519e+16
1.86888e+16
2.02656e+16
2.17275e+16
2.31734e+16
2.45511e+16
2.58973e+16
2.72234e+16
2.85287e+16
2.97536e+16
3.09442e+16
3.19258e+16
3.30182e+16
3.39261e+16
3.4813e+16
3.55104e+16
3.62345e+16
3.69735e+16
3.7568e+16
3.81556e+16
3.86904e+16
3.91274e+16
3.94587e+16
3.97258e+16
3.99369e+16
4.0028e+16
4.01255e+16
4.01626e+16
4.00864e+16
3.99375e+16
3.97137e+16
3.94651e+16
3.91786e+16
3.88062e+16
3.83673e+16
3.78098e+16
3.73198e+16
3.67566e+16
3.61117e+16
3.54135e+16
3.47313e+16
3.3982e+16
3.31761e+16
3.23684e+16
3.16069e+16
3.0747e+16
2.98004e+16
2.8938e+16
2.80196e+16
2.7109e+16
2.62631e+16
2.53017e+16
2.4349e+16
2.33206e+16
2.24106e+16
2.14333e+16
2.03699e+16
1.93362e+16
1.82937e+16
1.71627e+16
1.60241e+16
1.49247e+16
1.37185e+16
1.24685e+16
1.11973e+16
9.84618e+15
8.51294e+15
7.02823e+15
5.52892e+15
3.91081e+15
1.86059e+15
1.94009e+15
4.15526e+15
5.89848e+15
7.57181e+15
9.1865e+15
1.08334e+16
1.24929e+16
1.40671e+16
1.56913e+16
1.73043e+16
1.89365e+16
2.0502e+16
2.20657e+16
2.35334e+16
2.48619e+16
2.62534e+16
2.76265e+16
2.8892e+16
3.01511e+16
3.12554e+16
3.23402e+16
3.3404e+16
3.42486e+16
3.51374e+16
3.58872e+16
3.67309e+16
3.74357e+16
3.80436e+16
3.85618e+16
3.90254e+16
3.95703e+16
3.98003e+16
4.0113e+16
4.02469e+16
4.03237e+16
4.04168e+16
4.04319e+16
4.0328e+16
4.01229e+16
3.99261e+16
3.96525e+16
3.93286e+16
3.89685e+16
3.84463e+16
3.79542e+16
3.73899e+16
3.68005e+16
3.61403e+16
3.54486e+16
3.47945e+16
3.39482e+16
3.32058e+16
3.23455e+16
3.156e+16
3.07083e+16
2.97938e+16
2.88966e+16
2.79944e+16
2.69985e+16
2.61408e+16
2.51408e+16
2.42236e+16
2.32475e+16
2.2231e+16
2.1321e+16
2.03238e+16
1.92395e+16
1.81997e+16
1.70673e+16
1.60437e+16
1.48809e+16
1.37173e+16
1.24802e+16
1.11574e+16
9.89653e+15
8.52349e+15
7.09768e+15
5.61659e+15
3.95158e+15
1.86942e+15
1.97629e+15
4.20203e+15
5.95266e+15
7.61963e+15
9.31155e+15
1.096e+16
1.26257e+16
1.42557e+16
1.59379e+16
1.75569e+16
1.91545e+16
2.07408e+16
2.23075e+16
2.37896e+16
2.51747e+16
2.65578e+16
2.79698e+16
2.92943e+16
3.05437e+16
3.158e+16
3.27636e+16
3.37221e+16
3.46265e+16
3.55598e+16
3.63483e+16
3.711e+16
3.77472e+16
3.84152e+16
3.89205e+16
3.93806e+16
3.9841e+16
4.01624e+16
4.03814e+16
4.06049e+16
4.06644e+16
4.07462e+16
4.06875e+16
4.05486e+16
4.03401e+16
4.00953e+16
3.975e+16
3.93758e+16
3.896e+16
3.85125e+16
3.79944e+16
3.73839e+16
3.67866e+16
3.60436e+16
3.54031e+16
3.46836e+16
3.39248e+16
3.30887e+16
3.22606e+16
3.13956e+16
3.0591e+16
2.96375e+16
2.87283e+16
2.78278e+16
2.68906e+16
2.59237e+16
2.50095e+16
2.40076e+16
2.30576e+16
2.20406e+16
2.10935e+16
2.01241e+16
1.91423e+16
1.80474e+16
1.69641e+16
1.58659e+16
1.48026e+16
1.36791e+16
1.24631e+16
1.11762e+16
9.87305e+15
8.58128e+15
7.14583e+15
5.64124e+15
3.96555e+15
1.90886e+15
1.98238e+15
4.22966e+15
6.05337e+15
7.73233e+15
9.37595e+15
1.10816e+16
1.27482e+16
1.44114e+16
1.61318e+16
1.77153e+16
1.93193e+16
2.09564e+16
2.25115e+16
2.40264e+16
2.54964e+16
2.6915e+16
2.83097e+16
2.95843e+16
3.07715e+16
3.19299e+16
3.30527e+16
3.39831e+16
3.49625e+16
3.59367e+16
3.67199e+16
3.74755e+16
3.81438e+16
3.87406e+16
3.92731e+16
3.96872e+16
4.02371e+16
4.05488e+16
4.07399e+16
4.09249e+16
4.092e+16
4.09677e+16
4.08675e+16
4.07583e+16
4.049e+16
4.0191e+16
3.98013e+16
3.94376e+16
3.89419e+16
3.84945e+16
3.79756e+16
3.73223e+16
3.67073e+16
3.59988e+16
3.52945e+16
3.45398e+16
3.37278e+16
3.2937e+16
3.20596e+16
3.12367e+16
3.03311e+16
2.94112e+16
2.85062e+16
2.75961e+16
2.67066e+16
2.57386e+16
2.47263e+16
2.38583e+16
2.28206e+16
2.18855e+16
2.08858e+16
1.9914e+16
1.89421e+16
1.79022e+16
1.68078e+16
1.57038e+16
1.46812e+16
1.35833e+16
1.24293e+16
1.11588e+16
9.84643e+15
8.56243e+15
7.14748e+15
5.63058e+15
3.99819e+15
1.90605e+15
1.99343e+15
4.22805e+15
6.08146e+15
7.78084e+15
9.51647e+15
1.11827e+16
1.28912e+16
1.46141e+16
1.6266e+16
1.79244e+16
1.95932e+16
2.12692e+16
2.27793e+16
2.42987e+16
2.57534e+16
2.72274e+16
2.8615e+16
2.99083e+16
3.10082e+16
3.22045e+16
3.32637e+16
3.4308e+16
3.53336e+16
3.62353e+16
3.69934e+16
3.77037e+16
3.84124e+16
3.90575e+16
3.95959e+16
4.00532e+16
4.0503e+16
4.07016e+16
4.09267e+16
4.10455e+16
4.10857e+16
4.10616e+16
4.09955e+16
4.08147e+16
4.05363e+16
4.01893e+16
3.98364e+16
3.93795e+16
3.89531e+16
3.84025e+16
3.79103e+16
3.72525e+16
3.65979e+16
3.58618e+16
3.51227e+16
3.44146e+16
3.35475e+16
3.27434e+16
3.18762e+16
3.09849e+16
3.00934e+16
2.92115e+16
2.82174e+16
2.73464e+16
2.64199e+16
2.54796e+16
2.44696e+16
2.34879e+16
2.259e+16
2.15572e+16
2.06739e+16
1.96647e+16
1.8634e+16
1.76674e+16
1.66606e+16
1.5528e+16
1.45087e+16
1.34101e+16
1.23199e+16
1.11583e+16
9.84655e+15
8.52526e+15
7.1304e+15
5.60949e+15
3.99682e+15
1.89849e+15
1.99313e+15
4.23674e+15
6.09472e+15
7.84945e+15
9.55366e+15
1.12822e+16
1.30034e+16
1.47472e+16
1.63962e+16
1.8132e+16
1.97786e+16
2.13821e+16
2.29346e+16
2.44786e+16
2.59301e+16
2.74711e+16
2.88183e+16
3.00788e+16
3.1268e+16
3.25005e+16
3.35928e+16
3.4593e+16
3.56335e+16
3.64908e+16
3.72685e+16
3.79918e+16
3.87238e+16
3.93319e+16
3.98282e+16
4.03093e+16
4.06273e+16
4.09027e+16
4.11235e+16
4.11825e+16
4.11619e+16
4.1157e+16
4.09901e+16
4.08356e+16
4.0575e+16
4.02439e+16
3.98986e+16
3.94159e+16
3.89616e+16
3.83918e+16
3.78079e+16
3.72033e+16
3.6531e+16
3.57523e+16
3.49935e+16
3.42615e+16
3.34304e+16
3.25482e+16
3.16795e+16
3.07737e+16
2.98262e+16
2.8953e+16
2.79764e+16
2.70082e+16
2.60751e+16
2.51518e+16
2.41794e+16
2.31956e+16
2.22749e+16
2.12807e+16
2.03366e+16
1.94029e+16
1.84005e+16
1.74463e+16
1.641e+16
1.53678e+16
1.43273e+16
1.32753e+16
1.21639e+16
1.10178e+16
9.7999e+15
8.48151e+15
7.13035e+15
5.61563e+15
3.99106e+15
1.90654e+15
2.00342e+15
4.29955e+15
6.1065e+15
7.90126e+15
9.66064e+15
1.13994e+16
1.30954e+16
1.48388e+16
1.65548e+16
1.82849e+16
1.99181e+16
2.15436e+16
2.3119e+16
2.46375e+16
2.61517e+16
2.76981e+16
2.90316e+16
3.0312e+16
3.15263e+16
3.27335e+16
3.38149e+16
3.48211e+16
3.58152e+16
3.66615e+16
3.74521e+16
3.82051e+16
3.88937e+16
3.94579e+16
3.99922e+16
4.03685e+16
4.07158e+16
4.10505e+16
4.11541e+16
4.11708e+16
4.1241e+16
4.11742e+16
4.10297e+16
4.08175e+16
4.05615e+16
4.01656e+16
3.9827e+16
3.93289e+16
3.88198e+16
3.82614e+16
3.76208e+16
3.70156e+16
3.62416e+16
3.54945e+16
3.47485e+16
3.39069e+16
3.31319e+16
3.22406e+16
3.13673e+16
3.05171e+16
2.95549e+16
2.8625e+16
2.76614e+16
2.67429e+16
2.57193e+16
2.4769e+16
2.37661e+16
2.28476e+16
2.18851e+16
2.09736e+16
1.99779e+16
1.90212e+16
1.80543e+16
1.71223e+16
1.61457e+16
1.51169e+16
1.40914e+16
1.30547e+16
1.2037e+16
1.08761e+16
9.69496e+15
8.41127e+15
7.0614e+15
5.5604e+15
3.9706e+15
1.87411e+15
2.00638e+15
4.25423e+15
6.1075e+15
7.90875e+15
9.6868e+15
1.14425e+16
1.31874e+16
1.49696e+16
1.66887e+16
1.839e+16
2.00474e+16
2.17041e+16
2.33207e+16
2.47918e+16
2.63256e+16
2.78348e+16
2.91267e+16
3.0414e+16
3.16981e+16
3.28764e+16
3.39494e+16
3.50354e+16
3.5943e+16
3.6835e+16
3.76391e+16
3.84015e+16
3.90799e+16
3.96981e+16
4.01799e+16
4.0558e+16
4.08596e+16
4.10877e+16
4.1118e+16
4.1213e+16
4.11241e+16
4.11123e+16
4.09666e+16
4.07514e+16
4.04397e+16
4.00723e+16
3.9635e+16
3.91593e+16
3.86268e+16
3.80839e+16
3.74268e+16
3.67938e+16
3.60992e+16
3.53185e+16
3.45425e+16
3.37218e+16
3.28124e+16
3.19883e+16
3.10374e+16
3.01618e+16
2.92359e+16
2.8333e+16
2.73425e+16
2.63812e+16
2.54004e+16
2.44294e+16
2.34544e+16
2.24455e+16
2.15227e+16
2.05766e+16
1.96544e+16
1.87172e+16
1.77617e+16
1.67796e+16
1.58163e+16
1.48954e+16
1.38706e+16
1.28114e+16
1.18437e+16
1.07682e+16
9.62061e+15
8.37205e+15
7.01868e+15
5.53573e+15
3.96097e+15
1.86332e+15
1.99903e+15
4.2579e+15
6.12142e+15
7.89014e+15
9.68281e+15
1.14709e+16
1.31848e+16
1.49983e+16
1.6776e+16
1.85153e+16
2.01624e+16
2.1783e+16
2.33527e+16
2.49504e+16
2.64843e+16
2.79069e+16
2.92032e+16
3.05663e+16
3.17794e+16
3.29404e+16
3.41102e+16
3.50838e+16
3.60818e+16
3.69599e+16
3.77885e+16
3.85846e+16
3.92249e+16
3.97974e+16
4.01808e+16
4.05153e+16
4.07933e+16
4.09815e+16
4.11282e+16
4.11981e+16
4.11077e+16
4.10183e+16
4.08093e+16
4.05638e+16
4.02603e+16
3.99168e+16
3.94511e+16
3.896e+16
3.84171e+16
3.78051e+16
3.7195e+16
3.65416e+16
3.5785e+16
3.50133e+16
3.4227e+16
3.34633e+16
3.25623e+16
3.16489e+16
3.07045e+16
2.97776e+16
2.88369e+16
2.78853e+16
2.69492e+16
2.59746e+16
2.50277e+16
2.40346e+16
2.30435e+16
2.20194e+16
2.10826e+16
2.01249e+16
1.92023e+16
1.82581e+16
1.73267e+16
1.64429e+16
1.54801e+16
1.45059e+16
1.35696e+16
1.25643e+16
1.15755e+16
1.05468e+16
9.46101e+15
8.2733e+15
7.00191e+15
5.53155e+15
3.92205e+15
1.89035e+15
1.97203e+15
4.28026e+15
6.11139e+15
7.90338e+15
9.72887e+15
1.15061e+16
1.32824e+16
1.51113e+16
1.68393e+16
1.86048e+16
2.02238e+16
2.18974e+16
2.35247e+16
2.50289e+16
2.66048e+16
2.80097e+16
2.93536e+16
3.0661e+16
3.18419e+16
3.31464e+16
3.42766e+16
3.5255e+16
3.62594e+16
3.70933e+16
3.79206e+16
3.86279e+16
3.92153e+16
3.96638e+16
4.0154e+16
4.05113e+16
4.08345e+16
4.09309e+16
4.10999e+16
4.11435e+16
4.10587e+16
4.1018e+16
4.07421e+16
4.04911e+16
4.01574e+16
3.97712e+16
3.93027e+16
3.88294e+16
3.82271e+16
3.76853e+16
3.6984e+16
3.62846e+16
3.55047e+16
3.47251e+16
3.38757e+16
3.31246e+16
3.2208e+16
3.13005e+16
3.03743e+16
2.93744e+16
2.84549e+16
2.7455e+16
2.65432e+16
2.55828e+16
2.46816e+16
2.36518e+16
2.26565e+16
2.16283e+16
2.06383e+16
1.96995e+16
1.87762e+16
1.78748e+16
1.69065e+16
1.60384e+16
1.51605e+16
1.41512e+16
1.3237e+16
1.22854e+16
1.13623e+16
1.03549e+16
9.28454e+15
8.09737e+15
6.86411e+15
5.4949e+15
3.9266e+15
1.91947e+15
2.00792e+15
4.29127e+15
6.13052e+15
7.9107e+15
9.71581e+15
1.15207e+16
1.33227e+16
1.50962e+16
1.68893e+16
1.86558e+16
2.03329e+16
2.20113e+16
2.35965e+16
2.51653e+16
2.66797e+16
2.80584e+16
2.93998e+16
3.07201e+16
3.19886e+16
3.32423e+16
3.42991e+16
3.53851e+16
3.62885e+16
3.71045e+16
3.79155e+16
3.86001e+16
3.91455e+16
3.96884e+16
4.01404e+16
4.04779e+16
4.07053e+16
4.08585e+16
4.10026e+16
4.10229e+16
4.09557e+16
4.08201e+16
4.05482e+16
4.02773e+16
3.99253e+16
3.95359e+16
3.91256e+16
3.85189e+16
3.80046e+16
3.7361e+16
3.66576e+16
3.59776e+16
3.51928e+16
3.43725e+16
3.35783e+16
3.26584e+16
3.18868e+16
3.09371e+16
3.01052e+16
2.9041e+16
2.8085e+16
2.70025e+16
2.61405e+16
2.50609e+16
2.41963e+16
2.32149e+16
2.22047e+16
2.12061e+16
2.01877e+16
1.92757e+16
1.83213e+16
1.74035e+16
1.64568e+16
1.5603e+16
1.46996e+16
1.38066e+16
1.28577e+16
1.19152e+16
1.10129e+16
1.00976e+16
9.06538e+15
7.9633e+15
6.74314e+15
5.4366e+15
3.90211e+15
1.89368e+15
2.01019e+15
4.28216e+15
6.13372e+15
7.90318e+15
9.71032e+15
1.15203e+16
1.33158e+16
1.51388e+16
1.68948e+16
1.86259e+16
2.0357e+16
2.20118e+16
2.36715e+16
2.52404e+16
2.66976e+16
2.81494e+16
2.94697e+16
3.08012e+16
3.20559e+16
3.32591e+16
3.43767e+16
3.53734e+16
3.62661e+16
3.70966e+16
3.78655e+16
3.85043e+16
3.91056e+16
3.95847e+16
3.99783e+16
4.03409e+16
4.06025e+16
4.07253e+16
4.08177e+16
4.08046e+16
4.0783e+16
4.06028e+16
4.0383e+16
4.01072e+16
3.96787e+16
3.92585e+16
3.88107e+16
3.82453e+16
3.77402e+16
3.70855e+16
3.64087e+16
3.56258e+16
3.48412e+16
3.39951e+16
3.3169e+16
3.23246e+16
3.14003e+16
3.05045e+16
2.96095e+16
2.86858e+16
2.77171e+16
2.66693e+16
2.57137e+16
2.46784e+16
2.36783e+16
2.27628e+16
2.1746e+16
2.07856e+16
1.97545e+16
1.8807e+16
1.78275e+16
1.69853e+16
1.6063e+16
1.51737e+16
1.42962e+16
1.33685e+16
1.25231e+16
1.16503e+16
1.07353e+16
9.79774e+15
8.85068e+15
7.79038e+15
6.64252e+15
5.35919e+15
3.86719e+15
1.84842e+15
2.00393e+15
4.25007e+15
6.09945e+15
7.89611e+15
9.69944e+15
1.14819e+16
1.33065e+16
1.50884e+16
1.68463e+16
1.86651e+16
2.03523e+16
2.20372e+16
2.37027e+16
2.52488e+16
2.67516e+16
2.81363e+16
2.95068e+16
3.08854e+16
3.20263e+16
3.32716e+16
3.42995e+16
3.52612e+16
3.61987e+16
3.70523e+16
3.77684e+16
3.84361e+16
3.89849e+16
3.94605e+16
3.99479e+16
4.02616e+16
4.04342e+16
4.05604e+16
4.05897e+16
4.05166e+16
4.04625e+16
4.02469e+16
4.0061e+16
3.96998e+16
3.93359e+16
3.89304e+16
3.84949e+16
3.79714e+16
3.74166e+16
3.67656e+16
3.60944e+16
3.53126e+16
3.45667e+16
3.36719e+16
3.28145e+16
3.19702e+16
3.1049e+16
3.01399e+16
2.92148e+16
2.82105e+16
2.72915e+16
2.63145e+16
2.53094e+16
2.42901e+16
2.32795e+16
2.22615e+16
2.12542e+16
2.03059e+16
1.93569e+16
1.8361e+16
1.73757e+16
1.64161e+16
1.55203e+16
1.469e+16
1.3843e+16
1.29662e+16
1.21126e+16
1.11941e+16
1.03356e+16
9.4885e+15
8.57985e+15
7.58537e+15
6.48378e+15
5.26606e+15
3.79507e+15
1.82644e+15
1.96222e+15
4.21738e+15
6.06343e+15
7.86011e+15
9.69434e+15
1.14676e+16
1.33076e+16
1.51057e+16
1.6856e+16
1.86308e+16
2.03391e+16
2.20472e+16
2.37088e+16
2.52384e+16
2.67716e+16
2.81449e+16
2.95522e+16
3.08441e+16
3.20758e+16
3.3192e+16
3.41935e+16
3.51932e+16
3.60717e+16
3.69218e+16
3.7642e+16
3.82474e+16
3.87902e+16
3.93067e+16
3.97041e+16
4.00219e+16
4.01837e+16
4.02802e+16
4.03102e+16
4.02926e+16
4.01919e+16
4.00126e+16
3.9756e+16
3.94104e+16
3.90072e+16
3.86187e+16
3.81483e+16
3.76283e+16
3.69812e+16
3.6344e+16
3.56132e+16
3.48988e+16
3.41331e+16
3.33028e+16
3.24496e+16
3.16155e+16
3.06698e+16
2.97719e+16
2.884e+16
2.78734e+16
2.68076e+16
2.58677e+16
2.48798e+16
2.38978e+16
2.27894e+16
2.18736e+16
2.08182e+16
1.98037e+16
1.88521e+16
1.7906e+16
1.69256e+16
1.60043e+16
1.50694e+16
1.42065e+16
1.33645e+16
1.246e+16
1.1729e+16
1.0843e+16
1.00017e+16
9.14313e+15
8.25557e+15
7.35545e+15
6.30797e+15
5.09006e+15
3.72442e+15
1.8068e+15
1.93432e+15
4.16408e+15
6.00615e+15
7.87041e+15
9.6286e+15
1.14375e+16
1.32863e+16
1.50721e+16
1.68129e+16
1.86147e+16
2.02973e+16
2.20271e+16
2.37163e+16
2.51806e+16
2.67079e+16
2.81564e+16
2.94673e+16
3.07825e+16
3.19292e+16
3.30497e+16
3.40883e+16
3.50733e+16
3.59023e+16
3.67514e+16
3.74371e+16
3.8048e+16
3.86399e+16
3.90983e+16
3.94728e+16
3.96954e+16
3.98961e+16
3.99937e+16
4.01164e+16
3.99708e+16
3.98575e+16
3.9697e+16
3.93634e+16
3.90518e+16
3.8636e+16
3.8253e+16
3.77008e+16
3.72051e+16
3.65741e+16
3.59527e+16
3.52077e+16
3.44589e+16
3.37411e+16
3.29192e+16
3.21134e+16
3.12245e+16
3.03244e+16
2.93462e+16
2.83861e+16
2.74862e+16
2.64572e+16
2.54785e+16
2.44553e+16
2.35125e+16
2.24276e+16
2.13862e+16
2.04163e+16
1.93665e+16
1.83945e+16
1.74403e+16
1.64686e+16
1.54894e+16
1.45645e+16
1.36996e+16
1.29072e+16
1.20387e+16
1.1221e+16
1.03969e+16
9.58784e+15
8.80979e+15
7.97059e+15
7.0979e+15
6.12656e+15
4.98724e+15
3.63373e+15
1.78341e+15
1.9047e+15
4.06273e+15
5.93859e+15
7.71805e+15
9.56915e+15
1.14023e+16
1.32373e+16
1.49799e+16
1.67967e+16
1.85881e+16
2.02682e+16
2.20087e+16
2.35941e+16
2.51238e+16
2.66856e+16
2.80303e+16
2.93752e+16
3.06421e+16
3.18393e+16
3.28912e+16
3.39348e+16
3.47748e+16
3.57113e+16
3.65321e+16
3.71505e+16
3.78162e+16
3.83557e+16
3.8794e+16
3.91268e+16
3.94051e+16
3.96231e+16
3.97229e+16
3.96906e+16
3.95805e+16
3.94813e+16
3.92611e+16
3.89075e+16
3.85986e+16
3.82052e+16
3.78287e+16
3.73182e+16
3.67587e+16
3.612e+16
3.54985e+16
3.4762e+16
3.40466e+16
3.32913e+16
3.25199e+16
3.16857e+16
3.07883e+16
2.9938e+16
2.9037e+16
2.803e+16
2.70722e+16
2.60939e+16
2.50914e+16
2.40536e+16
2.30331e+16
2.20333e+16
2.09556e+16
1.99503e+16
1.8965e+16
1.79462e+16
1.69977e+16
1.60524e+16
1.50764e+16
1.4143e+16
1.32281e+16
1.24405e+16
1.16083e+16
1.08086e+16
9.99844e+15
9.20799e+15
8.44661e+15
7.65651e+15
6.85642e+15
5.92446e+15
4.82069e+15
3.53617e+15
1.7529e+15
1.85111e+15
4.03104e+15
5.9011e+15
7.67757e+15
9.56044e+15
1.13279e+16
1.31144e+16
1.49377e+16
1.67266e+16
1.84811e+16
2.01848e+16
2.18751e+16
2.35443e+16
2.50652e+16
2.65007e+16
2.79489e+16
2.92492e+16
3.05495e+16
3.16077e+16
3.26581e+16
3.36568e+16
3.45736e+16
3.54831e+16
3.62282e+16
3.69012e+16
3.74752e+16
3.79817e+16
3.83793e+16
3.87527e+16
3.90177e+16
3.9174e+16
3.91074e+16
3.91311e+16
3.91362e+16
3.89291e+16
3.87407e+16
3.84667e+16
3.81962e+16
3.77249e+16
3.734e+16
3.68341e+16
3.62983e+16
3.56927e+16
3.51161e+16
3.43625e+16
3.3653e+16
3.28345e+16
3.20618e+16
3.12378e+16
3.04159e+16
2.95176e+16
2.86659e+16
2.76722e+16
2.669e+16
2.57188e+16
2.4677e+16
2.36416e+16
2.25864e+16
2.16099e+16
2.05516e+16
1.95973e+16
1.85284e+16
1.74576e+16
1.64989e+16
1.55604e+16
1.45859e+16
1.36818e+16
1.28174e+16
1.1942e+16
1.11205e+16
1.03168e+16
9.56122e+15
8.79972e+15
8.06093e+15
7.32005e+15
6.56462e+15
5.70639e+15
4.6966e+15
3.46372e+15
1.70779e+15
1.83419e+15
3.98056e+15
5.78806e+15
7.64098e+15
9.43768e+15
1.1239e+16
1.30493e+16
1.4822e+16
1.66309e+16
1.84129e+16
2.01154e+16
2.17947e+16
2.34455e+16
2.49249e+16
2.64241e+16
2.77284e+16
2.90357e+16
3.03201e+16
3.14058e+16
3.24377e+16
3.34223e+16
3.42942e+16
3.51418e+16
3.59106e+16
3.65124e+16
3.70663e+16
3.754e+16
3.79694e+16
3.825e+16
3.84923e+16
3.85698e+16
3.86303e+16
3.88138e+16
3.85993e+16
3.84907e+16
3.82495e+16
3.7984e+16
3.76182e+16
3.72612e+16
3.68291e+16
3.63331e+16
3.58478e+16
3.52308e+16
3.46252e+16
3.39336e+16
3.30994e+16
3.24816e+16
3.16325e+16
3.08203e+16
2.99834e+16
2.9081e+16
2.82128e+16
2.73492e+16
2.63423e+16
2.53918e+16
2.43891e+16
2.32985e+16
2.22585e+16
2.122e+16
2.01592e+16
1.91846e+16
1.82125e+16
1.71327e+16
1.60971e+16
1.51623e+16
1.41804e+16
1.32362e+16
1.23414e+16
1.15396e+16
1.06937e+16
9.8902e+15
9.13573e+15
8.41467e+15
7.70718e+15
6.97646e+15
6.25098e+15
5.46319e+15
4.52445e+15
3.33853e+15
1.63846e+15
1.79773e+15
3.92405e+15
5.74107e+15
7.53404e+15
9.36002e+15
1.11387e+16
1.29428e+16
1.47459e+16
1.65182e+16
1.8285e+16
1.99491e+16
2.16367e+16
2.32625e+16
2.47292e+16
2.61727e+16
2.75799e+16
2.8879e+16
3.00866e+16
3.10914e+16
3.20943e+16
3.30238e+16
3.39241e+16
3.47746e+16
3.54415e+16
3.60343e+16
3.66175e+16
3.70981e+16
3.73864e+16
3.77006e+16
3.79478e+16
3.80781e+16
3.82356e+16
3.81669e+16
3.79829e+16
3.79323e+16
3.76431e+16
3.74547e+16
3.71238e+16
3.67711e+16
3.63525e+16
3.57906e+16
3.52464e+16
3.46593e+16
3.40526e+16
3.34687e+16
3.27419e+16
3.20093e+16
3.13087e+16
3.04701e+16
2.96632e+16
2.87559e+16
2.7848e+16
2.69488e+16
2.59987e+16
2.50003e+16
2.40583e+16
2.30384e+16
2.196e+16
2.08689e+16
1.97971e+16
1.87341e+16
1.77196e+16
1.67199e+16
1.56924e+16
1.46871e+16
1.37507e+16
1.27918e+16
1.19055e+16
1.10714e+16
1.02298e+16
9.4578e+15
8.69765e+15
7.99591e+15
7.31399e+15
6.63707e+15
5.9453e+15
5.19758e+15
4.28793e+15
3.18243e+15
1.5872e+15
1.7658e+15
3.83388e+15
5.63839e+15
7.41298e+15
9.20506e+15
1.09667e+16
1.2798e+16
1.46053e+16
1.63565e+16
1.81166e+16
1.98127e+16
2.14688e+16
2.30544e+16
2.45337e+16
2.59795e+16
2.73483e+16
2.85564e+16
2.97628e+16
3.07502e+16
3.17059e+16
3.26191e+16
3.34892e+16
3.42389e+16
3.48945e+16
3.55153e+16
3.60849e+16
3.64282e+16
3.67713e+16
3.71618e+16
3.73516e+16
3.75355e+16
3.75656e+16
3.75103e+16
3.74365e+16
3.73937e+16
3.71107e+16
3.69279e+16
3.65287e+16
3.61998e+16
3.56645e+16
3.52344e+16
3.4716e+16
3.41007e+16
3.36128e+16
3.29683e+16
3.23268e+16
3.16154e+16
3.08267e+16
3.0067e+16
2.92051e+16
2.82931e+16
2.74573e+16
2.65893e+16
2.5598e+16
2.46595e+16
2.36561e+16
2.26623e+16
2.16528e+16
2.05912e+16
1.95441e+16
1.84806e+16
1.74565e+16
1.63894e+16
1.537e+16
1.43442e+16
1.33672e+16
1.24076e+16
1.14617e+16
1.06544e+16
9.82e+15
9.0365e+15
8.30461e+15
7.58484e+15
6.92679e+15
6.26966e+15
5.60345e+15
4.92425e+15
4.09549e+15
3.0479e+15
1.51829e+15
1.72675e+15
3.80032e+15
5.56394e+15
7.31956e+15
9.10043e+15
1.09218e+16
1.27113e+16
1.44736e+16
1.62136e+16
1.79648e+16
1.96389e+16
2.12437e+16
2.28136e+16
2.42616e+16
2.56621e+16
2.69899e+16
2.82115e+16
2.93783e+16
3.03169e+16
3.12684e+16
3.21673e+16
3.29837e+16
3.37406e+16
3.43677e+16
3.49306e+16
3.54324e+16
3.57694e+16
3.62305e+16
3.64828e+16
3.66928e+16
3.67921e+16
3.67847e+16
3.68302e+16
3.68329e+16
3.66464e+16
3.64276e+16
3.61717e+16
3.58721e+16
3.55385e+16
3.50699e+16
3.46961e+16
3.41555e+16
3.36392e+16
3.31011e+16
3.24672e+16
3.18768e+16
3.11036e+16
3.03786e+16
2.96043e+16
2.8832e+16
2.79604e+16
2.7096e+16
2.61929e+16
2.52903e+16
2.43328e+16
2.33644e+16
2.23143e+16
2.1294e+16
2.02538e+16
1.92248e+16
1.8112e+16
1.70876e+16
1.60713e+16
1.50097e+16
1.40056e+16
1.29958e+16
1.20638e+16
1.11281e+16
1.02618e+16
9.42162e+15
8.65048e+15
7.89644e+15
7.21275e+15
6.53692e+15
5.92069e+15
5.29521e+15
4.64358e+15
3.92176e+15
2.95421e+15
1.46961e+15
1.68874e+15
3.69923e+15
5.44643e+15
7.18169e+15
8.93801e+15
1.07711e+16
1.25349e+16
1.42935e+16
1.60609e+16
1.77722e+16
1.94347e+16
2.10292e+16
2.25705e+16
2.40219e+16
2.54217e+16
2.66425e+16
2.78385e+16
2.893e+16
2.98915e+16
3.07862e+16
3.16563e+16
3.24477e+16
3.31081e+16
3.37035e+16
3.43024e+16
3.47842e+16
3.50965e+16
3.54774e+16
3.57325e+16
3.59591e+16
3.60445e+16
3.61186e+16
3.61213e+16
3.59871e+16
3.58764e+16
3.56959e+16
3.53936e+16
3.52137e+16
3.48418e+16
3.43999e+16
3.40545e+16
3.35421e+16
3.30114e+16
3.24953e+16
3.19917e+16
3.12735e+16
3.06343e+16
2.99505e+16
2.91449e+16
2.8349e+16
2.75749e+16
2.66627e+16
2.57946e+16
2.48662e+16
2.39573e+16
2.30183e+16
2.20143e+16
2.10007e+16
1.99747e+16
1.89726e+16
1.79373e+16
1.68136e+16
1.57842e+16
1.47668e+16
1.37186e+16
1.26934e+16
1.1734e+16
1.07759e+16
9.86807e+15
9.06221e+15
8.23661e+15
7.50937e+15
6.80479e+15
6.17763e+15
5.56276e+15
4.95109e+15
4.3412e+15
3.66491e+15
2.79353e+15
1.3985e+15
1.6335e+15
3.62341e+15
5.38155e+15
7.07903e+15
8.85196e+15
1.0649e+16
1.23938e+16
1.41363e+16
1.58778e+16
1.75591e+16
1.91931e+16
2.07693e+16
2.22588e+16
2.36903e+16
2.49598e+16
2.6206e+16
2.7422e+16
2.84645e+16
2.9366e+16
3.02179e+16
3.10811e+16
3.17418e+16
3.24005e+16
3.30203e+16
3.35565e+16
3.39468e+16
3.43107e+16
3.47195e+16
3.49377e+16
3.50873e+16
3.51627e+16
3.52365e+16
3.51102e+16
3.5119e+16
3.50524e+16
3.48009e+16
3.45692e+16
3.44111e+16
3.40617e+16
3.3746e+16
3.3347e+16
3.292e+16
3.23626e+16
3.18907e+16
3.13301e+16
3.0782e+16
3.01206e+16
2.94153e+16
2.86894e+16
2.78783e+16
2.71248e+16
2.62856e+16
2.54808e+16
2.45847e+16
2.36152e+16
2.27124e+16
2.17272e+16
2.07183e+16
1.96957e+16
1.86686e+16
1.76688e+16
1.656e+16
1.54822e+16
1.44648e+16
1.3457e+16
1.24236e+16
1.14565e+16
1.04882e+16
9.57642e+15
8.71312e+15
7.89577e+15
7.12345e+15
6.44762e+15
5.77583e+15
5.20303e+15
4.62035e+15
4.05501e+15
3.45805e+15
2.67366e+15
1.36575e+15
1.58292e+15
3.56233e+15
5.27927e+15
6.967e+15
8.71725e+15
1.05119e+16
1.22371e+16
1.39581e+16
1.56926e+16
1.73415e+16
1.89578e+16
2.0465e+16
2.19557e+16
2.33426e+16
2.45791e+16
2.5814e+16
2.69181e+16
2.79146e+16
2.88186e+16
2.96438e+16
3.03521e+16
3.10016e+16
3.16747e+16
3.22154e+16
3.26965e+16
3.30889e+16
3.34369e+16
3.38083e+16
3.4017e+16
3.41814e+16
3.42851e+16
3.41903e+16
3.43328e+16
3.43069e+16
3.41022e+16
3.40032e+16
3.38763e+16
3.36372e+16
3.32637e+16
3.29166e+16
3.25326e+16
3.21226e+16
3.16175e+16
3.11706e+16
3.05746e+16
3.01013e+16
2.95572e+16
2.87945e+16
2.81021e+16
2.74127e+16
2.66323e+16
2.58333e+16
2.5032e+16
2.41948e+16
2.32917e+16
2.23355e+16
2.14138e+16
2.04511e+16
1.94263e+16
1.84814e+16
1.74437e+16
1.63743e+16
1.52638e+16
1.42295e+16
1.31942e+16
1.21982e+16
1.11879e+16
1.01945e+16
9.2892e+15
8.42566e+15
7.58712e+15
6.82551e+15
6.08902e+15
5.45174e+15
4.84416e+15
4.30698e+15
3.7723e+15
3.22752e+15
2.49983e+15
1.30325e+15
1.54428e+15
3.46003e+15
5.15666e+15
6.83686e+15
8.59052e+15
1.03213e+16
1.20681e+16
1.37814e+16
1.5459e+16
1.7104e+16
1.8689e+16
2.0176e+16
2.16118e+16
2.28797e+16
2.41024e+16
2.52778e+16
2.63328e+16
2.72558e+16
2.80836e+16
2.88435e+16
2.95711e+16
3.01776e+16
3.08541e+16
3.13001e+16
3.17737e+16
3.21411e+16
3.2496e+16
3.27759e+16
3.29812e+16
3.30665e+16
3.32101e+16
3.32209e+16
3.33235e+16
3.32012e+16
3.30797e+16
3.30118e+16
3.28292e+16
3.26199e+16
3.23946e+16
3.20723e+16
3.16244e+16
3.12554e+16
3.08043e+16
3.03613e+16
2.98237e+16
2.94054e+16
2.87822e+16
2.82565e+16
2.75642e+16
2.69352e+16
2.61602e+16
2.53006e+16
2.45562e+16
2.37435e+16
2.29221e+16
2.19861e+16
2.10513e+16
2.00974e+16
1.91555e+16
1.81359e+16
1.7209e+16
1.61818e+16
1.50857e+16
1.40141e+16
1.30122e+16
1.1966e+16
1.09683e+16
9.984e+15
9.03858e+15
8.15277e+15
7.28162e+15
6.50879e+15
5.78772e+15
5.11326e+15
4.51846e+15
3.95779e+15
3.47573e+15
2.98566e+15
2.34724e+15
1.22024e+15
1.49378e+15
3.35769e+15
5.04218e+15
6.71405e+15
8.44148e+15
1.01844e+16
1.18982e+16
1.3584e+16
1.5271e+16
1.68426e+16
1.83411e+16
1.97909e+16
2.11631e+16
2.24082e+16
2.3599e+16
2.46842e+16
2.56622e+16
2.65566e+16
2.73401e+16
2.80497e+16
2.87119e+16
2.92935e+16
2.98774e+16
3.02739e+16
3.07675e+16
3.11014e+16
3.14115e+16
3.16746e+16
3.18741e+16
3.19949e+16
3.21009e+16
3.2143e+16
3.21689e+16
3.20844e+16
3.20299e+16
3.18838e+16
3.17357e+16
3.15675e+16
3.13917e+16
3.11121e+16
3.07407e+16
3.02983e+16
2.99036e+16
2.94303e+16
2.89681e+16
2.84759e+16
2.7957e+16
2.74221e+16
2.68528e+16
2.62309e+16
2.55884e+16
2.49111e+16
2.41405e+16
2.32952e+16
2.24958e+16
2.16324e+16
2.076e+16
1.97614e+16
1.88647e+16
1.78828e+16
1.69951e+16
1.59937e+16
1.49132e+16
1.3848e+16
1.28401e+16
1.18439e+16
1.08021e+16
9.8034e+15
8.82683e+15
7.95907e+15
7.06186e+15
6.24781e+15
5.50989e+15
4.83194e+15
4.21302e+15
3.67631e+15
3.2023e+15
2.75894e+15
2.18328e+15
1.16602e+15
1.43139e+15
3.27295e+15
4.90473e+15
6.56597e+15
8.29013e+15
9.97743e+15
1.16949e+16
1.33721e+16
1.5005e+16
1.65286e+16
1.80202e+16
1.9409e+16
2.07164e+16
2.18866e+16
2.29799e+16
2.40012e+16
2.49267e+16
2.57577e+16
2.64242e+16
2.71237e+16
2.77688e+16
2.83437e+16
2.87978e+16
2.92105e+16
2.96882e+16
2.99791e+16
3.02519e+16
3.04868e+16
3.0641e+16
3.0827e+16
3.08685e+16
3.09656e+16
3.0909e+16
3.08402e+16
3.08031e+16
3.07275e+16
3.05793e+16
3.03941e+16
3.01926e+16
2.98503e+16
2.96157e+16
2.93541e+16
2.89926e+16
2.85555e+16
2.81479e+16
2.76038e+16
2.71527e+16
2.65873e+16
2.6061e+16
2.5367e+16
2.49058e+16
2.42589e+16
2.3536e+16
2.27798e+16
2.20336e+16
2.11712e+16
2.03587e+16
1.94872e+16
1.85233e+16
1.76059e+16
1.67372e+16
1.57662e+16
1.47717e+16
1.36807e+16
1.26716e+16
1.16606e+16
1.06632e+16
9.6364e+15
8.68399e+15
7.74939e+15
6.84938e+15
6.00547e+15
5.26664e+15
4.58482e+15
3.95415e+15
3.38667e+15
2.91521e+15
2.50627e+15
2.01829e+15
1.08111e+15
1.37942e+15
3.1735e+15
4.81176e+15
6.43844e+15
8.09922e+15
9.81345e+15
1.15195e+16
1.31496e+16
1.47537e+16
1.62204e+16
1.76127e+16
1.89606e+16
2.01556e+16
2.12496e+16
2.23325e+16
2.32621e+16
2.41091e+16
2.48588e+16
2.55092e+16
2.61299e+16
2.67184e+16
2.72145e+16
2.76359e+16
2.8047e+16
2.84433e+16
2.87263e+16
2.89314e+16
2.91392e+16
2.9314e+16
2.94683e+16
2.95424e+16
2.963e+16
2.96571e+16
2.95099e+16
2.95328e+16
2.95096e+16
2.93925e+16
2.91652e+16
2.8929e+16
2.86269e+16
2.84127e+16
2.81635e+16
2.78293e+16
2.75203e+16
2.71401e+16
2.66946e+16
2.62439e+16
2.57231e+16
2.51983e+16
2.46468e+16
2.41126e+16
2.35409e+16
2.28733e+16
2.2116e+16
2.13721e+16
2.0584e+16
1.98788e+16
1.9087e+16
1.81887e+16
1.73041e+16
1.64463e+16
1.5542e+16
1.45488e+16
1.3529e+16
1.25122e+16
1.15435e+16
1.05295e+16
9.54383e+15
8.54504e+15
7.6203e+15
6.69815e+15
5.85547e+15
5.07089e+15
4.35906e+15
3.72775e+15
3.16342e+15
2.67131e+15
2.29893e+15
1.82595e+15
9.77391e+14
1.3298e+15
3.08436e+15
4.6947e+15
6.33978e+15
7.98618e+15
9.63969e+15
1.13223e+16
1.2909e+16
1.44238e+16
1.58166e+16
1.71896e+16
1.84365e+16
1.95706e+16
2.06335e+16
2.15704e+16
2.23838e+16
2.31635e+16
2.38365e+16
2.44432e+16
2.5013e+16
2.5508e+16
2.59266e+16
2.63839e+16
2.67294e+16
2.71335e+16
2.73244e+16
2.74955e+16
2.77141e+16
2.78248e+16
2.7992e+16
2.80822e+16
2.81371e+16
2.81757e+16
2.80673e+16
2.80801e+16
2.80076e+16
2.79193e+16
2.77991e+16
2.75493e+16
2.73763e+16
2.71592e+16
2.69132e+16
2.66345e+16
2.62522e+16
2.59138e+16
2.55642e+16
2.51452e+16
2.47842e+16
2.42549e+16
2.38152e+16
2.33037e+16
2.27758e+16
2.21002e+16
2.14842e+16
2.08076e+16
2.00537e+16
1.93602e+16
1.86126e+16
1.77801e+16
1.69446e+16
1.61084e+16
1.52396e+16
1.43314e+16
1.33502e+16
1.23679e+16
1.13996e+16
1.04265e+16
9.40848e+15
8.47645e+15
7.51117e+15
6.58072e+15
5.70754e+15
4.89424e+15
4.17923e+15
3.51974e+15
2.94143e+15
2.43988e+15
2.05009e+15
1.64154e+15
9.20972e+14
1.25088e+15
2.959e+15
4.554e+15
6.19752e+15
7.81989e+15
9.47413e+15
1.11176e+16
1.26343e+16
1.41093e+16
1.54547e+16
1.67037e+16
1.78402e+16
1.88896e+16
1.98596e+16
2.06856e+16
2.14395e+16
2.21161e+16
2.27313e+16
2.32521e+16
2.37287e+16
2.42115e+16
2.45593e+16
2.49493e+16
2.53071e+16
2.56467e+16
2.57938e+16
2.59746e+16
2.61449e+16
2.62543e+16
2.64092e+16
2.64178e+16
2.6448e+16
2.65303e+16
2.65164e+16
2.64535e+16
2.63791e+16
2.62853e+16
2.62507e+16
2.60771e+16
2.58942e+16
2.56914e+16
2.5518e+16
2.52673e+16
2.49804e+16
2.46508e+16
2.43685e+16
2.40309e+16
2.35936e+16
2.32347e+16
2.27564e+16
2.23068e+16
2.17722e+16
2.12401e+16
2.06326e+16
1.99448e+16
1.93124e+16
1.87133e+16
1.80405e+16
1.72989e+16
1.64977e+16
1.5707e+16
1.49057e+16
1.39965e+16
1.3177e+16
1.22187e+16
1.12668e+16
1.03016e+16
9.33182e+15
8.35729e+15
7.43303e+15
6.48905e+15
5.61773e+15
4.80955e+15
4.04588e+15
3.37323e+15
2.77733e+15
2.24483e+15
1.84417e+15
1.45384e+15
8.35372e+14
1.21418e+15
2.89976e+15
4.50891e+15
6.10724e+15
7.70698e+15
9.3197e+15
1.08982e+16
1.23592e+16
1.37479e+16
1.4943e+16
1.61513e+16
1.71968e+16
1.81314e+16
1.89678e+16
1.96944e+16
2.03275e+16
2.09195e+16
2.14383e+16
2.18969e+16
2.23393e+16
2.27314e+16
2.30409e+16
2.33274e+16
2.36623e+16
2.38953e+16
2.41079e+16
2.4203e+16
2.43408e+16
2.44483e+16
2.45315e+16
2.46117e+16
2.4611e+16
2.46479e+16
2.46548e+16
2.46573e+16
2.46027e+16
2.45598e+16
2.44644e+16
2.43545e+16
2.42077e+16
2.40506e+16
2.39223e+16
2.37071e+16
2.34944e+16
2.31978e+16
2.2916e+16
2.25681e+16
2.22521e+16
2.19032e+16
2.14791e+16
2.10521e+16
2.06209e+16
2.0125e+16
1.95935e+16
1.90673e+16
1.85131e+16
1.79495e+16
1.73329e+16
1.66595e+16
1.59263e+16
1.52855e+16
1.44694e+16
1.36564e+16
1.28166e+16
1.19763e+16
1.10727e+16
1.01569e+16
9.21777e+15
8.28091e+15
7.36396e+15
6.46522e+15
5.56156e+15
4.71978e+15
3.95682e+15
3.24508e+15
2.62854e+15
2.07966e+15
1.66002e+15
1.27477e+15
7.25563e+14
1.14729e+15
2.72854e+15
4.34537e+15
5.96919e+15
7.55514e+15
9.15935e+15
1.0654e+16
1.20317e+16
1.32987e+16
1.44445e+16
1.55129e+16
1.6412e+16
1.72215e+16
1.79324e+16
1.85452e+16
1.90881e+16
1.95831e+16
1.99988e+16
2.04252e+16
2.07304e+16
2.11037e+16
2.13946e+16
2.15807e+16
2.18469e+16
2.20438e+16
2.2196e+16
2.23723e+16
2.24249e+16
2.25172e+16
2.25791e+16
2.26456e+16
2.26854e+16
2.26743e+16
2.27397e+16
2.27008e+16
2.26788e+16
2.26408e+16
2.26144e+16
2.25294e+16
2.24569e+16
2.22911e+16
2.21439e+16
2.19809e+16
2.1771e+16
2.15501e+16
2.13375e+16
2.10341e+16
2.07674e+16
2.04341e+16
2.01086e+16
1.9733e+16
1.93739e+16
1.89606e+16
1.85161e+16
1.80694e+16
1.75686e+16
1.70517e+16
1.64846e+16
1.59161e+16
1.53024e+16
1.46631e+16
1.39344e+16
1.32007e+16
1.24898e+16
1.16711e+16
1.0811e+16
9.95165e+15
9.0826e+15
8.18891e+15
7.31359e+15
6.40748e+15
5.53822e+15
4.70014e+15
3.90076e+15
3.1889e+15
2.54463e+15
1.9524e+15
1.50893e+15
1.12417e+15
6.39276e+14
1.13572e+15
2.8173e+15
4.36162e+15
5.93028e+15
7.46531e+15
8.9822e+15
1.03949e+16
1.16568e+16
1.28117e+16
1.37965e+16
1.47211e+16
1.54986e+16
1.61646e+16
1.67131e+16
1.72255e+16
1.76754e+16
1.80931e+16
1.84047e+16
1.87091e+16
1.90044e+16
1.92646e+16
1.95111e+16
1.96697e+16
1.98217e+16
2.00113e+16
2.00878e+16
2.02299e+16
2.03516e+16
2.03952e+16
2.04848e+16
2.05039e+16
2.05383e+16
2.05358e+16
2.05569e+16
2.05498e+16
2.05288e+16
2.0519e+16
2.05054e+16
2.04168e+16
2.03255e+16
2.02326e+16
2.01167e+16
1.99832e+16
1.98478e+16
1.96547e+16
1.94803e+16
1.92566e+16
1.9043e+16
1.87774e+16
1.85152e+16
1.82145e+16
1.7902e+16
1.75337e+16
1.718e+16
1.6786e+16
1.63697e+16
1.59268e+16
1.5442e+16
1.49774e+16
1.44201e+16
1.3854e+16
1.32481e+16
1.26446e+16
1.19557e+16
1.12128e+16
1.04875e+16
9.7145e+15
8.92187e+15
8.07179e+15
7.24467e+15
6.39348e+15
5.52686e+15
4.69646e+15
3.90893e+15
3.15148e+15
2.48567e+15
1.86037e+15
1.38708e+15
9.71087e+14
5.65437e+14
9.9734e+14
2.47165e+15
4.14028e+15
5.7618e+15
7.30456e+15
8.74308e+15
1.00317e+16
1.11653e+16
1.21556e+16
1.30093e+16
1.37909e+16
1.43506e+16
1.48989e+16
1.53633e+16
1.57379e+16
1.60965e+16
1.63848e+16
1.6617e+16
1.68484e+16
1.70203e+16
1.72214e+16
1.73794e+16
1.75562e+16
1.76733e+16
1.78057e+16
1.78742e+16
1.79632e+16
1.80347e+16
1.81061e+16
1.81305e+16
1.81867e+16
1.81842e+16
1.82316e+16
1.82212e+16
1.82204e+16
1.82036e+16
1.81839e+16
1.81413e+16
1.81199e+16
1.80521e+16
1.79891e+16
1.7897e+16
1.78083e+16
1.7686e+16
1.7579e+16
1.74244e+16
1.72757e+16
1.70904e+16
1.68931e+16
1.66918e+16
1.64527e+16
1.62041e+16
1.59138e+16
1.56344e+16
1.52835e+16
1.4971e+16
1.45954e+16
1.42498e+16
1.38177e+16
1.33989e+16
1.28995e+16
1.24297e+16
1.18613e+16
1.1266e+16
1.06414e+16
1.00023e+16
9.31616e+15
8.62993e+15
7.8667e+15
7.12225e+15
6.31863e+15
5.49668e+15
4.70188e+15
3.93535e+15
3.16561e+15
2.50858e+15
1.82363e+15
1.29799e+15
8.57669e+14
5.1886e+14
1.14219e+15
2.87876e+15
4.29329e+15
5.81388e+15
7.21983e+15
8.51332e+15
9.65649e+15
1.05877e+16
1.14008e+16
1.20417e+16
1.2609e+16
1.30748e+16
1.34576e+16
1.37471e+16
1.40255e+16
1.42356e+16
1.44668e+16
1.46458e+16
1.47904e+16
1.48758e+16
1.50029e+16
1.51138e+16
1.52144e+16
1.53147e+16
1.53775e+16
1.54487e+16
1.55084e+16
1.55646e+16
1.56052e+16
1.56528e+16
1.56633e+16
1.5695e+16
1.56843e+16
1.57322e+16
1.56945e+16
1.57276e+16
1.56896e+16
1.56845e+16
1.56498e+16
1.56412e+16
1.55896e+16
1.5579e+16
1.54824e+16
1.54338e+16
1.53235e+16
1.52486e+16
1.51403e+16
1.49996e+16
1.48668e+16
1.47007e+16
1.45388e+16
1.43255e+16
1.41232e+16
1.3882e+16
1.36454e+16
1.33835e+16
1.30853e+16
1.27972e+16
1.24587e+16
1.21219e+16
1.17152e+16
1.13413e+16
1.08714e+16
1.04231e+16
9.91332e+15
9.37781e+15
8.8342e+15
8.24915e+15
7.59975e+15
6.92642e+15
6.21661e+15
5.46964e+15
4.7054e+15
3.97419e+15
3.21491e+15
2.52222e+15
1.84115e+15
1.25562e+15
7.68216e+14
4.75036e+14
8.21482e+14
2.17288e+15
3.98338e+15
5.56739e+15
6.91125e+15
8.06369e+15
8.99557e+15
9.7203e+15
1.03095e+16
1.07763e+16
1.11572e+16
1.14642e+16
1.17131e+16
1.18938e+16
1.20497e+16
1.21612e+16
1.22565e+16
1.23553e+16
1.24492e+16
1.25316e+16
1.25886e+16
1.26521e+16
1.2702e+16
1.27552e+16
1.27969e+16
1.28539e+16
1.28766e+16
1.29274e+16
1.29605e+16
1.29963e+16
1.3023e+16
1.30399e+16
1.30582e+16
1.3069e+16
1.30774e+16
1.30803e+16
1.30807e+16
1.30746e+16
1.30564e+16
1.3067e+16
1.30265e+16
1.30148e+16
1.29724e+16
1.29299e+16
1.28686e+16
1.28173e+16
1.27458e+16
1.26599e+16
1.25709e+16
1.24545e+16
1.23397e+16
1.22009e+16
1.20426e+16
1.18859e+16
1.17031e+16
1.15145e+16
1.1297e+16
1.10888e+16
1.08322e+16
1.05812e+16
1.02834e+16
9.99121e+15
9.65846e+15
9.31613e+15
8.92671e+15
8.5175e+15
8.08845e+15
7.62655e+15
7.09526e+15
6.54551e+15
5.94222e+15
5.31236e+15
4.66468e+15
4.01037e+15
3.28012e+15
2.6188e+15
1.89216e+15
1.28111e+15
7.07329e+14
4.89398e+14
1.3607e+15
3.14081e+15
4.37736e+15
5.66378e+15
6.72744e+15
7.57109e+15
8.21588e+15
8.67373e+15
9.01735e+15
9.26177e+15
9.45048e+15
9.59037e+15
9.68861e+15
9.76696e+15
9.84392e+15
9.88716e+15
9.9125e+15
9.93926e+15
9.96829e+15
9.99966e+15
1.00118e+16
1.0057e+16
1.00606e+16
1.00919e+16
1.01126e+16
1.01486e+16
1.01762e+16
1.02025e+16
1.02246e+16
1.02461e+16
1.02671e+16
1.028e+16
1.0299e+16
1.03129e+16
1.03335e+16
1.03473e+16
1.03533e+16
1.03775e+16
1.03632e+16
1.03867e+16
1.03623e+16
1.03777e+16
1.03375e+16
1.03354e+16
1.02974e+16
1.02839e+16
1.02238e+16
1.01955e+16
1.0107e+16
1.00696e+16
9.97705e+15
9.90049e+15
9.79124e+15
9.69665e+15
9.56572e+15
9.45369e+15
9.30225e+15
9.16948e+15
8.98976e+15
8.83725e+15
8.63611e+15
8.44833e+15
8.21305e+15
7.97688e+15
7.70161e+15
7.42036e+15
7.09948e+15
6.76184e+15
6.38151e+15
5.98694e+15
5.52904e+15
5.05388e+15
4.53195e+15
3.95682e+15
3.31282e+15
2.69383e+15
1.99138e+15
1.33796e+15
6.85859e+14
5.53151e+14
4.00581e+14
1.84192e+15
3.68576e+15
4.98668e+15
5.82561e+15
6.39956e+15
6.78227e+15
7.03204e+15
7.18941e+15
7.28372e+15
7.34496e+15
7.37483e+15
7.38721e+15
7.39277e+15
7.38795e+15
7.37841e+15
7.37756e+15
7.36627e+15
7.36715e+15
7.36044e+15
7.36379e+15
7.36383e+15
7.37272e+15
7.37279e+15
7.39278e+15
7.41004e+15
7.43351e+15
7.44879e+15
7.4671e+15
7.49246e+15
7.5089e+15
7.52684e+15
7.54936e+15
7.57149e+15
7.58895e+15
7.61441e+15
7.63089e+15
7.65498e+15
7.66941e+15
7.68774e+15
7.69786e+15
7.70309e+15
7.70449e+15
7.70795e+15
7.69557e+15
7.7009e+15
7.67527e+15
7.66453e+15
7.63405e+15
7.60671e+15
7.55854e+15
7.5344e+15
7.47162e+15
7.42174e+15
7.3491e+15
7.27898e+15
7.18633e+15
7.11145e+15
7.01047e+15
6.91483e+15
6.79715e+15
6.67389e+15
6.52799e+15
6.38761e+15
6.21331e+15
6.03945e+15
5.84006e+15
5.62657e+15
5.3812e+15
5.13262e+15
4.81564e+15
4.51442e+15
4.11901e+15
3.72351e+15
3.2081e+15
2.73663e+15
2.06712e+15
1.44734e+15
6.83294e+14
6.4878e+14
1.75469e+15
3.49744e+15
4.19826e+15
4.62994e+15
4.88942e+15
5.06202e+15
5.13541e+15
5.17859e+15
5.16966e+15
5.15209e+15
5.11328e+15
5.08209e+15
5.03287e+15
4.99852e+15
4.95231e+15
4.92954e+15
4.89293e+15
4.87836e+15
4.84518e+15
4.84261e+15
4.82429e+15
4.82623e+15
4.8195e+15
4.82379e+15
4.82584e+15
4.83394e+15
4.84976e+15
4.85981e+15
4.87869e+15
4.89669e+15
4.90818e+15
4.92939e+15
4.9455e+15
4.9597e+15
4.97728e+15
4.99796e+15
5.01176e+15
5.03937e+15
5.05034e+15
5.0784e+15
5.08334e+15
5.1103e+15
5.10974e+15
5.13044e+15
5.13072e+15
5.13881e+15
5.13241e+15
5.13837e+15
5.12681e+15
5.1243e+15
5.10814e+15
5.09637e+15
5.07526e+15
5.04788e+15
5.01509e+15
4.98757e+15
4.93774e+15
4.90908e+15
4.84535e+15
4.81062e+15
4.73432e+15
4.68802e+15
4.59122e+15
4.53997e+15
4.42589e+15
4.3602e+15
4.22063e+15
4.13859e+15
3.97937e+15
3.87547e+15
3.67503e+15
3.53226e+15
3.27787e+15
3.0935e+15
2.74757e+15
2.49282e+15
1.96124e+15
1.50479e+15
6.74002e+14
8.01359e+14
6.26224e+13
1.1576e+15
1.60094e+15
1.80444e+15
1.92371e+15
2.0032e+15
2.04625e+15
2.06625e+15
2.07596e+15
2.07296e+15
2.07037e+15
2.06217e+15
2.05658e+15
2.04608e+15
2.03998e+15
2.02924e+15
2.03279e+15
2.02502e+15
2.03014e+15
2.02906e+15
2.03805e+15
2.04174e+15
2.04731e+15
2.05736e+15
2.06521e+15
2.07689e+15
2.09045e+15
2.10417e+15
2.11649e+15
2.13518e+15
2.14563e+15
2.17e+15
2.17661e+15
2.20023e+15
2.20797e+15
2.23494e+15
2.23872e+15
2.26735e+15
2.27186e+15
2.29485e+15
2.30075e+15
2.32191e+15
2.32403e+15
2.33986e+15
2.3415e+15
2.35457e+15
2.35305e+15
2.36289e+15
2.35984e+15
2.36742e+15
2.35701e+15
2.36533e+15
2.34664e+15
2.3574e+15
2.33033e+15
2.33914e+15
2.3018e+15
2.31219e+15
2.26988e+15
2.27804e+15
2.22673e+15
2.23791e+15
2.17134e+15
2.18588e+15
2.10085e+15
2.12133e+15
2.0184e+15
2.0453e+15
1.91804e+15
1.95845e+15
1.79403e+15
1.84892e+15
1.63985e+15
1.7147e+15
1.43451e+15
1.54987e+15
1.14898e+15
1.41501e+15
6.8441e+14
1.57343e+15
)
;

boundaryField
{
    movingWall
    {
        type            fixedValue;
        value           uniform 0;
    }
    fixedWalls
    {
        type            fixedValue;
        value           uniform 0;
    }
    frontAndBack
    {
        type            empty;
    }
}


// ************************************************************************* //
