/*--------------------------------*- C++ -*----------------------------------*\
  =========                 |
  \\      /  F ield         | OpenFOAM: The Open Source CFD Toolbox
   \\    /   O peration     | Website:  https://openfoam.org
    \\  /    A nd           | Version:  6
     \\/     M anipulation  |
\*---------------------------------------------------------------------------*/
FoamFile
{
    version     2.0;
    format      ascii;
    class       volScalarField;
    location    "600";
    object      dnp6_s;
}
// * * * * * * * * * * * * * * * * * * * * * * * * * * * * * * * * * * * * * //

dimensions      [0 -3 -1 0 0 0 0];

internalField   nonuniform List<scalar> 
6400
(
9.77117e+13
1.58649e+14
2.14631e+14
2.71676e+14
3.44941e+14
4.01878e+14
4.43467e+14
5.09533e+14
5.59522e+14
6.22021e+14
6.56438e+14
7.41049e+14
7.65956e+14
8.0677e+14
8.7758e+14
9.15376e+14
9.9445e+14
9.98749e+14
1.07481e+15
1.08962e+15
1.17002e+15
1.18879e+15
1.18951e+15
1.22431e+15
1.28457e+15
1.28183e+15
1.33512e+15
1.34508e+15
1.38796e+15
1.41795e+15
1.52001e+15
1.4509e+15
1.48359e+15
1.50622e+15
1.5375e+15
1.48953e+15
1.56348e+15
1.52254e+15
1.53188e+15
1.50239e+15
1.58716e+15
1.51803e+15
1.56964e+15
1.50219e+15
1.49585e+15
1.48522e+15
1.50961e+15
1.4965e+15
1.43164e+15
1.47542e+15
1.40757e+15
1.45972e+15
1.36933e+15
1.34771e+15
1.3076e+15
1.28477e+15
1.24307e+15
1.22767e+15
1.1634e+15
1.12969e+15
1.0822e+15
1.04624e+15
1.00231e+15
9.56194e+14
9.24377e+14
8.54711e+14
8.41479e+14
7.47736e+14
7.45955e+14
6.72573e+14
6.22661e+14
5.66869e+14
4.95728e+14
4.54163e+14
3.90181e+14
3.65265e+14
2.82006e+14
2.22428e+14
1.72283e+14
9.83411e+13
1.48294e+14
2.32282e+14
3.42322e+14
4.48196e+14
5.26565e+14
6.25636e+14
6.88736e+14
7.87331e+14
9.07209e+14
9.38681e+14
1.02433e+15
1.11307e+15
1.23157e+15
1.24838e+15
1.3514e+15
1.46415e+15
1.51665e+15
1.59781e+15
1.62841e+15
1.70956e+15
1.74756e+15
1.85103e+15
1.85249e+15
1.90035e+15
1.99862e+15
2.0209e+15
2.0802e+15
2.08997e+15
2.21368e+15
2.18487e+15
2.24269e+15
2.21158e+15
2.35755e+15
2.26884e+15
2.31853e+15
2.32359e+15
2.36127e+15
2.35748e+15
2.4093e+15
2.38673e+15
2.4198e+15
2.42867e+15
2.40532e+15
2.35698e+15
2.31282e+15
2.29818e+15
2.3402e+15
2.25771e+15
2.26908e+15
2.24318e+15
2.22033e+15
2.19333e+15
2.16296e+15
2.0878e+15
2.0218e+15
1.96421e+15
1.9156e+15
1.85751e+15
1.83695e+15
1.74169e+15
1.6701e+15
1.60603e+15
1.53464e+15
1.44247e+15
1.42697e+15
1.36174e+15
1.26594e+15
1.18281e+15
1.09673e+15
1.06369e+15
9.60517e+14
8.62106e+14
7.56994e+14
6.85067e+14
6.17003e+14
5.15496e+14
4.30669e+14
3.31924e+14
2.77027e+14
1.43884e+14
2.01873e+14
3.27285e+14
4.41196e+14
5.98108e+14
6.75533e+14
7.98885e+14
9.11401e+14
1.03665e+15
1.17391e+15
1.23538e+15
1.33577e+15
1.44722e+15
1.59824e+15
1.65373e+15
1.8294e+15
1.93417e+15
1.99479e+15
2.07967e+15
2.18078e+15
2.29342e+15
2.31582e+15
2.4685e+15
2.44809e+15
2.52772e+15
2.64355e+15
2.69374e+15
2.77337e+15
2.91187e+15
2.9031e+15
2.89616e+15
2.95111e+15
3.04331e+15
3.05445e+15
3.07587e+15
3.10532e+15
3.14767e+15
3.17196e+15
3.18815e+15
3.09447e+15
3.13613e+15
3.11714e+15
3.16714e+15
3.16484e+15
3.1703e+15
3.09677e+15
3.04934e+15
3.05855e+15
3.01053e+15
2.96178e+15
2.96674e+15
2.95357e+15
2.88487e+15
2.85578e+15
2.77024e+15
2.68477e+15
2.62541e+15
2.50493e+15
2.50876e+15
2.44598e+15
2.33856e+15
2.19509e+15
2.1707e+15
2.07445e+15
1.9181e+15
1.86312e+15
1.80522e+15
1.67615e+15
1.57581e+15
1.44514e+15
1.40261e+15
1.29663e+15
1.19131e+15
1.01327e+15
9.72245e+14
8.12913e+14
6.8941e+14
5.9839e+14
4.48689e+14
3.43911e+14
2.03656e+14
2.44979e+14
3.96308e+14
5.78446e+14
7.3741e+14
8.79298e+14
1.01367e+15
1.15684e+15
1.28594e+15
1.48388e+15
1.59527e+15
1.69184e+15
1.84737e+15
1.93356e+15
2.14066e+15
2.24084e+15
2.37236e+15
2.48749e+15
2.5847e+15
2.75409e+15
2.81169e+15
2.98263e+15
3.05559e+15
3.08568e+15
3.21651e+15
3.29325e+15
3.42286e+15
3.36827e+15
3.48552e+15
3.5835e+15
3.59275e+15
3.74062e+15
3.75867e+15
3.74942e+15
3.85626e+15
3.84959e+15
3.89212e+15
3.93729e+15
3.94988e+15
3.90053e+15
3.89826e+15
3.93187e+15
3.96525e+15
3.93694e+15
3.84114e+15
3.8514e+15
3.77933e+15
3.74097e+15
3.77108e+15
3.72517e+15
3.67663e+15
3.63679e+15
3.59064e+15
3.52418e+15
3.42823e+15
3.3532e+15
3.27285e+15
3.20107e+15
3.09079e+15
2.98833e+15
2.92274e+15
2.7771e+15
2.67473e+15
2.54016e+15
2.4324e+15
2.36291e+15
2.21116e+15
2.09331e+15
2.01337e+15
1.84085e+15
1.72587e+15
1.60649e+15
1.46682e+15
1.30573e+15
1.17091e+15
1.03446e+15
8.5753e+14
7.32553e+14
5.70178e+14
4.00795e+14
2.49494e+14
2.88029e+14
5.26739e+14
6.65585e+14
8.6214e+14
1.02684e+15
1.2287e+15
1.38933e+15
1.56152e+15
1.72708e+15
1.90579e+15
2.08027e+15
2.1806e+15
2.31992e+15
2.54679e+15
2.73584e+15
2.86557e+15
3.0057e+15
3.14281e+15
3.21691e+15
3.3707e+15
3.46277e+15
3.60043e+15
3.71515e+15
3.82951e+15
3.96957e+15
4.06894e+15
4.12776e+15
4.20221e+15
4.2611e+15
4.37987e+15
4.38513e+15
4.40764e+15
4.51489e+15
4.46778e+15
4.56562e+15
4.58499e+15
4.62475e+15
4.75028e+15
4.72912e+15
4.77253e+15
4.71549e+15
4.74366e+15
4.73332e+15
4.6478e+15
4.51044e+15
4.57184e+15
4.56804e+15
4.46709e+15
4.51829e+15
4.39315e+15
4.37255e+15
4.19887e+15
4.18555e+15
4.23382e+15
4.08577e+15
3.96472e+15
3.87046e+15
3.71789e+15
3.58478e+15
3.50692e+15
3.37467e+15
3.15524e+15
3.03642e+15
2.90407e+15
2.79253e+15
2.66184e+15
2.53549e+15
2.44572e+15
2.19943e+15
2.07623e+15
1.88798e+15
1.70712e+15
1.58843e+15
1.36084e+15
1.17417e+15
1.02638e+15
8.59762e+14
6.90589e+14
4.70517e+14
2.87194e+14
3.47358e+14
5.91062e+14
8.06736e+14
1.03246e+15
1.18614e+15
1.40276e+15
1.60424e+15
1.83028e+15
2.01347e+15
2.20457e+15
2.38298e+15
2.54279e+15
2.73583e+15
2.97955e+15
3.1693e+15
3.24848e+15
3.48237e+15
3.5902e+15
3.70274e+15
3.94661e+15
4.10793e+15
4.20827e+15
4.29131e+15
4.45429e+15
4.56348e+15
4.71112e+15
4.77691e+15
4.87853e+15
4.97155e+15
5.0734e+15
5.04176e+15
5.14021e+15
5.25919e+15
5.30752e+15
5.35847e+15
5.3972e+15
5.44504e+15
5.52942e+15
5.60701e+15
5.44819e+15
5.49662e+15
5.50181e+15
5.4202e+15
5.43058e+15
5.38856e+15
5.39263e+15
5.30976e+15
5.25017e+15
5.21625e+15
5.13114e+15
5.07194e+15
4.96694e+15
4.83427e+15
4.80334e+15
4.70034e+15
4.60126e+15
4.49965e+15
4.32022e+15
4.17488e+15
4.09773e+15
3.96541e+15
3.74313e+15
3.61719e+15
3.38595e+15
3.25765e+15
3.1236e+15
2.99087e+15
2.76263e+15
2.56953e+15
2.41503e+15
2.20849e+15
1.99757e+15
1.80368e+15
1.5871e+15
1.37591e+15
1.21313e+15
1.00872e+15
8.05401e+14
5.47813e+14
3.43778e+14
3.86357e+14
6.45579e+14
9.16317e+14
1.16403e+15
1.34537e+15
1.58085e+15
1.81161e+15
2.06141e+15
2.26685e+15
2.52808e+15
2.70653e+15
2.91218e+15
3.13979e+15
3.34705e+15
3.50953e+15
3.74836e+15
3.86419e+15
4.10778e+15
4.34199e+15
4.5048e+15
4.61579e+15
4.80869e+15
4.8793e+15
4.97844e+15
5.14642e+15
5.3494e+15
5.55514e+15
5.61536e+15
5.55121e+15
5.74943e+15
5.8392e+15
5.90432e+15
5.95371e+15
5.98909e+15
6.09526e+15
6.13403e+15
6.27999e+15
6.26514e+15
6.17906e+15
6.22899e+15
6.24398e+15
6.27135e+15
6.23345e+15
6.23767e+15
6.13005e+15
6.09652e+15
6.10059e+15
6.05246e+15
5.93625e+15
5.85555e+15
5.7143e+15
5.63535e+15
5.69353e+15
5.41287e+15
5.27953e+15
5.31611e+15
5.17248e+15
4.93583e+15
4.70885e+15
4.68687e+15
4.53866e+15
4.33848e+15
4.08331e+15
3.88609e+15
3.72212e+15
3.51514e+15
3.46906e+15
3.21896e+15
2.93635e+15
2.78916e+15
2.49849e+15
2.28738e+15
2.06103e+15
1.83062e+15
1.55319e+15
1.3687e+15
1.105e+15
9.32781e+14
6.69763e+14
4.13944e+14
4.35221e+14
7.46838e+14
1.04411e+15
1.3041e+15
1.52923e+15
1.81644e+15
2.07524e+15
2.27383e+15
2.58855e+15
2.83457e+15
3.03681e+15
3.2808e+15
3.57629e+15
3.71315e+15
3.94521e+15
4.22078e+15
4.43492e+15
4.64537e+15
4.79621e+15
5.02778e+15
5.14997e+15
5.31635e+15
5.52971e+15
5.65146e+15
5.80353e+15
5.93654e+15
6.17663e+15
6.1367e+15
6.41789e+15
6.54692e+15
6.50868e+15
6.57787e+15
6.64105e+15
6.7184e+15
6.84388e+15
6.81637e+15
6.93802e+15
6.99993e+15
7.03395e+15
7.02842e+15
7.04491e+15
6.98353e+15
6.94641e+15
7.07956e+15
6.89415e+15
6.75183e+15
6.8319e+15
6.7282e+15
6.67885e+15
6.48354e+15
6.45778e+15
6.42255e+15
6.17964e+15
6.0676e+15
5.9346e+15
5.85089e+15
5.71668e+15
5.64593e+15
5.43087e+15
5.1621e+15
4.99663e+15
4.77194e+15
4.5675e+15
4.30854e+15
4.20155e+15
3.98454e+15
3.784e+15
3.6012e+15
3.38644e+15
3.09335e+15
2.82814e+15
2.55692e+15
2.34257e+15
2.02982e+15
1.79951e+15
1.51818e+15
1.24899e+15
1.04715e+15
7.61187e+14
4.47121e+14
4.71769e+14
8.08036e+14
1.17379e+15
1.4498e+15
1.75563e+15
1.96493e+15
2.2977e+15
2.59111e+15
2.82593e+15
3.11497e+15
3.43061e+15
3.57994e+15
3.9239e+15
4.24096e+15
4.502e+15
4.55371e+15
4.85046e+15
5.23226e+15
5.35614e+15
5.54364e+15
5.76661e+15
5.91368e+15
6.02005e+15
6.31915e+15
6.40668e+15
6.57487e+15
6.80055e+15
6.85446e+15
6.96907e+15
7.11091e+15
7.26958e+15
7.32786e+15
7.52185e+15
7.53699e+15
7.53724e+15
7.61643e+15
7.70561e+15
7.79184e+15
7.8473e+15
7.8129e+15
7.77665e+15
7.78325e+15
7.6732e+15
7.64695e+15
7.6288e+15
7.49031e+15
7.45717e+15
7.35226e+15
7.36774e+15
7.27535e+15
7.11838e+15
6.97339e+15
6.82612e+15
6.7579e+15
6.60019e+15
6.47835e+15
6.37238e+15
6.19842e+15
5.92028e+15
5.77777e+15
5.46891e+15
5.38657e+15
5.16302e+15
4.89614e+15
4.55214e+15
4.35301e+15
4.20665e+15
3.91413e+15
3.6977e+15
3.3904e+15
3.17847e+15
2.92144e+15
2.58594e+15
2.26303e+15
1.99105e+15
1.7127e+15
1.40487e+15
1.14437e+15
7.98365e+14
5.01507e+14
5.30534e+14
8.56196e+14
1.24763e+15
1.57697e+15
1.91474e+15
2.18927e+15
2.51691e+15
2.7888e+15
3.12061e+15
3.44e+15
3.78509e+15
4.02218e+15
4.22603e+15
4.61294e+15
4.88406e+15
5.14288e+15
5.40137e+15
5.64932e+15
5.88714e+15
6.11243e+15
6.38397e+15
6.49102e+15
6.70195e+15
6.94927e+15
7.13842e+15
7.36808e+15
7.47877e+15
7.63079e+15
7.78117e+15
7.88209e+15
8.02407e+15
8.11991e+15
8.23278e+15
8.25524e+15
8.4014e+15
8.35214e+15
8.477e+15
8.46758e+15
8.44987e+15
8.52329e+15
8.60578e+15
8.51931e+15
8.50834e+15
8.41702e+15
8.39795e+15
8.27907e+15
8.21783e+15
8.11986e+15
8.07362e+15
7.96153e+15
7.87064e+15
7.73628e+15
7.60168e+15
7.46862e+15
7.23013e+15
7.21392e+15
6.94957e+15
6.6543e+15
6.54328e+15
6.30313e+15
6.03766e+15
5.73992e+15
5.48536e+15
5.26705e+15
5.06869e+15
4.8828e+15
4.5923e+15
4.33921e+15
3.94133e+15
3.74309e+15
3.45998e+15
3.14183e+15
2.73362e+15
2.46759e+15
2.15197e+15
1.87752e+15
1.54244e+15
1.21669e+15
9.02429e+14
5.22372e+14
6.00117e+14
9.4087e+14
1.35269e+15
1.69764e+15
1.99894e+15
2.38331e+15
2.73716e+15
3.03222e+15
3.4315e+15
3.7529e+15
4.19674e+15
4.38156e+15
4.56837e+15
4.94403e+15
5.27754e+15
5.53175e+15
5.83624e+15
6.09448e+15
6.38213e+15
6.72034e+15
6.92933e+15
7.17855e+15
7.31029e+15
7.36609e+15
7.6815e+15
7.93484e+15
8.17096e+15
8.23384e+15
8.49776e+15
8.54207e+15
8.64799e+15
8.71224e+15
8.82646e+15
8.98053e+15
9.11974e+15
9.14885e+15
9.16506e+15
9.31165e+15
9.23363e+15
9.44606e+15
9.371e+15
9.27647e+15
9.33354e+15
9.1966e+15
9.13459e+15
8.9354e+15
8.9845e+15
8.9106e+15
8.77566e+15
8.7002e+15
8.60597e+15
8.39421e+15
8.22317e+15
8.05047e+15
7.93275e+15
7.7898e+15
7.38972e+15
7.31529e+15
7.07689e+15
6.85295e+15
6.64275e+15
6.25126e+15
6.06833e+15
5.76729e+15
5.52079e+15
5.35775e+15
4.9893e+15
4.63219e+15
4.39832e+15
4.03105e+15
3.75449e+15
3.39808e+15
3.03216e+15
2.71499e+15
2.38767e+15
2.04885e+15
1.64171e+15
1.33943e+15
9.61522e+14
5.63559e+14
6.87144e+14
1.04017e+15
1.42939e+15
1.84197e+15
2.21227e+15
2.55847e+15
2.95644e+15
3.28419e+15
3.61092e+15
4.01293e+15
4.39947e+15
4.73688e+15
4.93525e+15
5.30878e+15
5.65597e+15
6.03567e+15
6.39348e+15
6.63979e+15
6.92157e+15
7.18762e+15
7.41074e+15
7.76952e+15
7.81387e+15
8.10919e+15
8.38956e+15
8.57186e+15
8.80516e+15
8.93224e+15
8.98989e+15
9.26327e+15
9.43199e+15
9.56504e+15
9.75501e+15
9.76826e+15
9.7802e+15
9.85555e+15
1.00749e+16
1.00616e+16
9.92368e+15
1.00264e+16
1.00347e+16
1.01234e+16
1.00092e+16
9.91369e+15
9.77083e+15
9.77617e+15
9.67936e+15
9.52292e+15
9.4989e+15
9.35746e+15
9.27264e+15
9.09558e+15
8.88445e+15
8.80788e+15
8.62417e+15
8.34914e+15
8.18551e+15
7.87656e+15
7.60721e+15
7.45072e+15
7.23809e+15
6.88881e+15
6.61863e+15
6.30614e+15
6.01068e+15
5.6831e+15
5.40622e+15
5.01483e+15
4.66817e+15
4.37066e+15
4.01497e+15
3.72623e+15
3.28661e+15
2.92465e+15
2.55653e+15
2.18437e+15
1.8431e+15
1.44154e+15
1.02896e+15
6.18905e+14
7.12158e+14
1.13107e+15
1.56356e+15
1.95098e+15
2.36589e+15
2.77714e+15
3.15999e+15
3.64981e+15
3.89878e+15
4.31523e+15
4.71838e+15
5.08708e+15
5.44286e+15
5.78728e+15
6.05814e+15
6.48966e+15
6.75353e+15
7.03914e+15
7.34518e+15
7.63647e+15
7.93979e+15
8.39339e+15
8.51649e+15
8.77187e+15
9.13813e+15
9.28249e+15
9.49007e+15
9.62691e+15
9.81062e+15
9.99506e+15
1.01567e+16
1.0194e+16
1.032e+16
1.06337e+16
1.05487e+16
1.07177e+16
1.07219e+16
1.06967e+16
1.07662e+16
1.07451e+16
1.08659e+16
1.0725e+16
1.08119e+16
1.07254e+16
1.07319e+16
1.05943e+16
1.04767e+16
1.04159e+16
1.02823e+16
1.01646e+16
1.00325e+16
9.82838e+15
9.6931e+15
9.41549e+15
9.24153e+15
9.03953e+15
8.80298e+15
8.5163e+15
8.232e+15
7.9656e+15
7.70843e+15
7.55771e+15
7.11265e+15
6.87445e+15
6.48049e+15
6.15062e+15
5.78141e+15
5.33004e+15
5.103e+15
4.68114e+15
4.29789e+15
3.95643e+15
3.5416e+15
3.07809e+15
2.75788e+15
2.30031e+15
1.95384e+15
1.54305e+15
1.12829e+15
6.45239e+14
7.53539e+14
1.24602e+15
1.67658e+15
2.08307e+15
2.56817e+15
2.99982e+15
3.36796e+15
3.79904e+15
4.11203e+15
4.64552e+15
5.0766e+15
5.43975e+15
5.87962e+15
6.24723e+15
6.50402e+15
6.84335e+15
7.36833e+15
7.56892e+15
8.03276e+15
8.25413e+15
8.68288e+15
8.80487e+15
9.10067e+15
9.34838e+15
9.70431e+15
1.00738e+16
1.01461e+16
1.03958e+16
1.041e+16
1.07142e+16
1.07726e+16
1.09858e+16
1.11877e+16
1.13183e+16
1.12375e+16
1.14622e+16
1.15306e+16
1.15296e+16
1.16283e+16
1.15843e+16
1.16721e+16
1.16217e+16
1.15546e+16
1.14611e+16
1.1319e+16
1.11994e+16
1.11663e+16
1.10731e+16
1.10221e+16
1.08534e+16
1.07009e+16
1.06019e+16
1.02694e+16
1.01129e+16
9.9e+15
9.66073e+15
9.38856e+15
9.21936e+15
8.82695e+15
8.52731e+15
8.30081e+15
8.00302e+15
7.64316e+15
7.31839e+15
6.88823e+15
6.50198e+15
6.16562e+15
5.83371e+15
5.48061e+15
5.06927e+15
4.54853e+15
4.23128e+15
3.81575e+15
3.33692e+15
2.86985e+15
2.52592e+15
2.02353e+15
1.62248e+15
1.17385e+15
7.04593e+14
7.42083e+14
1.29279e+15
1.75704e+15
2.27829e+15
2.72733e+15
3.19825e+15
3.66392e+15
4.06823e+15
4.43551e+15
4.94505e+15
5.27341e+15
5.78417e+15
6.26931e+15
6.6462e+15
6.97756e+15
7.34761e+15
7.7718e+15
8.06231e+15
8.38601e+15
8.78706e+15
9.19398e+15
9.38376e+15
9.66728e+15
9.9526e+15
1.03663e+16
1.04868e+16
1.07908e+16
1.11186e+16
1.12197e+16
1.14028e+16
1.16938e+16
1.17397e+16
1.1933e+16
1.20584e+16
1.21929e+16
1.21372e+16
1.23071e+16
1.22512e+16
1.24537e+16
1.23812e+16
1.23508e+16
1.23314e+16
1.23849e+16
1.21414e+16
1.21552e+16
1.20006e+16
1.18876e+16
1.1775e+16
1.17137e+16
1.15902e+16
1.14462e+16
1.12131e+16
1.10015e+16
1.08217e+16
1.06058e+16
1.02458e+16
9.89039e+15
9.69091e+15
9.37726e+15
9.09795e+15
8.80235e+15
8.43604e+15
8.08138e+15
7.69004e+15
7.30457e+15
6.92419e+15
6.58316e+15
6.21482e+15
5.84633e+15
5.28574e+15
4.97203e+15
4.51452e+15
3.99814e+15
3.60489e+15
3.15158e+15
2.72564e+15
2.19572e+15
1.75901e+15
1.27211e+15
7.57649e+14
7.91034e+14
1.37246e+15
1.86087e+15
2.35773e+15
2.82798e+15
3.38514e+15
3.88818e+15
4.36532e+15
4.71873e+15
5.16549e+15
5.66582e+15
6.1366e+15
6.54512e+15
7.00022e+15
7.40278e+15
7.89243e+15
8.21603e+15
8.53804e+15
8.9535e+15
9.25381e+15
9.72818e+15
9.95872e+15
1.03236e+16
1.07096e+16
1.10173e+16
1.1208e+16
1.16368e+16
1.14875e+16
1.18434e+16
1.20703e+16
1.21878e+16
1.24901e+16
1.25377e+16
1.28557e+16
1.28079e+16
1.29574e+16
1.311e+16
1.29401e+16
1.31267e+16
1.30665e+16
1.29933e+16
1.3129e+16
1.30716e+16
1.29796e+16
1.2998e+16
1.28709e+16
1.26982e+16
1.24514e+16
1.24603e+16
1.23284e+16
1.20317e+16
1.19848e+16
1.16748e+16
1.13423e+16
1.11095e+16
1.08795e+16
1.04337e+16
1.03671e+16
9.97594e+15
9.59605e+15
9.31204e+15
9.03924e+15
8.73126e+15
8.11423e+15
7.85099e+15
7.37129e+15
6.96946e+15
6.54333e+15
6.09501e+15
5.70644e+15
5.17889e+15
4.7421e+15
4.34694e+15
3.82097e+15
3.31818e+15
2.92878e+15
2.33056e+15
1.86937e+15
1.33698e+15
7.80567e+14
7.94057e+14
1.44221e+15
1.99191e+15
2.52368e+15
2.97491e+15
3.48318e+15
4.09226e+15
4.60151e+15
5.06345e+15
5.53723e+15
6.05702e+15
6.56555e+15
6.90585e+15
7.40244e+15
7.88535e+15
8.31056e+15
8.72083e+15
9.0455e+15
9.56208e+15
9.84459e+15
1.02041e+16
1.05592e+16
1.0913e+16
1.12781e+16
1.15919e+16
1.18087e+16
1.22064e+16
1.22925e+16
1.25814e+16
1.28591e+16
1.29572e+16
1.31911e+16
1.32352e+16
1.33998e+16
1.35551e+16
1.36667e+16
1.3771e+16
1.36838e+16
1.38547e+16
1.38785e+16
1.38539e+16
1.37541e+16
1.37905e+16
1.37597e+16
1.35888e+16
1.35646e+16
1.34539e+16
1.31367e+16
1.30896e+16
1.29456e+16
1.28125e+16
1.26134e+16
1.2387e+16
1.20789e+16
1.16794e+16
1.14429e+16
1.10312e+16
1.08375e+16
1.05334e+16
1.02268e+16
9.85546e+15
9.43495e+15
9.15934e+15
8.56463e+15
8.11486e+15
7.80213e+15
7.35086e+15
6.93671e+15
6.47287e+15
5.91281e+15
5.51928e+15
5.06481e+15
4.54635e+15
4.08593e+15
3.5428e+15
3.01463e+15
2.50663e+15
1.93828e+15
1.41974e+15
8.36767e+14
8.92977e+14
1.5454e+15
2.07056e+15
2.67214e+15
3.20754e+15
3.74688e+15
4.27833e+15
4.87882e+15
5.31965e+15
5.81964e+15
6.3156e+15
6.82195e+15
7.28123e+15
7.86608e+15
8.34996e+15
8.72849e+15
9.25289e+15
9.49604e+15
1.0082e+16
1.04959e+16
1.07372e+16
1.11087e+16
1.13917e+16
1.18531e+16
1.21631e+16
1.23485e+16
1.28024e+16
1.29853e+16
1.30956e+16
1.35525e+16
1.36189e+16
1.37294e+16
1.40859e+16
1.40826e+16
1.41579e+16
1.4341e+16
1.44522e+16
1.45386e+16
1.4496e+16
1.45392e+16
1.44929e+16
1.4617e+16
1.45769e+16
1.43454e+16
1.43616e+16
1.4303e+16
1.41516e+16
1.396e+16
1.39426e+16
1.36434e+16
1.33953e+16
1.31862e+16
1.29101e+16
1.26013e+16
1.23525e+16
1.20843e+16
1.17945e+16
1.13864e+16
1.11296e+16
1.06379e+16
1.02581e+16
9.97172e+15
9.42903e+15
9.07126e+15
8.61558e+15
8.26597e+15
7.7193e+15
7.2688e+15
6.78788e+15
6.23345e+15
5.91203e+15
5.34193e+15
4.73846e+15
4.26123e+15
3.7573e+15
3.20832e+15
2.63372e+15
2.0328e+15
1.47671e+15
8.82627e+14
9.57771e+14
1.56693e+15
2.18819e+15
2.78737e+15
3.40822e+15
3.98916e+15
4.50513e+15
5.03594e+15
5.51841e+15
6.09623e+15
6.73485e+15
7.09916e+15
7.70843e+15
8.21793e+15
8.66638e+15
9.10392e+15
9.66165e+15
1.0026e+16
1.04755e+16
1.09484e+16
1.13036e+16
1.17253e+16
1.21396e+16
1.23527e+16
1.26503e+16
1.30687e+16
1.33543e+16
1.377e+16
1.38325e+16
1.41914e+16
1.43974e+16
1.45836e+16
1.47482e+16
1.47766e+16
1.49095e+16
1.49628e+16
1.52688e+16
1.53079e+16
1.53376e+16
1.53388e+16
1.54511e+16
1.52887e+16
1.5314e+16
1.50535e+16
1.50675e+16
1.4972e+16
1.4834e+16
1.46344e+16
1.46499e+16
1.42885e+16
1.41243e+16
1.37495e+16
1.36663e+16
1.33984e+16
1.30736e+16
1.27957e+16
1.23692e+16
1.18916e+16
1.15204e+16
1.11686e+16
1.09945e+16
1.03477e+16
9.93984e+15
9.545e+15
9.06365e+15
8.59986e+15
8.17561e+15
7.53311e+15
7.18214e+15
6.72345e+15
6.19915e+15
5.563e+15
4.98722e+15
4.4364e+15
3.90951e+15
3.3104e+15
2.7336e+15
2.15247e+15
1.54887e+15
9.40666e+14
1.00029e+15
1.65567e+15
2.29125e+15
2.94457e+15
3.49464e+15
4.12121e+15
4.63646e+15
5.18156e+15
5.7833e+15
6.50897e+15
7.01852e+15
7.40996e+15
8.06382e+15
8.65153e+15
9.17443e+15
9.62021e+15
1.0109e+16
1.05899e+16
1.10039e+16
1.14098e+16
1.19699e+16
1.22252e+16
1.26257e+16
1.29625e+16
1.34167e+16
1.37019e+16
1.40359e+16
1.43389e+16
1.45297e+16
1.50404e+16
1.4995e+16
1.52522e+16
1.53886e+16
1.53713e+16
1.55894e+16
1.56784e+16
1.58923e+16
1.58948e+16
1.60185e+16
1.6043e+16
1.5982e+16
1.60556e+16
1.59637e+16
1.58497e+16
1.57651e+16
1.55113e+16
1.56183e+16
1.54138e+16
1.52391e+16
1.49553e+16
1.46536e+16
1.45219e+16
1.42519e+16
1.39216e+16
1.36961e+16
1.32821e+16
1.29557e+16
1.24898e+16
1.21556e+16
1.17927e+16
1.13627e+16
1.08282e+16
1.04258e+16
1.00533e+16
9.57887e+15
8.94122e+15
8.44764e+15
8.04688e+15
7.46154e+15
6.97286e+15
6.48209e+15
5.79659e+15
5.27923e+15
4.75661e+15
4.06386e+15
3.46729e+15
2.80111e+15
2.2625e+15
1.6463e+15
9.98996e+14
1.08022e+15
1.78543e+15
2.36696e+15
3.05005e+15
3.57715e+15
4.31758e+15
4.9501e+15
5.43368e+15
6.20992e+15
6.75013e+15
7.18762e+15
7.84182e+15
8.32376e+15
9.04113e+15
9.61449e+15
1.00434e+16
1.06241e+16
1.10774e+16
1.14675e+16
1.19685e+16
1.2293e+16
1.27317e+16
1.30557e+16
1.37328e+16
1.40824e+16
1.42656e+16
1.45322e+16
1.48695e+16
1.51061e+16
1.54815e+16
1.56128e+16
1.58852e+16
1.60004e+16
1.6251e+16
1.63054e+16
1.64276e+16
1.65431e+16
1.6728e+16
1.65674e+16
1.66924e+16
1.66453e+16
1.65577e+16
1.6773e+16
1.64642e+16
1.65228e+16
1.63293e+16
1.63645e+16
1.61692e+16
1.59124e+16
1.55542e+16
1.53135e+16
1.51323e+16
1.49638e+16
1.46134e+16
1.41935e+16
1.39658e+16
1.34623e+16
1.31261e+16
1.26474e+16
1.2352e+16
1.17944e+16
1.13031e+16
1.07776e+16
1.05483e+16
1.00233e+16
9.43966e+15
8.93647e+15
8.46098e+15
7.76704e+15
7.26439e+15
6.70627e+15
6.06609e+15
5.46566e+15
4.91021e+15
4.27809e+15
3.6032e+15
3.00483e+15
2.35473e+15
1.68492e+15
1.0416e+15
1.07067e+15
1.84659e+15
2.58095e+15
3.13022e+15
3.77666e+15
4.51459e+15
5.09601e+15
5.77005e+15
6.35811e+15
7.00226e+15
7.52491e+15
8.13927e+15
8.79381e+15
9.35265e+15
9.94624e+15
1.04838e+16
1.1088e+16
1.15571e+16
1.20723e+16
1.25383e+16
1.28926e+16
1.33138e+16
1.35634e+16
1.41788e+16
1.45926e+16
1.48461e+16
1.51778e+16
1.5479e+16
1.57203e+16
1.61245e+16
1.63484e+16
1.66145e+16
1.66937e+16
1.67301e+16
1.6985e+16
1.71839e+16
1.73471e+16
1.72589e+16
1.73754e+16
1.73552e+16
1.72829e+16
1.73757e+16
1.7396e+16
1.73349e+16
1.72437e+16
1.70046e+16
1.68672e+16
1.6621e+16
1.64564e+16
1.62092e+16
1.61156e+16
1.58077e+16
1.55907e+16
1.52327e+16
1.47851e+16
1.4556e+16
1.40832e+16
1.3773e+16
1.32554e+16
1.28615e+16
1.24548e+16
1.19433e+16
1.13885e+16
1.09281e+16
1.0501e+16
9.90306e+15
9.39181e+15
8.78929e+15
8.15135e+15
7.57567e+15
7.08723e+15
6.28115e+15
5.71697e+15
5.01493e+15
4.43272e+15
3.76587e+15
3.13918e+15
2.45166e+15
1.76613e+15
1.09939e+15
1.14714e+15
1.95546e+15
2.61367e+15
3.24612e+15
4.02977e+15
4.69601e+15
5.31286e+15
5.96944e+15
6.49757e+15
7.21902e+15
7.79174e+15
8.42255e+15
9.13037e+15
9.67165e+15
1.03275e+16
1.09748e+16
1.14597e+16
1.20687e+16
1.25046e+16
1.29036e+16
1.33896e+16
1.38379e+16
1.4274e+16
1.46621e+16
1.51388e+16
1.56443e+16
1.58009e+16
1.60881e+16
1.64251e+16
1.67976e+16
1.70091e+16
1.71155e+16
1.74806e+16
1.77157e+16
1.77114e+16
1.7947e+16
1.79451e+16
1.81316e+16
1.80835e+16
1.80773e+16
1.80159e+16
1.80675e+16
1.80435e+16
1.81403e+16
1.78149e+16
1.7809e+16
1.74676e+16
1.72602e+16
1.70972e+16
1.69927e+16
1.67997e+16
1.63646e+16
1.59854e+16
1.57022e+16
1.5363e+16
1.49606e+16
1.45076e+16
1.41724e+16
1.3715e+16
1.33156e+16
1.28803e+16
1.24094e+16
1.17515e+16
1.14319e+16
1.08039e+16
1.02254e+16
9.64219e+15
9.13604e+15
8.42454e+15
7.92601e+15
7.28608e+15
6.54527e+15
5.95992e+15
5.25269e+15
4.64467e+15
3.91703e+15
3.18984e+15
2.52492e+15
1.86839e+15
1.15497e+15
1.19826e+15
2.00979e+15
2.7537e+15
3.4809e+15
4.12323e+15
4.87542e+15
5.50007e+15
6.14553e+15
6.81904e+15
7.62269e+15
8.17416e+15
8.91317e+15
9.54854e+15
1.00385e+16
1.07062e+16
1.11839e+16
1.18555e+16
1.24282e+16
1.29262e+16
1.33628e+16
1.39008e+16
1.43929e+16
1.4901e+16
1.53493e+16
1.56688e+16
1.60628e+16
1.65535e+16
1.67385e+16
1.69539e+16
1.71548e+16
1.76633e+16
1.77752e+16
1.79549e+16
1.82713e+16
1.84551e+16
1.85799e+16
1.85633e+16
1.87587e+16
1.87419e+16
1.88991e+16
1.87859e+16
1.87099e+16
1.85572e+16
1.86575e+16
1.85072e+16
1.84072e+16
1.81103e+16
1.78392e+16
1.78679e+16
1.75302e+16
1.73102e+16
1.69941e+16
1.67494e+16
1.62361e+16
1.59827e+16
1.56645e+16
1.50093e+16
1.46109e+16
1.43477e+16
1.38333e+16
1.33694e+16
1.2911e+16
1.224e+16
1.18946e+16
1.13345e+16
1.06799e+16
1.00142e+16
9.42369e+15
8.83646e+15
8.13573e+15
7.4595e+15
6.85766e+15
6.27421e+15
5.45688e+15
4.89027e+15
4.07806e+15
3.36634e+15
2.66152e+15
1.93628e+15
1.1212e+15
1.24073e+15
2.029e+15
2.84327e+15
3.51808e+15
4.26784e+15
5.03322e+15
5.76796e+15
6.44147e+15
7.13391e+15
7.81411e+15
8.42507e+15
9.12124e+15
9.7701e+15
1.04442e+16
1.10943e+16
1.1754e+16
1.23469e+16
1.27105e+16
1.33296e+16
1.38823e+16
1.44646e+16
1.48881e+16
1.53714e+16
1.58443e+16
1.61557e+16
1.65365e+16
1.69685e+16
1.73189e+16
1.75041e+16
1.79192e+16
1.81394e+16
1.83722e+16
1.86329e+16
1.8867e+16
1.90661e+16
1.93413e+16
1.93252e+16
1.93585e+16
1.94139e+16
1.93293e+16
1.93617e+16
1.94429e+16
1.95006e+16
1.93527e+16
1.93077e+16
1.92375e+16
1.88203e+16
1.85549e+16
1.83761e+16
1.80847e+16
1.79076e+16
1.76693e+16
1.73162e+16
1.69956e+16
1.64838e+16
1.63161e+16
1.57102e+16
1.52776e+16
1.47997e+16
1.43114e+16
1.37449e+16
1.34344e+16
1.27179e+16
1.22088e+16
1.16104e+16
1.10948e+16
1.04043e+16
9.73997e+15
9.09742e+15
8.46661e+15
7.77141e+15
7.08825e+15
6.30308e+15
5.61473e+15
4.96951e+15
4.1773e+15
3.50629e+15
2.75505e+15
2.00098e+15
1.16243e+15
1.27268e+15
2.09517e+15
2.88909e+15
3.67895e+15
4.42799e+15
5.19291e+15
5.92673e+15
6.68113e+15
7.29928e+15
8.04387e+15
8.84849e+15
9.49347e+15
1.01495e+16
1.07805e+16
1.14307e+16
1.20315e+16
1.26385e+16
1.30707e+16
1.38626e+16
1.43104e+16
1.46376e+16
1.52934e+16
1.57641e+16
1.62085e+16
1.66944e+16
1.70917e+16
1.7579e+16
1.79019e+16
1.81924e+16
1.84442e+16
1.88598e+16
1.92364e+16
1.93609e+16
1.94461e+16
1.97836e+16
1.97625e+16
2.00178e+16
2.01197e+16
2.01453e+16
2.0241e+16
2.01352e+16
2.01652e+16
1.99784e+16
2.01104e+16
1.99393e+16
1.96755e+16
1.95319e+16
1.93021e+16
1.91867e+16
1.88988e+16
1.85203e+16
1.82418e+16
1.78836e+16
1.74529e+16
1.71669e+16
1.67429e+16
1.6303e+16
1.5682e+16
1.52708e+16
1.4702e+16
1.40506e+16
1.36996e+16
1.31381e+16
1.26026e+16
1.20434e+16
1.14411e+16
1.08799e+16
1.01614e+16
9.54282e+15
8.74994e+15
8.02893e+15
7.34518e+15
6.48519e+15
5.88107e+15
5.10266e+15
4.33464e+15
3.58173e+15
2.83905e+15
2.07135e+15
1.23044e+15
1.31636e+15
2.12702e+15
2.98388e+15
3.8231e+15
4.58494e+15
5.29268e+15
6.06527e+15
6.8219e+15
7.64069e+15
8.23413e+15
8.95961e+15
9.71833e+15
1.03821e+16
1.11241e+16
1.18189e+16
1.23449e+16
1.30177e+16
1.35428e+16
1.40916e+16
1.47496e+16
1.53496e+16
1.57674e+16
1.63405e+16
1.67592e+16
1.7399e+16
1.76143e+16
1.80943e+16
1.84427e+16
1.86661e+16
1.90227e+16
1.93281e+16
1.95923e+16
1.99608e+16
2.02097e+16
2.0123e+16
2.04644e+16
2.04708e+16
2.0787e+16
2.07717e+16
2.0789e+16
2.08218e+16
2.08116e+16
2.06884e+16
2.06041e+16
2.06443e+16
2.05772e+16
2.00047e+16
2.00402e+16
1.96681e+16
1.94994e+16
1.91343e+16
1.89373e+16
1.84119e+16
1.79781e+16
1.76163e+16
1.72471e+16
1.67715e+16
1.63099e+16
1.58081e+16
1.5245e+16
1.471e+16
1.4191e+16
1.36182e+16
1.28892e+16
1.2328e+16
1.1717e+16
1.10608e+16
1.04134e+16
9.66524e+15
8.9238e+15
8.10433e+15
7.59818e+15
6.7661e+15
6.03562e+15
5.26735e+15
4.52e+15
3.75068e+15
2.93745e+15
2.09612e+15
1.2755e+15
1.34121e+15
2.19645e+15
3.05043e+15
3.91957e+15
4.69809e+15
5.43257e+15
6.26456e+15
7.04147e+15
7.83163e+15
8.57501e+15
9.39477e+15
9.9955e+15
1.08144e+16
1.14022e+16
1.19853e+16
1.27616e+16
1.33093e+16
1.40095e+16
1.45482e+16
1.52616e+16
1.57771e+16
1.61673e+16
1.67274e+16
1.73374e+16
1.7688e+16
1.82636e+16
1.87455e+16
1.89789e+16
1.93949e+16
1.96003e+16
2.00072e+16
2.04409e+16
2.05811e+16
2.07464e+16
2.07573e+16
2.10743e+16
2.12248e+16
2.1212e+16
2.12325e+16
2.15151e+16
2.15719e+16
2.13662e+16
2.12661e+16
2.14501e+16
2.12334e+16
2.1084e+16
2.04774e+16
2.05379e+16
2.04015e+16
2.00727e+16
1.9724e+16
1.9466e+16
1.90244e+16
1.85816e+16
1.80658e+16
1.77976e+16
1.72725e+16
1.67311e+16
1.62492e+16
1.57831e+16
1.51899e+16
1.44996e+16
1.39586e+16
1.3344e+16
1.26193e+16
1.21737e+16
1.15505e+16
1.0641e+16
9.96832e+15
9.25105e+15
8.48592e+15
7.75496e+15
6.99576e+15
6.1611e+15
5.46552e+15
4.618e+15
3.85461e+15
2.9825e+15
2.1572e+15
1.28266e+15
1.37382e+15
2.26945e+15
3.1636e+15
4.01545e+15
4.81356e+15
5.61827e+15
6.48815e+15
7.31597e+15
8.00544e+15
8.9207e+15
9.64137e+15
1.02846e+16
1.1051e+16
1.17315e+16
1.23714e+16
1.31002e+16
1.37137e+16
1.42687e+16
1.5011e+16
1.55949e+16
1.61504e+16
1.668e+16
1.72553e+16
1.79447e+16
1.82573e+16
1.85992e+16
1.92135e+16
1.9492e+16
1.97904e+16
2.01585e+16
2.04574e+16
2.06928e+16
2.1089e+16
2.12488e+16
2.15843e+16
2.17289e+16
2.19591e+16
2.19642e+16
2.19817e+16
2.21979e+16
2.21748e+16
2.19976e+16
2.20205e+16
2.19209e+16
2.16558e+16
2.1469e+16
2.1355e+16
2.10809e+16
2.09728e+16
2.05845e+16
2.03894e+16
1.98959e+16
1.94915e+16
1.91796e+16
1.87652e+16
1.81183e+16
1.77886e+16
1.7293e+16
1.6771e+16
1.62711e+16
1.55333e+16
1.49523e+16
1.44416e+16
1.3758e+16
1.31786e+16
1.24475e+16
1.15952e+16
1.1005e+16
1.02008e+16
9.43117e+15
8.69443e+15
8.02956e+15
7.19932e+15
6.45356e+15
5.68974e+15
4.72837e+15
3.98053e+15
3.15369e+15
2.27129e+15
1.32954e+15
1.39857e+15
2.34302e+15
3.31374e+15
4.10974e+15
4.98489e+15
5.87996e+15
6.66886e+15
7.60692e+15
8.3239e+15
9.06617e+15
9.89379e+15
1.06201e+16
1.14688e+16
1.19822e+16
1.2754e+16
1.35027e+16
1.40978e+16
1.47695e+16
1.54104e+16
1.60029e+16
1.66151e+16
1.71551e+16
1.78935e+16
1.82823e+16
1.87205e+16
1.92317e+16
1.98357e+16
2.00352e+16
2.02921e+16
2.09065e+16
2.11271e+16
2.14217e+16
2.16729e+16
2.19227e+16
2.21858e+16
2.25118e+16
2.26134e+16
2.25865e+16
2.25794e+16
2.2501e+16
2.26663e+16
2.2722e+16
2.2594e+16
2.23781e+16
2.22287e+16
2.20697e+16
2.19011e+16
2.17929e+16
2.14059e+16
2.11116e+16
2.069e+16
2.04348e+16
2.00215e+16
1.96143e+16
1.92825e+16
1.88061e+16
1.82133e+16
1.76643e+16
1.71555e+16
1.6545e+16
1.60187e+16
1.54222e+16
1.48411e+16
1.42593e+16
1.34739e+16
1.28022e+16
1.19933e+16
1.1295e+16
1.0384e+16
9.63661e+15
8.84966e+15
8.20381e+15
7.46576e+15
6.61698e+15
5.77199e+15
4.90177e+15
4.11705e+15
3.21629e+15
2.30469e+15
1.37224e+15
1.41909e+15
2.4407e+15
3.35309e+15
4.2726e+15
5.15055e+15
5.9443e+15
6.80031e+15
7.72677e+15
8.49786e+15
9.28098e+15
1.00847e+16
1.10213e+16
1.16824e+16
1.24046e+16
1.31863e+16
1.38303e+16
1.44792e+16
1.51336e+16
1.57923e+16
1.64735e+16
1.69172e+16
1.76362e+16
1.80839e+16
1.87773e+16
1.92055e+16
1.95889e+16
2.01731e+16
2.05369e+16
2.10265e+16
2.14136e+16
2.18265e+16
2.19771e+16
2.21708e+16
2.26977e+16
2.27087e+16
2.29522e+16
2.3019e+16
2.31192e+16
2.31768e+16
2.29934e+16
2.32162e+16
2.30357e+16
2.30442e+16
2.29903e+16
2.28753e+16
2.27232e+16
2.23533e+16
2.20984e+16
2.20035e+16
2.16677e+16
2.14347e+16
2.09626e+16
2.05969e+16
2.01312e+16
1.97495e+16
1.92071e+16
1.85618e+16
1.80287e+16
1.76042e+16
1.7003e+16
1.64413e+16
1.56575e+16
1.51226e+16
1.46404e+16
1.37596e+16
1.30479e+16
1.2543e+16
1.15505e+16
1.06242e+16
9.99816e+15
9.10693e+15
8.43279e+15
7.61206e+15
6.85111e+15
6.00408e+15
5.00182e+15
4.2295e+15
3.27037e+15
2.37663e+15
1.42495e+15
1.45273e+15
2.45466e+15
3.36113e+15
4.315e+15
5.16239e+15
6.0644e+15
7.00551e+15
7.87593e+15
8.72291e+15
9.47299e+15
1.02468e+16
1.11283e+16
1.19126e+16
1.27039e+16
1.35539e+16
1.41434e+16
1.48953e+16
1.55661e+16
1.6208e+16
1.69168e+16
1.74897e+16
1.79485e+16
1.84483e+16
1.91278e+16
1.95398e+16
1.99095e+16
2.04985e+16
2.09222e+16
2.16516e+16
2.17636e+16
2.2062e+16
2.23628e+16
2.27492e+16
2.29742e+16
2.314e+16
2.33499e+16
2.34258e+16
2.36609e+16
2.37622e+16
2.38768e+16
2.38735e+16
2.36137e+16
2.36116e+16
2.34702e+16
2.32883e+16
2.31958e+16
2.28817e+16
2.25192e+16
2.22501e+16
2.21556e+16
2.17992e+16
2.13578e+16
2.11297e+16
2.06244e+16
2.0191e+16
1.94879e+16
1.89355e+16
1.86229e+16
1.78494e+16
1.73808e+16
1.68476e+16
1.60941e+16
1.55691e+16
1.48231e+16
1.40732e+16
1.3442e+16
1.2515e+16
1.18292e+16
1.09222e+16
1.02505e+16
9.39157e+15
8.55759e+15
7.82532e+15
6.98562e+15
6.07468e+15
5.10901e+15
4.21934e+15
3.32914e+15
2.48871e+15
1.4227e+15
1.45749e+15
2.46224e+15
3.41774e+15
4.38166e+15
5.2624e+15
6.15353e+15
7.11222e+15
8.03271e+15
8.84267e+15
9.65937e+15
1.06219e+16
1.12704e+16
1.21222e+16
1.30932e+16
1.36579e+16
1.45862e+16
1.52286e+16
1.58483e+16
1.65804e+16
1.72351e+16
1.76742e+16
1.84073e+16
1.91126e+16
1.94494e+16
2.01704e+16
2.0582e+16
2.11624e+16
2.15541e+16
2.20218e+16
2.24272e+16
2.27188e+16
2.30116e+16
2.33191e+16
2.35727e+16
2.37005e+16
2.39363e+16
2.39867e+16
2.41338e+16
2.41207e+16
2.43493e+16
2.43266e+16
2.40575e+16
2.40856e+16
2.38641e+16
2.37051e+16
2.3497e+16
2.34043e+16
2.31173e+16
2.26921e+16
2.27009e+16
2.22373e+16
2.19277e+16
2.1509e+16
2.11364e+16
2.0534e+16
1.98914e+16
1.9484e+16
1.89077e+16
1.83308e+16
1.77337e+16
1.70044e+16
1.63108e+16
1.56922e+16
1.48521e+16
1.42454e+16
1.37107e+16
1.28233e+16
1.20364e+16
1.14248e+16
1.05011e+16
9.57678e+15
8.77687e+15
7.89505e+15
7.19131e+15
6.15703e+15
5.2443e+15
4.34329e+15
3.44118e+15
2.50415e+15
1.46685e+15
1.49858e+15
2.4863e+15
3.45889e+15
4.4779e+15
5.31369e+15
6.26553e+15
7.29792e+15
8.22215e+15
9.10552e+15
1.00009e+16
1.07133e+16
1.17126e+16
1.25432e+16
1.33514e+16
1.40117e+16
1.49236e+16
1.55405e+16
1.6282e+16
1.69713e+16
1.7496e+16
1.82153e+16
1.87819e+16
1.94522e+16
1.99462e+16
2.05349e+16
2.10816e+16
2.1509e+16
2.19204e+16
2.24754e+16
2.29402e+16
2.31892e+16
2.32993e+16
2.38029e+16
2.39486e+16
2.40318e+16
2.44102e+16
2.4392e+16
2.45075e+16
2.44986e+16
2.46803e+16
2.46324e+16
2.46761e+16
2.4425e+16
2.4479e+16
2.42886e+16
2.39116e+16
2.38787e+16
2.3712e+16
2.34357e+16
2.30409e+16
2.29789e+16
2.24022e+16
2.19909e+16
2.14643e+16
2.10227e+16
2.05312e+16
1.99843e+16
1.93097e+16
1.86805e+16
1.81668e+16
1.75742e+16
1.67976e+16
1.60823e+16
1.53022e+16
1.46182e+16
1.38812e+16
1.30297e+16
1.23704e+16
1.14808e+16
1.06522e+16
9.70969e+15
9.00911e+15
8.07624e+15
7.17554e+15
6.23797e+15
5.3e+15
4.38188e+15
3.51701e+15
2.51641e+15
1.55904e+15
1.52032e+15
2.57786e+15
3.56897e+15
4.60255e+15
5.44455e+15
6.44642e+15
7.34285e+15
8.24733e+15
9.27371e+15
1.01055e+16
1.09837e+16
1.195e+16
1.26184e+16
1.36704e+16
1.42033e+16
1.51492e+16
1.57176e+16
1.64696e+16
1.7116e+16
1.79899e+16
1.85617e+16
1.92367e+16
1.97771e+16
2.02918e+16
2.09329e+16
2.13986e+16
2.19191e+16
2.2316e+16
2.27368e+16
2.31233e+16
2.3649e+16
2.38393e+16
2.42298e+16
2.44797e+16
2.45411e+16
2.48425e+16
2.49459e+16
2.49333e+16
2.49104e+16
2.49718e+16
2.50503e+16
2.51366e+16
2.50273e+16
2.4969e+16
2.46467e+16
2.4516e+16
2.42397e+16
2.41339e+16
2.36492e+16
2.35312e+16
2.32044e+16
2.28462e+16
2.22986e+16
2.17543e+16
2.15065e+16
2.08852e+16
2.03758e+16
1.98309e+16
1.89964e+16
1.84821e+16
1.77648e+16
1.70577e+16
1.65611e+16
1.57985e+16
1.48986e+16
1.41315e+16
1.33324e+16
1.24948e+16
1.16056e+16
1.07448e+16
9.88006e+15
9.18214e+15
8.23117e+15
7.2904e+15
6.3371e+15
5.46741e+15
4.4237e+15
3.52627e+15
2.60513e+15
1.53871e+15
1.55237e+15
2.65505e+15
3.52709e+15
4.60352e+15
5.58328e+15
6.47287e+15
7.43961e+15
8.49606e+15
9.42782e+15
1.02694e+16
1.11479e+16
1.21238e+16
1.28292e+16
1.37409e+16
1.45722e+16
1.53944e+16
1.60558e+16
1.67329e+16
1.75315e+16
1.82549e+16
1.9028e+16
1.96776e+16
2.01273e+16
2.07056e+16
2.11598e+16
2.18573e+16
2.23121e+16
2.2726e+16
2.32399e+16
2.36389e+16
2.40492e+16
2.43261e+16
2.44651e+16
2.48399e+16
2.49535e+16
2.50254e+16
2.53318e+16
2.53673e+16
2.54723e+16
2.54118e+16
2.54679e+16
2.54008e+16
2.54828e+16
2.51797e+16
2.5259e+16
2.49794e+16
2.4735e+16
2.45573e+16
2.43281e+16
2.39183e+16
2.35275e+16
2.31684e+16
2.278e+16
2.2188e+16
2.17524e+16
2.11528e+16
2.07252e+16
2.00131e+16
1.9455e+16
1.86806e+16
1.8013e+16
1.75165e+16
1.66582e+16
1.59877e+16
1.50475e+16
1.44037e+16
1.35955e+16
1.2625e+16
1.1834e+16
1.10119e+16
1.01982e+16
9.33873e+15
8.41959e+15
7.44053e+15
6.48049e+15
5.58862e+15
4.57042e+15
3.56809e+15
2.62424e+15
1.58313e+15
1.60824e+15
2.67812e+15
3.68519e+15
4.62962e+15
5.6009e+15
6.6674e+15
7.57717e+15
8.62276e+15
9.42636e+15
1.04234e+16
1.14029e+16
1.21696e+16
1.30153e+16
1.40285e+16
1.47762e+16
1.54837e+16
1.64153e+16
1.70482e+16
1.77084e+16
1.86349e+16
1.92267e+16
1.98905e+16
2.05196e+16
2.10228e+16
2.16414e+16
2.21462e+16
2.26754e+16
2.32156e+16
2.36408e+16
2.3929e+16
2.4261e+16
2.4719e+16
2.48551e+16
2.51242e+16
2.55681e+16
2.56526e+16
2.55464e+16
2.57779e+16
2.59152e+16
2.59723e+16
2.59781e+16
2.5896e+16
2.58716e+16
2.57994e+16
2.5418e+16
2.53465e+16
2.5138e+16
2.49484e+16
2.46423e+16
2.44037e+16
2.40083e+16
2.35034e+16
2.30766e+16
2.26292e+16
2.20257e+16
2.15276e+16
2.1035e+16
2.04114e+16
1.96919e+16
1.90197e+16
1.84022e+16
1.7734e+16
1.69713e+16
1.62295e+16
1.53226e+16
1.47301e+16
1.38281e+16
1.29824e+16
1.21447e+16
1.12269e+16
1.03609e+16
9.49434e+15
8.53755e+15
7.64079e+15
6.62203e+15
5.74249e+15
4.70829e+15
3.64215e+15
2.69921e+15
1.61431e+15
1.66288e+15
2.73225e+15
3.77708e+15
4.72439e+15
5.7307e+15
6.68327e+15
7.70658e+15
8.66512e+15
9.52986e+15
1.0562e+16
1.15138e+16
1.24816e+16
1.33696e+16
1.42374e+16
1.50013e+16
1.56819e+16
1.66124e+16
1.73696e+16
1.81937e+16
1.88391e+16
1.9482e+16
2.00872e+16
2.06342e+16
2.14387e+16
2.19121e+16
2.24779e+16
2.30224e+16
2.34942e+16
2.38741e+16
2.41839e+16
2.47851e+16
2.49573e+16
2.53056e+16
2.553e+16
2.57713e+16
2.61186e+16
2.59956e+16
2.60579e+16
2.63324e+16
2.62342e+16
2.63932e+16
2.65081e+16
2.61794e+16
2.61145e+16
2.60739e+16
2.58381e+16
2.55758e+16
2.53152e+16
2.4971e+16
2.45782e+16
2.42668e+16
2.3851e+16
2.33619e+16
2.29933e+16
2.24262e+16
2.19595e+16
2.12993e+16
2.05861e+16
1.99839e+16
1.93554e+16
1.85743e+16
1.8068e+16
1.72165e+16
1.6529e+16
1.56509e+16
1.48379e+16
1.39772e+16
1.30956e+16
1.22276e+16
1.14536e+16
1.05358e+16
9.61808e+15
8.68259e+15
7.83876e+15
6.72607e+15
5.80683e+15
4.73793e+15
3.75665e+15
2.69181e+15
1.62332e+15
1.61654e+15
2.72901e+15
3.81199e+15
4.81328e+15
5.82843e+15
6.8218e+15
7.81207e+15
8.71714e+15
9.67344e+15
1.07566e+16
1.1555e+16
1.25261e+16
1.34622e+16
1.426e+16
1.52271e+16
1.58993e+16
1.67191e+16
1.75734e+16
1.86597e+16
1.91509e+16
1.98101e+16
2.04146e+16
2.09351e+16
2.17503e+16
2.22665e+16
2.28188e+16
2.32566e+16
2.37468e+16
2.43266e+16
2.43842e+16
2.49029e+16
2.5258e+16
2.57251e+16
2.59404e+16
2.61603e+16
2.63586e+16
2.64657e+16
2.65672e+16
2.68183e+16
2.67579e+16
2.68978e+16
2.66204e+16
2.65589e+16
2.64051e+16
2.63504e+16
2.61598e+16
2.59923e+16
2.55557e+16
2.51482e+16
2.4983e+16
2.4631e+16
2.39664e+16
2.3649e+16
2.3193e+16
2.27885e+16
2.19665e+16
2.15036e+16
2.09999e+16
2.04703e+16
1.96822e+16
1.88834e+16
1.81681e+16
1.73437e+16
1.66403e+16
1.58871e+16
1.49802e+16
1.40537e+16
1.33236e+16
1.24542e+16
1.14792e+16
1.0753e+16
9.71571e+15
8.77406e+15
7.9066e+15
6.85873e+15
5.84643e+15
4.84852e+15
3.75018e+15
2.72221e+15
1.6718e+15
1.67307e+15
2.7686e+15
3.80974e+15
4.9073e+15
5.82614e+15
6.88173e+15
7.90082e+15
8.87096e+15
9.87249e+15
1.07369e+16
1.17086e+16
1.27755e+16
1.35904e+16
1.44991e+16
1.53656e+16
1.61803e+16
1.70071e+16
1.79289e+16
1.85832e+16
1.94894e+16
2.00136e+16
2.08782e+16
2.12888e+16
2.19486e+16
2.26059e+16
2.3119e+16
2.34937e+16
2.40046e+16
2.41919e+16
2.48865e+16
2.51066e+16
2.57541e+16
2.59551e+16
2.60937e+16
2.66397e+16
2.66684e+16
2.6753e+16
2.69625e+16
2.72596e+16
2.69718e+16
2.723e+16
2.6883e+16
2.69171e+16
2.67847e+16
2.66287e+16
2.63905e+16
2.6132e+16
2.58634e+16
2.55449e+16
2.50805e+16
2.47575e+16
2.42454e+16
2.39762e+16
2.34484e+16
2.29891e+16
2.23061e+16
2.18985e+16
2.11494e+16
2.059e+16
1.97813e+16
1.90483e+16
1.82701e+16
1.76265e+16
1.68866e+16
1.597e+16
1.5254e+16
1.43682e+16
1.34995e+16
1.24834e+16
1.17077e+16
1.08013e+16
9.7769e+15
8.82224e+15
7.78602e+15
6.95291e+15
5.90485e+15
4.9287e+15
3.83182e+15
2.76766e+15
1.67489e+15
1.6655e+15
2.79434e+15
3.93129e+15
4.92399e+15
5.92009e+15
6.99469e+15
7.95095e+15
8.95447e+15
9.9658e+15
1.08829e+16
1.17934e+16
1.27703e+16
1.37543e+16
1.46875e+16
1.54786e+16
1.6339e+16
1.70784e+16
1.7844e+16
1.87044e+16
1.9691e+16
2.02311e+16
2.10074e+16
2.15883e+16
2.22084e+16
2.26146e+16
2.30651e+16
2.38068e+16
2.42272e+16
2.46805e+16
2.50369e+16
2.56254e+16
2.5844e+16
2.62016e+16
2.65227e+16
2.65697e+16
2.67837e+16
2.70361e+16
2.72248e+16
2.73314e+16
2.73412e+16
2.72243e+16
2.72875e+16
2.72406e+16
2.72991e+16
2.69094e+16
2.66338e+16
2.652e+16
2.63017e+16
2.58515e+16
2.54307e+16
2.52078e+16
2.46581e+16
2.40909e+16
2.36234e+16
2.32681e+16
2.25115e+16
2.19096e+16
2.12044e+16
2.05707e+16
1.99333e+16
1.93428e+16
1.8609e+16
1.76959e+16
1.70557e+16
1.62169e+16
1.53363e+16
1.45109e+16
1.36673e+16
1.27569e+16
1.17006e+16
1.08959e+16
9.8984e+15
8.91172e+15
8.00059e+15
6.92302e+15
6.00486e+15
4.88013e+15
3.82944e+15
2.80275e+15
1.66651e+15
1.7025e+15
2.88604e+15
3.91164e+15
4.99891e+15
6.00607e+15
6.98683e+15
8.05838e+15
8.91749e+15
9.90539e+15
1.08872e+16
1.19402e+16
1.28279e+16
1.39055e+16
1.48928e+16
1.55917e+16
1.64026e+16
1.7367e+16
1.81085e+16
1.90018e+16
1.95172e+16
2.0375e+16
2.11004e+16
2.16227e+16
2.22946e+16
2.27706e+16
2.3417e+16
2.3973e+16
2.45907e+16
2.4947e+16
2.50146e+16
2.58137e+16
2.60992e+16
2.64618e+16
2.68161e+16
2.68471e+16
2.6982e+16
2.72667e+16
2.75224e+16
2.74666e+16
2.74697e+16
2.74882e+16
2.74116e+16
2.75743e+16
2.73771e+16
2.71532e+16
2.6956e+16
2.67442e+16
2.65274e+16
2.59798e+16
2.58915e+16
2.53407e+16
2.49411e+16
2.43444e+16
2.38947e+16
2.3406e+16
2.27987e+16
2.21477e+16
2.15941e+16
2.07061e+16
2.02665e+16
1.94094e+16
1.87642e+16
1.79745e+16
1.71641e+16
1.64074e+16
1.56068e+16
1.45989e+16
1.3867e+16
1.28021e+16
1.20085e+16
1.10043e+16
1.0011e+16
9.0405e+15
7.97361e+15
7.04632e+15
5.97162e+15
4.93748e+15
3.93948e+15
2.84263e+15
1.66322e+15
1.74676e+15
2.9016e+15
3.95682e+15
4.9797e+15
6.0823e+15
7.0865e+15
8.09594e+15
9.09684e+15
1.01959e+16
1.11117e+16
1.19796e+16
1.29488e+16
1.38744e+16
1.4837e+16
1.57874e+16
1.65364e+16
1.74154e+16
1.82846e+16
1.91592e+16
1.96885e+16
2.05868e+16
2.11501e+16
2.17883e+16
2.25638e+16
2.3191e+16
2.36886e+16
2.40308e+16
2.46284e+16
2.5147e+16
2.53885e+16
2.5832e+16
2.6433e+16
2.65377e+16
2.70002e+16
2.71385e+16
2.7374e+16
2.76087e+16
2.77376e+16
2.77519e+16
2.78156e+16
2.77753e+16
2.76423e+16
2.75107e+16
2.74302e+16
2.73953e+16
2.71351e+16
2.70343e+16
2.65513e+16
2.615e+16
2.59238e+16
2.56314e+16
2.5155e+16
2.46642e+16
2.39888e+16
2.36897e+16
2.31069e+16
2.23555e+16
2.17353e+16
2.09691e+16
2.02818e+16
1.96913e+16
1.87749e+16
1.81545e+16
1.71478e+16
1.64581e+16
1.56423e+16
1.47943e+16
1.38907e+16
1.29439e+16
1.20789e+16
1.10555e+16
1.01222e+16
9.08844e+15
8.03863e+15
7.05768e+15
6.08463e+15
5.02157e+15
3.98664e+15
2.83634e+15
1.73571e+15
1.73811e+15
2.89685e+15
4.05392e+15
5.09921e+15
6.07216e+15
7.15458e+15
8.15703e+15
9.17142e+15
1.02269e+16
1.1127e+16
1.20677e+16
1.31376e+16
1.39793e+16
1.49055e+16
1.5872e+16
1.67931e+16
1.76444e+16
1.84269e+16
1.89519e+16
1.98551e+16
2.05639e+16
2.12131e+16
2.18534e+16
2.26355e+16
2.32313e+16
2.37391e+16
2.43708e+16
2.48122e+16
2.53988e+16
2.54751e+16
2.60482e+16
2.66484e+16
2.68914e+16
2.72771e+16
2.73759e+16
2.75456e+16
2.76835e+16
2.79441e+16
2.80403e+16
2.80551e+16
2.78744e+16
2.78968e+16
2.76583e+16
2.74788e+16
2.75466e+16
2.72683e+16
2.70301e+16
2.6722e+16
2.64018e+16
2.60732e+16
2.56531e+16
2.52436e+16
2.46806e+16
2.42325e+16
2.38031e+16
2.30435e+16
2.24901e+16
2.17274e+16
2.11591e+16
2.0528e+16
1.96692e+16
1.90927e+16
1.81417e+16
1.74223e+16
1.64637e+16
1.56867e+16
1.50143e+16
1.40186e+16
1.29807e+16
1.20313e+16
1.11316e+16
1.02333e+16
9.20611e+15
8.06483e+15
7.03322e+15
6.12942e+15
5.06583e+15
3.9827e+15
2.89576e+15
1.72139e+15
1.75699e+15
2.87034e+15
4.02523e+15
5.06272e+15
6.21264e+15
7.17321e+15
8.22414e+15
9.3379e+15
1.01863e+16
1.12753e+16
1.22683e+16
1.32955e+16
1.41229e+16
1.50337e+16
1.57934e+16
1.68238e+16
1.76459e+16
1.85912e+16
1.91385e+16
1.99827e+16
2.05976e+16
2.13097e+16
2.2128e+16
2.27715e+16
2.33629e+16
2.37325e+16
2.42861e+16
2.49043e+16
2.54188e+16
2.58312e+16
2.63213e+16
2.66257e+16
2.69351e+16
2.71935e+16
2.74571e+16
2.75578e+16
2.78041e+16
2.80319e+16
2.81551e+16
2.80357e+16
2.80594e+16
2.78462e+16
2.7817e+16
2.75378e+16
2.75308e+16
2.73598e+16
2.71226e+16
2.68238e+16
2.63037e+16
2.61258e+16
2.56642e+16
2.52353e+16
2.47837e+16
2.42697e+16
2.36842e+16
2.32007e+16
2.24692e+16
2.18587e+16
2.13122e+16
2.06585e+16
1.98334e+16
1.90367e+16
1.82618e+16
1.74008e+16
1.66307e+16
1.58083e+16
1.48923e+16
1.39311e+16
1.31294e+16
1.19984e+16
1.11576e+16
1.0161e+16
9.24663e+15
8.25747e+15
7.10921e+15
6.12801e+15
5.06093e+15
3.95229e+15
2.90621e+15
1.70825e+15
1.74915e+15
2.88232e+15
4.00689e+15
5.13526e+15
6.14558e+15
7.24415e+15
8.2335e+15
9.30331e+15
1.02355e+16
1.1356e+16
1.22577e+16
1.30935e+16
1.40389e+16
1.4961e+16
1.57526e+16
1.6848e+16
1.76653e+16
1.84321e+16
1.9226e+16
2.00543e+16
2.08946e+16
2.13738e+16
2.21248e+16
2.27852e+16
2.34014e+16
2.38713e+16
2.44433e+16
2.50063e+16
2.54053e+16
2.59186e+16
2.62436e+16
2.66778e+16
2.71018e+16
2.74355e+16
2.74897e+16
2.77799e+16
2.78321e+16
2.79477e+16
2.81259e+16
2.80723e+16
2.81894e+16
2.80523e+16
2.79842e+16
2.78561e+16
2.75831e+16
2.73963e+16
2.73965e+16
2.70357e+16
2.64521e+16
2.62651e+16
2.59301e+16
2.54589e+16
2.49354e+16
2.43977e+16
2.37195e+16
2.32617e+16
2.26558e+16
2.18899e+16
2.12854e+16
2.06786e+16
2.00081e+16
1.90192e+16
1.84162e+16
1.73859e+16
1.67109e+16
1.59187e+16
1.4941e+16
1.40901e+16
1.31579e+16
1.21019e+16
1.11927e+16
1.02381e+16
9.19519e+15
8.27514e+15
7.20669e+15
6.13568e+15
5.13012e+15
4.00438e+15
2.90765e+15
1.73895e+15
1.75219e+15
2.97025e+15
3.98551e+15
5.12697e+15
6.23991e+15
7.2984e+15
8.25878e+15
9.2984e+15
1.03434e+16
1.13269e+16
1.22402e+16
1.3229e+16
1.42198e+16
1.4956e+16
1.58596e+16
1.68477e+16
1.76373e+16
1.84612e+16
1.9282e+16
2.00075e+16
2.07457e+16
2.14624e+16
2.20383e+16
2.27476e+16
2.33165e+16
2.39148e+16
2.4489e+16
2.49765e+16
2.55822e+16
2.59e+16
2.6144e+16
2.67805e+16
2.71593e+16
2.71926e+16
2.74378e+16
2.77506e+16
2.79536e+16
2.79936e+16
2.82188e+16
2.80668e+16
2.81363e+16
2.81428e+16
2.79691e+16
2.79143e+16
2.76011e+16
2.7578e+16
2.73151e+16
2.68196e+16
2.65868e+16
2.61051e+16
2.58629e+16
2.53809e+16
2.48236e+16
2.44416e+16
2.386e+16
2.32399e+16
2.25425e+16
2.20154e+16
2.1308e+16
2.06475e+16
1.97858e+16
1.91025e+16
1.82799e+16
1.75335e+16
1.66541e+16
1.57997e+16
1.48462e+16
1.41035e+16
1.31948e+16
1.20791e+16
1.11486e+16
1.02363e+16
9.23722e+15
8.16994e+15
7.16176e+15
6.09618e+15
5.09907e+15
3.96084e+15
2.90315e+15
1.68934e+15
1.76608e+15
2.86483e+15
3.98664e+15
5.07509e+15
6.15436e+15
7.21072e+15
8.21972e+15
9.33009e+15
1.03542e+16
1.13169e+16
1.22477e+16
1.31776e+16
1.41801e+16
1.50298e+16
1.58786e+16
1.67351e+16
1.74619e+16
1.82591e+16
1.90949e+16
1.98564e+16
2.05984e+16
2.14082e+16
2.20441e+16
2.27269e+16
2.33606e+16
2.40027e+16
2.45033e+16
2.51759e+16
2.56219e+16
2.60667e+16
2.63985e+16
2.68635e+16
2.70432e+16
2.74471e+16
2.73626e+16
2.75423e+16
2.78112e+16
2.80166e+16
2.81036e+16
2.8175e+16
2.80953e+16
2.80395e+16
2.78614e+16
2.78605e+16
2.76134e+16
2.73548e+16
2.72793e+16
2.69532e+16
2.65914e+16
2.62978e+16
2.57505e+16
2.541e+16
2.49e+16
2.43968e+16
2.3802e+16
2.33758e+16
2.27054e+16
2.20835e+16
2.12553e+16
2.05849e+16
1.98869e+16
1.9158e+16
1.83114e+16
1.76002e+16
1.67004e+16
1.59114e+16
1.50478e+16
1.40443e+16
1.30959e+16
1.22663e+16
1.12415e+16
1.01672e+16
9.30743e+15
8.25922e+15
7.22135e+15
6.14592e+15
5.04433e+15
3.92814e+15
2.91946e+15
1.66988e+15
1.75336e+15
2.89116e+15
4.00603e+15
5.0355e+15
6.13087e+15
7.22178e+15
8.15223e+15
9.24576e+15
1.02791e+16
1.13726e+16
1.2242e+16
1.31597e+16
1.39783e+16
1.49647e+16
1.59644e+16
1.67193e+16
1.74631e+16
1.83772e+16
1.9008e+16
1.98137e+16
2.08123e+16
2.12702e+16
2.21211e+16
2.27023e+16
2.32866e+16
2.3959e+16
2.44838e+16
2.50195e+16
2.55378e+16
2.58638e+16
2.62875e+16
2.64854e+16
2.69468e+16
2.73936e+16
2.75949e+16
2.77572e+16
2.7837e+16
2.78748e+16
2.79007e+16
2.80693e+16
2.80703e+16
2.79543e+16
2.79077e+16
2.76514e+16
2.74342e+16
2.74021e+16
2.72109e+16
2.68252e+16
2.63918e+16
2.61735e+16
2.59042e+16
2.54771e+16
2.48612e+16
2.44071e+16
2.38219e+16
2.33026e+16
2.26122e+16
2.19242e+16
2.11518e+16
2.05775e+16
1.99083e+16
1.90338e+16
1.83386e+16
1.75017e+16
1.67162e+16
1.58223e+16
1.49672e+16
1.40208e+16
1.303e+16
1.22534e+16
1.12405e+16
1.01543e+16
9.17826e+15
8.20473e+15
7.22664e+15
6.21395e+15
5.16142e+15
3.96412e+15
2.85267e+15
1.72281e+15
1.69681e+15
2.93313e+15
3.97303e+15
5.05476e+15
6.17411e+15
7.19645e+15
8.27373e+15
9.31616e+15
1.02356e+16
1.13247e+16
1.21959e+16
1.32088e+16
1.42312e+16
1.49228e+16
1.58827e+16
1.66928e+16
1.75539e+16
1.83326e+16
1.89483e+16
1.99667e+16
2.07414e+16
2.15112e+16
2.21555e+16
2.26821e+16
2.33106e+16
2.38625e+16
2.44412e+16
2.47107e+16
2.53005e+16
2.57597e+16
2.64087e+16
2.65848e+16
2.68474e+16
2.72961e+16
2.73842e+16
2.78039e+16
2.79338e+16
2.79376e+16
2.79975e+16
2.80473e+16
2.7953e+16
2.80123e+16
2.77435e+16
2.77429e+16
2.76297e+16
2.74151e+16
2.71232e+16
2.68681e+16
2.62501e+16
2.61705e+16
2.57684e+16
2.52797e+16
2.47601e+16
2.42206e+16
2.36881e+16
2.31637e+16
2.23903e+16
2.18837e+16
2.12741e+16
2.06097e+16
1.99038e+16
1.90279e+16
1.82536e+16
1.7305e+16
1.65488e+16
1.57982e+16
1.48951e+16
1.39681e+16
1.32088e+16
1.20743e+16
1.12213e+16
1.02174e+16
9.26099e+15
8.20541e+15
7.2361e+15
6.12534e+15
5.11285e+15
3.98297e+15
2.87378e+15
1.78403e+15
1.76738e+15
2.9228e+15
4.00235e+15
5.0436e+15
6.08395e+15
7.14706e+15
8.19323e+15
9.12794e+15
1.01685e+16
1.11322e+16
1.21955e+16
1.31336e+16
1.40354e+16
1.50326e+16
1.57882e+16
1.66732e+16
1.73843e+16
1.81949e+16
1.90602e+16
1.98312e+16
2.04662e+16
2.13581e+16
2.19562e+16
2.24849e+16
2.3062e+16
2.37287e+16
2.42087e+16
2.4759e+16
2.52301e+16
2.57959e+16
2.6141e+16
2.6416e+16
2.6711e+16
2.70659e+16
2.7384e+16
2.76165e+16
2.774e+16
2.77715e+16
2.77844e+16
2.76986e+16
2.8009e+16
2.77715e+16
2.76655e+16
2.76767e+16
2.73399e+16
2.72177e+16
2.70613e+16
2.66332e+16
2.64381e+16
2.5807e+16
2.55786e+16
2.504e+16
2.48566e+16
2.42233e+16
2.37494e+16
2.28139e+16
2.24244e+16
2.1687e+16
2.11871e+16
2.05191e+16
1.98298e+16
1.89499e+16
1.80683e+16
1.72914e+16
1.66042e+16
1.56657e+16
1.46383e+16
1.38878e+16
1.30576e+16
1.21301e+16
1.10829e+16
9.98788e+15
9.10601e+15
8.2206e+15
7.14332e+15
6.08982e+15
5.00702e+15
3.98046e+15
2.88013e+15
1.75935e+15
1.76237e+15
2.89492e+15
3.98149e+15
5.01376e+15
6.06901e+15
7.08199e+15
8.07706e+15
9.13202e+15
1.00316e+16
1.10018e+16
1.20018e+16
1.28794e+16
1.39689e+16
1.48915e+16
1.56652e+16
1.6606e+16
1.73948e+16
1.82784e+16
1.88569e+16
1.96218e+16
2.04413e+16
2.10247e+16
2.17557e+16
2.24345e+16
2.29989e+16
2.35339e+16
2.41653e+16
2.46476e+16
2.50722e+16
2.55111e+16
2.60476e+16
2.63623e+16
2.65833e+16
2.67041e+16
2.71086e+16
2.73189e+16
2.74887e+16
2.77614e+16
2.77652e+16
2.76006e+16
2.76879e+16
2.74888e+16
2.74799e+16
2.7454e+16
2.73788e+16
2.71491e+16
2.68435e+16
2.64733e+16
2.60546e+16
2.57606e+16
2.53978e+16
2.47988e+16
2.44303e+16
2.40065e+16
2.35988e+16
2.2693e+16
2.22808e+16
2.15461e+16
2.08467e+16
2.03761e+16
1.96775e+16
1.89061e+16
1.78879e+16
1.72455e+16
1.63207e+16
1.56932e+16
1.48065e+16
1.38725e+16
1.29725e+16
1.19835e+16
1.09667e+16
1.01359e+16
9.17142e+15
8.13063e+15
7.12008e+15
6.06726e+15
5.01735e+15
3.95594e+15
2.899e+15
1.69888e+15
1.76084e+15
2.8526e+15
3.91546e+15
4.98969e+15
6.05498e+15
6.99401e+15
8.07435e+15
9.00585e+15
9.89646e+15
1.1028e+16
1.18832e+16
1.28663e+16
1.3851e+16
1.46688e+16
1.57293e+16
1.6377e+16
1.72528e+16
1.82236e+16
1.87807e+16
1.95416e+16
2.01598e+16
2.07746e+16
2.14424e+16
2.22652e+16
2.28125e+16
2.34221e+16
2.39216e+16
2.43248e+16
2.49685e+16
2.56014e+16
2.58742e+16
2.62146e+16
2.65384e+16
2.66266e+16
2.68801e+16
2.69835e+16
2.72504e+16
2.73254e+16
2.73026e+16
2.7274e+16
2.73256e+16
2.73151e+16
2.73106e+16
2.72049e+16
2.71809e+16
2.68622e+16
2.67551e+16
2.64176e+16
2.58474e+16
2.55198e+16
2.51263e+16
2.46078e+16
2.43073e+16
2.36756e+16
2.32671e+16
2.26762e+16
2.21425e+16
2.13751e+16
2.0898e+16
2.01326e+16
1.93651e+16
1.87066e+16
1.79171e+16
1.7145e+16
1.62775e+16
1.54743e+16
1.45676e+16
1.37253e+16
1.29007e+16
1.20177e+16
1.09433e+16
1.00198e+16
8.98737e+15
8.0544e+15
7.12634e+15
6.02694e+15
4.98567e+15
3.99825e+15
2.8563e+15
1.6894e+15
1.69709e+15
2.82646e+15
3.87349e+15
4.9436e+15
6.00316e+15
6.97043e+15
8.03208e+15
9.03279e+15
9.92062e+15
1.08551e+16
1.17527e+16
1.27531e+16
1.37854e+16
1.44843e+16
1.54989e+16
1.6362e+16
1.71327e+16
1.78308e+16
1.87259e+16
1.93265e+16
1.99825e+16
2.07695e+16
2.12334e+16
2.19492e+16
2.26557e+16
2.31509e+16
2.36575e+16
2.4215e+16
2.45989e+16
2.5115e+16
2.56161e+16
2.58982e+16
2.62377e+16
2.64682e+16
2.66844e+16
2.69651e+16
2.70671e+16
2.72216e+16
2.70711e+16
2.70732e+16
2.70767e+16
2.7215e+16
2.70682e+16
2.6962e+16
2.67268e+16
2.64775e+16
2.63107e+16
2.60217e+16
2.55149e+16
2.53239e+16
2.48506e+16
2.4414e+16
2.40634e+16
2.36486e+16
2.29986e+16
2.23239e+16
2.18145e+16
2.1308e+16
2.0477e+16
1.99135e+16
1.92003e+16
1.84812e+16
1.77174e+16
1.69502e+16
1.60698e+16
1.53086e+16
1.44605e+16
1.36461e+16
1.27669e+16
1.17203e+16
1.09718e+16
9.92058e+15
8.94462e+15
7.93955e+15
6.93904e+15
5.97142e+15
4.92783e+15
3.84314e+15
2.83779e+15
1.68368e+15
1.67472e+15
2.76101e+15
3.78456e+15
4.91929e+15
5.84939e+15
6.89925e+15
7.93067e+15
8.82646e+15
9.78287e+15
1.08325e+16
1.16337e+16
1.26097e+16
1.35862e+16
1.43422e+16
1.52396e+16
1.61709e+16
1.67982e+16
1.76745e+16
1.83614e+16
1.90005e+16
1.98061e+16
2.0377e+16
2.10491e+16
2.17384e+16
2.22821e+16
2.28622e+16
2.34961e+16
2.3979e+16
2.45273e+16
2.4858e+16
2.53233e+16
2.55229e+16
2.61101e+16
2.6277e+16
2.63159e+16
2.66922e+16
2.66998e+16
2.68081e+16
2.6732e+16
2.68978e+16
2.67622e+16
2.67567e+16
2.66768e+16
2.66515e+16
2.65031e+16
2.6055e+16
2.58976e+16
2.55878e+16
2.53292e+16
2.50609e+16
2.46897e+16
2.42048e+16
2.35692e+16
2.32543e+16
2.26343e+16
2.21341e+16
2.14749e+16
2.11409e+16
2.03609e+16
1.97344e+16
1.90331e+16
1.8166e+16
1.74498e+16
1.67236e+16
1.58934e+16
1.51181e+16
1.41658e+16
1.33607e+16
1.25145e+16
1.151e+16
1.07837e+16
9.76559e+15
8.78109e+15
7.81222e+15
6.81156e+15
5.83163e+15
4.85431e+15
3.82583e+15
2.7818e+15
1.67844e+15
1.65774e+15
2.64904e+15
3.767e+15
4.66238e+15
5.84162e+15
6.80856e+15
7.7552e+15
8.65003e+15
9.6978e+15
1.063e+16
1.14946e+16
1.24462e+16
1.32934e+16
1.41933e+16
1.50761e+16
1.58621e+16
1.66638e+16
1.74428e+16
1.82009e+16
1.87658e+16
1.95887e+16
1.99508e+16
2.0752e+16
2.15053e+16
2.19826e+16
2.25223e+16
2.30538e+16
2.35725e+16
2.40309e+16
2.44986e+16
2.49367e+16
2.52947e+16
2.55309e+16
2.57809e+16
2.59508e+16
2.63082e+16
2.63202e+16
2.63458e+16
2.62726e+16
2.63925e+16
2.65175e+16
2.64895e+16
2.62834e+16
2.62127e+16
2.60027e+16
2.57031e+16
2.5468e+16
2.5245e+16
2.50758e+16
2.45487e+16
2.41468e+16
2.38673e+16
2.33902e+16
2.28942e+16
2.23461e+16
2.19661e+16
2.13748e+16
2.086e+16
2.01683e+16
1.94564e+16
1.85639e+16
1.79778e+16
1.73837e+16
1.65794e+16
1.58098e+16
1.49702e+16
1.40315e+16
1.29946e+16
1.24143e+16
1.14963e+16
1.06413e+16
9.61832e+15
8.63732e+15
7.73677e+15
6.72534e+15
5.77723e+15
4.79153e+15
3.71639e+15
2.70562e+15
1.66796e+15
1.57966e+15
2.66587e+15
3.71958e+15
4.72387e+15
5.80193e+15
6.67148e+15
7.54408e+15
8.57234e+15
9.49289e+15
1.04022e+16
1.1335e+16
1.21e+16
1.32477e+16
1.40894e+16
1.47117e+16
1.56008e+16
1.63043e+16
1.7365e+16
1.78911e+16
1.85255e+16
1.91428e+16
1.98466e+16
2.04899e+16
2.11168e+16
2.17714e+16
2.21671e+16
2.26689e+16
2.31027e+16
2.35507e+16
2.40553e+16
2.45824e+16
2.465e+16
2.48989e+16
2.5354e+16
2.55272e+16
2.5639e+16
2.57648e+16
2.60676e+16
2.5987e+16
2.59414e+16
2.59858e+16
2.59674e+16
2.5753e+16
2.58369e+16
2.56428e+16
2.55071e+16
2.50966e+16
2.47934e+16
2.44516e+16
2.41754e+16
2.37666e+16
2.354e+16
2.30332e+16
2.24902e+16
2.20284e+16
2.15029e+16
2.10074e+16
2.02498e+16
1.97739e+16
1.89823e+16
1.83624e+16
1.77352e+16
1.68878e+16
1.6205e+16
1.54933e+16
1.46597e+16
1.3796e+16
1.29708e+16
1.21047e+16
1.12814e+16
1.04107e+16
9.46174e+15
8.46171e+15
7.52215e+15
6.60806e+15
5.7174e+15
4.71327e+15
3.67894e+15
2.7017e+15
1.63599e+15
1.57987e+15
2.62302e+15
3.56376e+15
4.6758e+15
5.56295e+15
6.53158e+15
7.5202e+15
8.36131e+15
9.27691e+15
1.02699e+16
1.10998e+16
1.19781e+16
1.29161e+16
1.36199e+16
1.46477e+16
1.53245e+16
1.60596e+16
1.68595e+16
1.76014e+16
1.82118e+16
1.88652e+16
1.94856e+16
2.00296e+16
2.0735e+16
2.12328e+16
2.18037e+16
2.22564e+16
2.27372e+16
2.31083e+16
2.36361e+16
2.39405e+16
2.41533e+16
2.48656e+16
2.48912e+16
2.51936e+16
2.52666e+16
2.54844e+16
2.54111e+16
2.55199e+16
2.55524e+16
2.54099e+16
2.54833e+16
2.53844e+16
2.52743e+16
2.53709e+16
2.46938e+16
2.45893e+16
2.43754e+16
2.39676e+16
2.36976e+16
2.32633e+16
2.2802e+16
2.25773e+16
2.20796e+16
2.16144e+16
2.11572e+16
2.04876e+16
1.98134e+16
1.94285e+16
1.8647e+16
1.81305e+16
1.76006e+16
1.67372e+16
1.58876e+16
1.53143e+16
1.44312e+16
1.36697e+16
1.27543e+16
1.18961e+16
1.11253e+16
1.01403e+16
9.28962e+15
8.32851e+15
7.41646e+15
6.45967e+15
5.56523e+15
4.6384e+15
3.6973e+15
2.67029e+15
1.56612e+15
1.53446e+15
2.55858e+15
3.56572e+15
4.47034e+15
5.47095e+15
6.319e+15
7.26002e+15
8.2467e+15
9.03943e+15
9.9607e+15
1.07752e+16
1.16418e+16
1.25241e+16
1.33754e+16
1.40718e+16
1.51354e+16
1.58378e+16
1.6665e+16
1.71881e+16
1.77337e+16
1.82556e+16
1.89223e+16
1.9618e+16
2.01353e+16
2.06683e+16
2.12906e+16
2.1879e+16
2.21326e+16
2.26514e+16
2.30951e+16
2.34982e+16
2.40348e+16
2.42233e+16
2.42677e+16
2.46668e+16
2.46584e+16
2.48528e+16
2.49637e+16
2.50123e+16
2.51772e+16
2.50981e+16
2.49067e+16
2.4771e+16
2.44916e+16
2.45151e+16
2.43642e+16
2.39501e+16
2.38621e+16
2.35346e+16
2.33126e+16
2.30063e+16
2.24716e+16
2.20875e+16
2.17597e+16
2.11409e+16
2.07201e+16
2.02334e+16
1.96369e+16
1.89785e+16
1.82244e+16
1.76099e+16
1.6959e+16
1.63132e+16
1.55457e+16
1.4882e+16
1.41157e+16
1.3297e+16
1.25418e+16
1.17518e+16
1.08471e+16
9.95789e+15
9.02759e+15
8.20206e+15
7.28831e+15
6.35651e+15
5.47726e+15
4.54516e+15
3.54996e+15
2.56328e+15
1.5419e+15
1.51181e+15
2.47589e+15
3.44961e+15
4.37578e+15
5.27724e+15
6.18425e+15
7.11552e+15
7.99263e+15
8.79919e+15
9.69387e+15
1.06212e+16
1.13753e+16
1.22042e+16
1.30303e+16
1.38252e+16
1.46405e+16
1.52432e+16
1.61394e+16
1.67996e+16
1.73545e+16
1.79622e+16
1.85724e+16
1.91252e+16
1.96537e+16
2.01746e+16
2.08641e+16
2.11312e+16
2.16273e+16
2.21687e+16
2.254e+16
2.29904e+16
2.31961e+16
2.35261e+16
2.37739e+16
2.4097e+16
2.41974e+16
2.43959e+16
2.43933e+16
2.45895e+16
2.43835e+16
2.43614e+16
2.44368e+16
2.40582e+16
2.4018e+16
2.39079e+16
2.3735e+16
2.36538e+16
2.33092e+16
2.30891e+16
2.28536e+16
2.2285e+16
2.18025e+16
2.16634e+16
2.11402e+16
2.06529e+16
2.02059e+16
1.97419e+16
1.92156e+16
1.85503e+16
1.78414e+16
1.72435e+16
1.66353e+16
1.59187e+16
1.52593e+16
1.44359e+16
1.38111e+16
1.29335e+16
1.20546e+16
1.1345e+16
1.05364e+16
9.65612e+15
8.83617e+15
7.9264e+15
7.12386e+15
6.20531e+15
5.28773e+15
4.41468e+15
3.38462e+15
2.43487e+15
1.4739e+15
1.4606e+15
2.47259e+15
3.37784e+15
4.2752e+15
5.13992e+15
6.18629e+15
6.98596e+15
7.7768e+15
8.64988e+15
9.48789e+15
1.03364e+16
1.10736e+16
1.19332e+16
1.27445e+16
1.35076e+16
1.41083e+16
1.49277e+16
1.57068e+16
1.63704e+16
1.69151e+16
1.75711e+16
1.81135e+16
1.8723e+16
1.92811e+16
1.9803e+16
2.03408e+16
2.05756e+16
2.12489e+16
2.1548e+16
2.20527e+16
2.23516e+16
2.25296e+16
2.27832e+16
2.32037e+16
2.33436e+16
2.35251e+16
2.349e+16
2.36951e+16
2.38298e+16
2.37147e+16
2.38064e+16
2.37195e+16
2.35644e+16
2.35075e+16
2.32515e+16
2.32885e+16
2.30127e+16
2.26753e+16
2.23881e+16
2.21781e+16
2.17496e+16
2.14474e+16
2.1039e+16
2.06366e+16
2.01895e+16
1.97578e+16
1.92442e+16
1.86876e+16
1.80462e+16
1.75016e+16
1.66969e+16
1.61745e+16
1.55221e+16
1.47532e+16
1.40622e+16
1.3338e+16
1.25495e+16
1.17409e+16
1.11845e+16
1.02199e+16
9.53103e+15
8.64707e+15
7.81232e+15
6.88857e+15
6.03058e+15
5.17166e+15
4.29786e+15
3.38463e+15
2.4296e+15
1.44143e+15
1.42992e+15
2.34834e+15
3.2728e+15
4.12894e+15
4.97368e+15
5.89859e+15
6.68312e+15
7.49371e+15
8.40552e+15
9.15832e+15
9.98346e+15
1.0814e+16
1.15661e+16
1.24166e+16
1.31572e+16
1.37955e+16
1.46292e+16
1.52615e+16
1.59899e+16
1.64545e+16
1.70945e+16
1.76039e+16
1.80922e+16
1.85859e+16
1.91885e+16
1.97548e+16
2.01507e+16
2.05187e+16
2.09082e+16
2.13277e+16
2.16194e+16
2.2023e+16
2.22163e+16
2.23175e+16
2.25911e+16
2.28284e+16
2.27144e+16
2.30189e+16
2.31589e+16
2.30082e+16
2.30647e+16
2.30774e+16
2.28561e+16
2.26392e+16
2.2785e+16
2.24996e+16
2.22209e+16
2.21465e+16
2.18375e+16
2.14459e+16
2.12204e+16
2.08161e+16
2.03486e+16
1.99063e+16
1.95178e+16
1.91025e+16
1.85793e+16
1.80535e+16
1.7438e+16
1.69155e+16
1.62811e+16
1.57245e+16
1.51072e+16
1.43937e+16
1.36882e+16
1.28971e+16
1.22079e+16
1.14821e+16
1.06662e+16
9.97157e+15
9.22659e+15
8.45666e+15
7.57377e+15
6.79541e+15
5.91509e+15
5.04462e+15
4.14715e+15
3.24024e+15
2.33007e+15
1.36829e+15
1.36191e+15
2.30043e+15
3.24479e+15
4.03952e+15
4.92778e+15
5.77568e+15
6.54973e+15
7.31747e+15
8.13956e+15
8.8911e+15
9.67932e+15
1.04169e+16
1.11889e+16
1.20438e+16
1.25065e+16
1.33323e+16
1.41257e+16
1.48785e+16
1.55118e+16
1.59767e+16
1.65385e+16
1.69059e+16
1.74991e+16
1.80586e+16
1.85619e+16
1.89184e+16
1.93199e+16
1.99202e+16
2.03556e+16
2.06305e+16
2.08964e+16
2.11524e+16
2.12988e+16
2.15907e+16
2.19011e+16
2.20269e+16
2.20551e+16
2.22339e+16
2.22472e+16
2.23395e+16
2.2283e+16
2.23769e+16
2.21433e+16
2.20463e+16
2.18753e+16
2.18143e+16
2.16354e+16
2.14172e+16
2.1198e+16
2.07456e+16
2.04937e+16
2.00521e+16
1.97307e+16
1.93933e+16
1.88599e+16
1.85218e+16
1.8026e+16
1.74686e+16
1.69569e+16
1.62402e+16
1.58605e+16
1.51739e+16
1.45921e+16
1.39354e+16
1.33064e+16
1.24486e+16
1.18474e+16
1.1153e+16
1.02934e+16
9.62215e+15
8.83238e+15
8.03111e+15
7.35328e+15
6.51572e+15
5.75758e+15
4.82731e+15
3.96314e+15
3.1052e+15
2.28918e+15
1.36482e+15
1.30429e+15
2.24863e+15
3.08781e+15
3.8905e+15
4.70072e+15
5.4989e+15
6.30682e+15
7.05341e+15
7.83085e+15
8.60985e+15
9.43849e+15
1.00838e+16
1.0901e+16
1.15474e+16
1.22585e+16
1.30216e+16
1.35774e+16
1.41782e+16
1.48323e+16
1.54527e+16
1.58561e+16
1.62996e+16
1.70333e+16
1.73627e+16
1.78433e+16
1.83223e+16
1.86817e+16
1.90559e+16
1.94836e+16
1.97705e+16
2.03326e+16
2.01647e+16
2.0774e+16
2.10472e+16
2.09612e+16
2.12133e+16
2.14681e+16
2.1584e+16
2.15776e+16
2.15048e+16
2.14386e+16
2.14509e+16
2.12989e+16
2.12918e+16
2.10055e+16
2.08736e+16
2.09678e+16
2.05903e+16
2.02541e+16
1.99847e+16
1.97213e+16
1.94193e+16
1.90637e+16
1.87282e+16
1.82614e+16
1.78432e+16
1.73861e+16
1.69734e+16
1.62567e+16
1.58609e+16
1.52935e+16
1.46273e+16
1.39574e+16
1.34172e+16
1.27067e+16
1.21058e+16
1.15012e+16
1.06907e+16
9.96988e+15
9.27322e+15
8.59957e+15
7.79703e+15
7.05195e+15
6.27407e+15
5.51977e+15
4.74229e+15
3.84757e+15
3.02779e+15
2.18734e+15
1.33656e+15
1.27496e+15
2.12369e+15
2.95155e+15
3.72342e+15
4.5459e+15
5.24017e+15
6.0527e+15
6.81734e+15
7.54728e+15
8.26635e+15
8.94171e+15
9.70508e+15
1.0445e+16
1.09924e+16
1.17265e+16
1.23218e+16
1.29952e+16
1.36254e+16
1.41318e+16
1.45758e+16
1.52573e+16
1.56555e+16
1.63061e+16
1.66e+16
1.71861e+16
1.75705e+16
1.80032e+16
1.82923e+16
1.87359e+16
1.88847e+16
1.92606e+16
1.9589e+16
1.98464e+16
1.99241e+16
2.01176e+16
2.02842e+16
2.03487e+16
2.04472e+16
2.06766e+16
2.07594e+16
2.05716e+16
2.05357e+16
2.04462e+16
2.03872e+16
2.01522e+16
2.01935e+16
1.99161e+16
1.98446e+16
1.95042e+16
1.93483e+16
1.90455e+16
1.84747e+16
1.81715e+16
1.78825e+16
1.75577e+16
1.70802e+16
1.66067e+16
1.62416e+16
1.56988e+16
1.52133e+16
1.45505e+16
1.40679e+16
1.34428e+16
1.28012e+16
1.2165e+16
1.14939e+16
1.08938e+16
1.01826e+16
9.60512e+15
8.85485e+15
8.18556e+15
7.52132e+15
6.73703e+15
6.02509e+15
5.28709e+15
4.48896e+15
3.67396e+15
2.87872e+15
2.1004e+15
1.25001e+15
1.21877e+15
2.03396e+15
2.81989e+15
3.55967e+15
4.29836e+15
5.03235e+15
5.76442e+15
6.46942e+15
7.29088e+15
7.90723e+15
8.54536e+15
9.22654e+15
9.90689e+15
1.0588e+16
1.12279e+16
1.18079e+16
1.23901e+16
1.30577e+16
1.35186e+16
1.40916e+16
1.46221e+16
1.51492e+16
1.5492e+16
1.58692e+16
1.64941e+16
1.68672e+16
1.718e+16
1.75456e+16
1.78792e+16
1.82986e+16
1.84703e+16
1.87925e+16
1.88782e+16
1.9053e+16
1.93216e+16
1.93646e+16
1.94783e+16
1.95672e+16
1.96921e+16
1.97165e+16
1.9748e+16
1.9591e+16
1.95554e+16
1.93862e+16
1.92785e+16
1.91348e+16
1.89752e+16
1.88389e+16
1.86474e+16
1.84919e+16
1.81255e+16
1.78123e+16
1.75293e+16
1.70961e+16
1.6742e+16
1.63384e+16
1.59364e+16
1.53115e+16
1.50313e+16
1.4362e+16
1.39463e+16
1.3533e+16
1.28024e+16
1.22255e+16
1.16542e+16
1.10696e+16
1.04216e+16
9.85555e+15
9.04458e+15
8.52896e+15
7.84022e+15
7.21945e+15
6.46151e+15
5.69081e+15
4.99023e+15
4.26166e+15
3.5389e+15
2.7867e+15
2.00563e+15
1.22859e+15
1.14145e+15
1.96912e+15
2.68162e+15
3.36113e+15
4.04478e+15
4.68928e+15
5.4611e+15
6.16348e+15
6.87537e+15
7.48352e+15
8.17702e+15
8.87329e+15
9.46246e+15
1.00427e+16
1.0668e+16
1.1226e+16
1.18263e+16
1.24363e+16
1.28039e+16
1.33181e+16
1.38954e+16
1.44679e+16
1.47499e+16
1.52254e+16
1.57245e+16
1.60989e+16
1.63642e+16
1.67002e+16
1.69519e+16
1.74001e+16
1.75386e+16
1.79123e+16
1.80095e+16
1.80896e+16
1.83229e+16
1.85529e+16
1.86216e+16
1.86201e+16
1.86315e+16
1.84925e+16
1.86538e+16
1.87442e+16
1.86491e+16
1.85101e+16
1.84363e+16
1.81607e+16
1.80932e+16
1.784e+16
1.7717e+16
1.73153e+16
1.73165e+16
1.69951e+16
1.66601e+16
1.63241e+16
1.6076e+16
1.56394e+16
1.51829e+16
1.46369e+16
1.42193e+16
1.36568e+16
1.33462e+16
1.28089e+16
1.23133e+16
1.16525e+16
1.11515e+16
1.05514e+16
9.97604e+15
9.26094e+15
8.66527e+15
8.15043e+15
7.48022e+15
6.72791e+15
6.09686e+15
5.45227e+15
4.71751e+15
4.00483e+15
3.33814e+15
2.59848e+15
1.94911e+15
1.17216e+15
1.08935e+15
1.85256e+15
2.60038e+15
3.26964e+15
3.81275e+15
4.48953e+15
5.2279e+15
5.82158e+15
6.48772e+15
7.0865e+15
7.66728e+15
8.35098e+15
8.91565e+15
9.50424e+15
1.01522e+16
1.06195e+16
1.11736e+16
1.16752e+16
1.227e+16
1.2685e+16
1.31194e+16
1.34907e+16
1.40254e+16
1.44496e+16
1.48773e+16
1.52019e+16
1.54119e+16
1.57568e+16
1.60556e+16
1.6352e+16
1.66402e+16
1.68688e+16
1.71575e+16
1.711e+16
1.74544e+16
1.76019e+16
1.76609e+16
1.76163e+16
1.75734e+16
1.75882e+16
1.7685e+16
1.76435e+16
1.75556e+16
1.75683e+16
1.74204e+16
1.72577e+16
1.71108e+16
1.68495e+16
1.66877e+16
1.64237e+16
1.62869e+16
1.60225e+16
1.57175e+16
1.52873e+16
1.49917e+16
1.46022e+16
1.43224e+16
1.39157e+16
1.33887e+16
1.29449e+16
1.26278e+16
1.21827e+16
1.16588e+16
1.10154e+16
1.04716e+16
9.96648e+15
9.40103e+15
8.87581e+15
8.15708e+15
7.63807e+15
7.01769e+15
6.36917e+15
5.84783e+15
5.16695e+15
4.50055e+15
3.79107e+15
3.12406e+15
2.52616e+15
1.84681e+15
1.05484e+15
1.02813e+15
1.74037e+15
2.3749e+15
3.07685e+15
3.67218e+15
4.20736e+15
4.88328e+15
5.46367e+15
6.07129e+15
6.6264e+15
7.27467e+15
7.78752e+15
8.40266e+15
9.11663e+15
9.50939e+15
9.95003e+15
1.04533e+16
1.09664e+16
1.14337e+16
1.18803e+16
1.23342e+16
1.26214e+16
1.32141e+16
1.35899e+16
1.41136e+16
1.42428e+16
1.45445e+16
1.49097e+16
1.50781e+16
1.54409e+16
1.56138e+16
1.57774e+16
1.59851e+16
1.61353e+16
1.6348e+16
1.63558e+16
1.64752e+16
1.65766e+16
1.65076e+16
1.67002e+16
1.66543e+16
1.66161e+16
1.65069e+16
1.63111e+16
1.63282e+16
1.62228e+16
1.60777e+16
1.59973e+16
1.56405e+16
1.56086e+16
1.53461e+16
1.51008e+16
1.467e+16
1.44568e+16
1.41439e+16
1.37211e+16
1.34626e+16
1.30689e+16
1.25648e+16
1.22034e+16
1.18637e+16
1.14325e+16
1.10331e+16
1.02701e+16
9.77277e+15
9.36682e+15
8.89095e+15
8.31468e+15
7.79582e+15
7.24085e+15
6.66284e+15
6.05872e+15
5.37065e+15
4.81965e+15
4.2038e+15
3.55968e+15
2.93933e+15
2.38126e+15
1.72885e+15
1.02927e+15
9.28991e+14
1.61476e+15
2.25851e+15
2.8516e+15
3.36575e+15
3.95935e+15
4.56814e+15
5.08868e+15
5.73613e+15
6.24621e+15
6.83587e+15
7.3396e+15
7.84895e+15
8.36466e+15
8.82146e+15
9.31442e+15
9.74143e+15
1.0237e+16
1.06503e+16
1.10396e+16
1.1562e+16
1.18886e+16
1.22153e+16
1.27352e+16
1.30052e+16
1.32767e+16
1.3598e+16
1.38371e+16
1.41196e+16
1.43473e+16
1.44012e+16
1.46535e+16
1.49294e+16
1.50653e+16
1.51081e+16
1.52225e+16
1.54009e+16
1.55436e+16
1.54478e+16
1.54664e+16
1.55286e+16
1.55836e+16
1.54281e+16
1.53272e+16
1.52721e+16
1.52936e+16
1.50451e+16
1.48461e+16
1.47914e+16
1.4502e+16
1.43593e+16
1.40563e+16
1.38017e+16
1.34151e+16
1.30539e+16
1.28697e+16
1.26392e+16
1.22345e+16
1.17806e+16
1.14027e+16
1.09407e+16
1.06723e+16
1.01977e+16
9.82479e+15
9.20514e+15
8.78274e+15
8.32647e+15
7.77243e+15
7.34018e+15
6.77794e+15
6.10676e+15
5.58183e+15
5.0471e+15
4.48736e+15
3.93802e+15
3.34942e+15
2.73545e+15
2.18186e+15
1.60844e+15
9.86322e+14
8.87474e+14
1.48055e+15
2.12231e+15
2.64467e+15
3.14641e+15
3.70964e+15
4.20464e+15
4.74562e+15
5.29656e+15
5.68465e+15
6.32458e+15
6.84315e+15
7.30355e+15
7.71051e+15
8.17193e+15
8.54973e+15
8.99212e+15
9.3593e+15
9.85036e+15
1.02436e+16
1.06464e+16
1.1052e+16
1.1278e+16
1.17087e+16
1.1887e+16
1.22599e+16
1.24526e+16
1.27135e+16
1.29596e+16
1.31237e+16
1.33808e+16
1.35077e+16
1.37005e+16
1.39031e+16
1.40506e+16
1.41439e+16
1.42808e+16
1.42506e+16
1.43089e+16
1.43228e+16
1.44401e+16
1.44578e+16
1.43149e+16
1.42268e+16
1.40474e+16
1.3949e+16
1.38076e+16
1.38046e+16
1.35642e+16
1.32842e+16
1.31894e+16
1.29623e+16
1.26287e+16
1.23847e+16
1.21324e+16
1.18827e+16
1.16519e+16
1.13087e+16
1.087e+16
1.05059e+16
1.02531e+16
9.78209e+15
9.36707e+15
9.00163e+15
8.59326e+15
8.1811e+15
7.73861e+15
7.2377e+15
6.71694e+15
6.22564e+15
5.72992e+15
5.20043e+15
4.68719e+15
4.18968e+15
3.61938e+15
3.08246e+15
2.5345e+15
2.00828e+15
1.45852e+15
8.76823e+14
8.15126e+14
1.3715e+15
1.91651e+15
2.43365e+15
2.854e+15
3.401e+15
3.88299e+15
4.35418e+15
4.8087e+15
5.34222e+15
5.80348e+15
6.2319e+15
6.63931e+15
6.99173e+15
7.4185e+15
7.86104e+15
8.2943e+15
8.60209e+15
9.04885e+15
9.33329e+15
9.80548e+15
1.01497e+16
1.03728e+16
1.07026e+16
1.09595e+16
1.11773e+16
1.15309e+16
1.16179e+16
1.18978e+16
1.21155e+16
1.23092e+16
1.2438e+16
1.26245e+16
1.2874e+16
1.28068e+16
1.30092e+16
1.31624e+16
1.32697e+16
1.32716e+16
1.32486e+16
1.30958e+16
1.31768e+16
1.31012e+16
1.2973e+16
1.30063e+16
1.2855e+16
1.26532e+16
1.26026e+16
1.2387e+16
1.22529e+16
1.20771e+16
1.19509e+16
1.16499e+16
1.14329e+16
1.12139e+16
1.09055e+16
1.0645e+16
1.03651e+16
1.00654e+16
9.71163e+15
9.4236e+15
8.92933e+15
8.58685e+15
8.27378e+15
7.87414e+15
7.40186e+15
7.00449e+15
6.53483e+15
6.12772e+15
5.69746e+15
5.2424e+15
4.75899e+15
4.27005e+15
3.77306e+15
3.31911e+15
2.84688e+15
2.34381e+15
1.83902e+15
1.35505e+15
7.83357e+14
7.28118e+14
1.24684e+15
1.70918e+15
2.16527e+15
2.62083e+15
3.00513e+15
3.47582e+15
3.90422e+15
4.38225e+15
4.75092e+15
5.21552e+15
5.56242e+15
5.99151e+15
6.34127e+15
6.73237e+15
7.15642e+15
7.53103e+15
7.81256e+15
8.12879e+15
8.53969e+15
8.81627e+15
9.08893e+15
9.36333e+15
9.64418e+15
9.91917e+15
1.00439e+16
1.04376e+16
1.0621e+16
1.07613e+16
1.10003e+16
1.10511e+16
1.12111e+16
1.13791e+16
1.15362e+16
1.16149e+16
1.17656e+16
1.19711e+16
1.19111e+16
1.17692e+16
1.18515e+16
1.19091e+16
1.18727e+16
1.18878e+16
1.17975e+16
1.16865e+16
1.16578e+16
1.15352e+16
1.1446e+16
1.12646e+16
1.11584e+16
1.09624e+16
1.07316e+16
1.05219e+16
1.03999e+16
1.01592e+16
9.9166e+15
9.6454e+15
9.40346e+15
9.17787e+15
8.72636e+15
8.50698e+15
8.14369e+15
7.85376e+15
7.46838e+15
7.11149e+15
6.76212e+15
6.37077e+15
5.94896e+15
5.55495e+15
5.17151e+15
4.75421e+15
4.37623e+15
3.9196e+15
3.41163e+15
3.05382e+15
2.51655e+15
2.10669e+15
1.69579e+15
1.21239e+15
6.97281e+14
6.24471e+14
1.09618e+15
1.50375e+15
1.93338e+15
2.34454e+15
2.7326e+15
3.1496e+15
3.51308e+15
3.88765e+15
4.24484e+15
4.6668e+15
4.94146e+15
5.34489e+15
5.72798e+15
6.05222e+15
6.39528e+15
6.66895e+15
7.00876e+15
7.31092e+15
7.50754e+15
7.85706e+15
8.11229e+15
8.45283e+15
8.67386e+15
8.84291e+15
9.01862e+15
9.27007e+15
9.44713e+15
9.59416e+15
9.711e+15
9.88559e+15
1.00029e+16
1.02205e+16
1.01976e+16
1.03368e+16
1.04213e+16
1.04626e+16
1.05594e+16
1.06385e+16
1.05786e+16
1.0602e+16
1.05813e+16
1.05648e+16
1.05403e+16
1.05178e+16
1.03753e+16
1.03156e+16
1.01419e+16
1.00956e+16
9.96318e+15
9.76205e+15
9.57581e+15
9.40506e+15
9.19447e+15
8.97223e+15
8.88804e+15
8.68516e+15
8.47763e+15
8.145e+15
7.86967e+15
7.58644e+15
7.31364e+15
6.88634e+15
6.56307e+15
6.25752e+15
5.98923e+15
5.6288e+15
5.29874e+15
4.8711e+15
4.60107e+15
4.21507e+15
3.82012e+15
3.49113e+15
3.09618e+15
2.66437e+15
2.34332e+15
1.85224e+15
1.52042e+15
1.06359e+15
6.52382e+14
5.93076e+14
9.5862e+14
1.30297e+15
1.7123e+15
2.01248e+15
2.36287e+15
2.77817e+15
3.05914e+15
3.41178e+15
3.70062e+15
3.96236e+15
4.42435e+15
4.7023e+15
4.93137e+15
5.2772e+15
5.51724e+15
5.89354e+15
6.15072e+15
6.30435e+15
6.55094e+15
6.90522e+15
7.14172e+15
7.36425e+15
7.55393e+15
7.67451e+15
7.93722e+15
8.10142e+15
8.25922e+15
8.41333e+15
8.52469e+15
8.59762e+15
8.71588e+15
8.87698e+15
8.98975e+15
8.99343e+15
9.19287e+15
9.0996e+15
9.26128e+15
9.3281e+15
9.3989e+15
9.45931e+15
9.40967e+15
9.2477e+15
9.30923e+15
9.20242e+15
9.30952e+15
9.04725e+15
8.95107e+15
8.88139e+15
8.75431e+15
8.57385e+15
8.36127e+15
8.25704e+15
8.0742e+15
7.98293e+15
7.70605e+15
7.54781e+15
7.39142e+15
7.13827e+15
6.87426e+15
6.63154e+15
6.43473e+15
6.04028e+15
5.85157e+15
5.47668e+15
5.26997e+15
5.01148e+15
4.66352e+15
4.29627e+15
4.0484e+15
3.72642e+15
3.36083e+15
3.01093e+15
2.68123e+15
2.3318e+15
2.03135e+15
1.65025e+15
1.27736e+15
9.49264e+14
5.60929e+14
4.98455e+14
8.06027e+14
1.16557e+15
1.44504e+15
1.74957e+15
2.05268e+15
2.31922e+15
2.60175e+15
2.84293e+15
3.14622e+15
3.41933e+15
3.70088e+15
3.95379e+15
4.21872e+15
4.45537e+15
4.66194e+15
4.88726e+15
5.18786e+15
5.45499e+15
5.6731e+15
5.83667e+15
6.05833e+15
6.22516e+15
6.40168e+15
6.61572e+15
6.74907e+15
6.87159e+15
7.10804e+15
7.19907e+15
7.32461e+15
7.38754e+15
7.4695e+15
7.58023e+15
7.6306e+15
7.71891e+15
7.76889e+15
7.83357e+15
7.82513e+15
7.99205e+15
7.99253e+15
7.91878e+15
8.00185e+15
7.89767e+15
7.8572e+15
7.85866e+15
7.86715e+15
7.72463e+15
7.66272e+15
7.5466e+15
7.41491e+15
7.33222e+15
7.10678e+15
7.01488e+15
6.90216e+15
6.73495e+15
6.56259e+15
6.4457e+15
6.27378e+15
6.03572e+15
5.85133e+15
5.61667e+15
5.47677e+15
5.21897e+15
4.99474e+15
4.698e+15
4.51562e+15
4.33807e+15
4.01739e+15
3.68274e+15
3.42609e+15
3.14258e+15
2.84641e+15
2.52947e+15
2.30816e+15
1.96686e+15
1.7265e+15
1.40057e+15
1.11083e+15
7.98147e+14
4.81071e+14
3.99071e+14
6.84868e+14
9.43544e+14
1.16242e+15
1.39029e+15
1.62977e+15
1.89541e+15
2.13534e+15
2.36008e+15
2.56841e+15
2.80058e+15
2.99778e+15
3.19486e+15
3.48797e+15
3.7181e+15
3.83769e+15
4.02416e+15
4.25346e+15
4.4767e+15
4.60221e+15
4.82809e+15
4.9894e+15
5.04952e+15
5.29224e+15
5.45125e+15
5.62962e+15
5.71347e+15
5.7981e+15
5.88093e+15
5.97734e+15
6.02902e+15
6.10438e+15
6.20424e+15
6.29716e+15
6.38839e+15
6.37956e+15
6.51154e+15
6.48539e+15
6.51761e+15
6.5539e+15
6.5277e+15
6.52547e+15
6.42129e+15
6.51892e+15
6.46884e+15
6.3996e+15
6.30532e+15
6.1959e+15
6.11195e+15
6.16368e+15
5.90291e+15
5.83236e+15
5.71158e+15
5.60997e+15
5.48599e+15
5.39705e+15
5.25376e+15
5.12352e+15
4.9778e+15
4.90177e+15
4.68037e+15
4.53867e+15
4.27231e+15
4.10232e+15
3.8828e+15
3.70647e+15
3.48091e+15
3.2878e+15
3.07005e+15
2.83554e+15
2.57287e+15
2.35246e+15
2.13856e+15
1.88499e+15
1.64216e+15
1.42139e+15
1.17434e+15
9.07233e+14
6.41149e+14
4.00794e+14
3.12571e+14
5.08548e+14
7.00668e+14
8.97344e+14
1.11317e+15
1.33054e+15
1.49851e+15
1.69999e+15
1.85186e+15
2.03647e+15
2.21008e+15
2.35534e+15
2.53065e+15
2.69368e+15
2.80816e+15
2.99865e+15
3.15877e+15
3.29768e+15
3.45178e+15
3.56668e+15
3.71786e+15
3.83096e+15
3.93369e+15
4.06888e+15
4.27214e+15
4.36992e+15
4.44034e+15
4.47172e+15
4.60626e+15
4.66826e+15
4.67439e+15
4.77546e+15
4.86678e+15
4.89138e+15
4.96368e+15
5.0192e+15
5.0567e+15
5.09795e+15
5.10387e+15
5.12003e+15
5.07058e+15
5.03938e+15
5.06631e+15
5.00343e+15
5.03759e+15
4.99115e+15
4.88085e+15
4.88284e+15
4.77536e+15
4.6699e+15
4.69103e+15
4.63026e+15
4.43124e+15
4.38616e+15
4.23635e+15
4.10832e+15
4.0619e+15
4.0304e+15
3.88291e+15
3.78979e+15
3.61036e+15
3.44278e+15
3.33963e+15
3.19697e+15
3.00892e+15
2.90322e+15
2.73005e+15
2.53728e+15
2.42445e+15
2.19263e+15
2.02689e+15
1.87232e+15
1.65571e+15
1.43155e+15
1.24674e+15
1.08634e+15
8.95272e+14
7.16753e+14
5.24362e+14
3.00447e+14
2.18956e+14
3.67985e+14
5.06292e+14
6.44244e+14
7.78044e+14
9.27152e+14
1.06323e+15
1.22606e+15
1.30768e+15
1.43932e+15
1.55909e+15
1.66619e+15
1.75051e+15
1.86697e+15
1.99829e+15
2.13985e+15
2.22911e+15
2.31562e+15
2.41453e+15
2.58076e+15
2.63239e+15
2.76658e+15
2.8079e+15
2.91413e+15
2.96897e+15
3.10696e+15
3.16055e+15
3.21134e+15
3.31295e+15
3.28664e+15
3.33563e+15
3.40949e+15
3.38008e+15
3.4147e+15
3.49692e+15
3.49578e+15
3.57358e+15
3.59052e+15
3.60839e+15
3.60228e+15
3.59872e+15
3.59976e+15
3.54859e+15
3.59579e+15
3.49855e+15
3.46694e+15
3.4543e+15
3.43835e+15
3.36968e+15
3.35265e+15
3.27983e+15
3.25094e+15
3.12957e+15
3.03272e+15
3.03279e+15
2.90543e+15
2.88094e+15
2.79246e+15
2.71824e+15
2.64987e+15
2.53085e+15
2.40708e+15
2.33352e+15
2.25827e+15
2.11762e+15
2.00238e+15
1.85965e+15
1.82001e+15
1.67806e+15
1.55196e+15
1.35561e+15
1.25559e+15
1.15055e+15
1.03394e+15
9.2839e+14
7.96711e+14
6.18925e+14
4.98935e+14
3.64713e+14
2.19639e+14
1.17563e+14
2.10687e+14
2.95069e+14
3.68897e+14
4.27309e+14
5.0815e+14
5.58503e+14
6.42468e+14
7.13949e+14
7.84526e+14
8.75504e+14
9.40409e+14
9.98099e+14
1.04162e+15
1.08649e+15
1.19423e+15
1.26479e+15
1.29076e+15
1.38593e+15
1.43331e+15
1.50724e+15
1.49056e+15
1.5663e+15
1.60865e+15
1.63936e+15
1.71192e+15
1.75058e+15
1.75926e+15
1.82046e+15
1.82942e+15
1.89231e+15
1.89146e+15
1.88586e+15
1.93171e+15
1.96505e+15
1.96744e+15
1.97796e+15
2.0267e+15
1.97047e+15
2.01623e+15
2.00035e+15
1.99497e+15
1.94264e+15
1.96248e+15
1.93549e+15
1.92822e+15
1.89442e+15
1.89921e+15
1.87452e+15
1.82434e+15
1.81817e+15
1.76614e+15
1.76368e+15
1.72119e+15
1.66678e+15
1.60959e+15
1.57562e+15
1.57647e+15
1.50248e+15
1.4692e+15
1.43381e+15
1.35877e+15
1.30672e+15
1.22392e+15
1.17139e+15
1.12476e+15
1.05546e+15
9.92713e+14
9.57174e+14
8.55992e+14
7.84599e+14
7.33349e+14
6.52421e+14
5.86919e+14
5.15327e+14
4.39612e+14
3.64469e+14
2.79187e+14
2.01197e+14
1.2992e+14
)
;

boundaryField
{
    movingWall
    {
        type            fixedValue;
        value           uniform 0;
    }
    fixedWalls
    {
        type            fixedValue;
        value           uniform 0;
    }
    frontAndBack
    {
        type            empty;
    }
}


// ************************************************************************* //
