/*--------------------------------*- C++ -*----------------------------------*\
  =========                 |
  \\      /  F ield         | OpenFOAM: The Open Source CFD Toolbox
   \\    /   O peration     | Website:  https://openfoam.org
    \\  /    A nd           | Version:  6
     \\/     M anipulation  |
\*---------------------------------------------------------------------------*/
FoamFile
{
    version     2.0;
    format      ascii;
    class       volScalarField;
    location    "600";
    object      dnp7;
}
// * * * * * * * * * * * * * * * * * * * * * * * * * * * * * * * * * * * * * //

dimensions      [0 -3 0 0 0 0 0];

internalField   nonuniform List<scalar> 
6400
(
3.74766e+13
6.8246e+13
9.47457e+13
1.21349e+14
1.50346e+14
1.75741e+14
1.95968e+14
2.23918e+14
2.48885e+14
2.7246e+14
2.91598e+14
3.23492e+14
3.41264e+14
3.58554e+14
3.87417e+14
4.08557e+14
4.36005e+14
4.45811e+14
4.7097e+14
4.83512e+14
5.09846e+14
5.22671e+14
5.25413e+14
5.39973e+14
5.62996e+14
5.67239e+14
5.85781e+14
5.93168e+14
6.11347e+14
6.22026e+14
6.51746e+14
6.36187e+14
6.50349e+14
6.54865e+14
6.64943e+14
6.55102e+14
6.75308e+14
6.65854e+14
6.68646e+14
6.62058e+14
6.84361e+14
6.68633e+14
6.78365e+14
6.57754e+14
6.51614e+14
6.47763e+14
6.54622e+14
6.46197e+14
6.28648e+14
6.36354e+14
6.17838e+14
6.26335e+14
5.9941e+14
5.85953e+14
5.69076e+14
5.56825e+14
5.40455e+14
5.30428e+14
5.08979e+14
4.9126e+14
4.71008e+14
4.54558e+14
4.35307e+14
4.14786e+14
4.01039e+14
3.7628e+14
3.6259e+14
3.30328e+14
3.20144e+14
2.95192e+14
2.72023e+14
2.46905e+14
2.17597e+14
1.97762e+14
1.72586e+14
1.55225e+14
1.23927e+14
9.74117e+13
7.4488e+13
3.80127e+13
7.16516e+13
1.31197e+14
1.89525e+14
2.47042e+14
2.92551e+14
3.43876e+14
3.84407e+14
4.37815e+14
4.96909e+14
5.25593e+14
5.70078e+14
6.20426e+14
6.76762e+14
7.00809e+14
7.55801e+14
8.09703e+14
8.43533e+14
8.82012e+14
9.09853e+14
9.49224e+14
9.76531e+14
1.0224e+15
1.02983e+15
1.05831e+15
1.10413e+15
1.12239e+15
1.1521e+15
1.17117e+15
1.21491e+15
1.21385e+15
1.24136e+15
1.24097e+15
1.28806e+15
1.26808e+15
1.28689e+15
1.29275e+15
1.3101e+15
1.31012e+15
1.3215e+15
1.31744e+15
1.3312e+15
1.33393e+15
1.32541e+15
1.30302e+15
1.2818e+15
1.27339e+15
1.28367e+15
1.25388e+15
1.24885e+15
1.23958e+15
1.22567e+15
1.21099e+15
1.1895e+15
1.15304e+15
1.11831e+15
1.08814e+15
1.05835e+15
1.03255e+15
1.01135e+15
9.65841e+14
9.2432e+14
8.91193e+14
8.51655e+14
8.04911e+14
7.86385e+14
7.50839e+14
7.03147e+14
6.56973e+14
6.13066e+14
5.8617e+14
5.35765e+14
4.8356e+14
4.26411e+14
3.86665e+14
3.42455e+14
2.90174e+14
2.41607e+14
1.87942e+14
1.47014e+14
7.14626e+13
9.91329e+13
1.8494e+14
2.57468e+14
3.39144e+14
3.93987e+14
4.61313e+14
5.25342e+14
5.95621e+14
6.71546e+14
7.15956e+14
7.72213e+14
8.36597e+14
9.10276e+14
9.58375e+14
1.0402e+15
1.10076e+15
1.14259e+15
1.19131e+15
1.24651e+15
1.30112e+15
1.333e+15
1.39689e+15
1.40413e+15
1.44886e+15
1.50527e+15
1.53882e+15
1.57607e+15
1.63338e+15
1.64731e+15
1.65237e+15
1.68608e+15
1.72005e+15
1.73537e+15
1.74691e+15
1.76326e+15
1.78294e+15
1.79776e+15
1.80145e+15
1.77324e+15
1.78494e+15
1.7855e+15
1.80262e+15
1.79738e+15
1.78582e+15
1.75536e+15
1.73451e+15
1.73341e+15
1.71148e+15
1.69116e+15
1.68467e+15
1.67113e+15
1.63941e+15
1.61589e+15
1.57152e+15
1.52665e+15
1.48898e+15
1.43657e+15
1.41831e+15
1.38075e+15
1.32505e+15
1.25686e+15
1.22523e+15
1.17034e+15
1.09886e+15
1.06364e+15
1.02125e+15
9.56648e+14
9.00285e+14
8.32667e+14
7.96025e+14
7.37173e+14
6.73698e+14
5.88937e+14
5.45787e+14
4.68534e+14
3.97574e+14
3.38296e+14
2.59856e+14
1.92845e+14
9.99845e+13
1.22148e+14
2.31393e+14
3.29716e+14
4.2245e+14
5.02737e+14
5.83504e+14
6.64789e+14
7.45024e+14
8.4457e+14
9.13157e+14
9.76932e+14
1.05536e+15
1.12005e+15
1.2196e+15
1.29095e+15
1.36242e+15
1.42632e+15
1.48602e+15
1.56386e+15
1.61422e+15
1.68903e+15
1.73858e+15
1.76716e+15
1.83174e+15
1.88411e+15
1.94028e+15
1.94342e+15
2.00062e+15
2.04339e+15
2.06317e+15
2.11921e+15
2.13692e+15
2.14845e+15
2.18517e+15
2.19578e+15
2.21809e+15
2.24054e+15
2.25e+15
2.23054e+15
2.23386e+15
2.24447e+15
2.25691e+15
2.24029e+15
2.20123e+15
2.18856e+15
2.16326e+15
2.14859e+15
2.14603e+15
2.12563e+15
2.09809e+15
2.07477e+15
2.04011e+15
2.00687e+15
1.96304e+15
1.91532e+15
1.86823e+15
1.82093e+15
1.76356e+15
1.70779e+15
1.66079e+15
1.58471e+15
1.5208e+15
1.44994e+15
1.38531e+15
1.33792e+15
1.26458e+15
1.19802e+15
1.14215e+15
1.0515e+15
9.86514e+14
9.14621e+14
8.35006e+14
7.48285e+14
6.70147e+14
5.87787e+14
4.9655e+14
4.19865e+14
3.28446e+14
2.31242e+14
1.23051e+14
1.45915e+14
2.92196e+14
3.89969e+14
4.99523e+14
5.94743e+14
7.0274e+14
7.9877e+14
8.98251e+14
9.96541e+14
1.09359e+15
1.18505e+15
1.25552e+15
1.33991e+15
1.45876e+15
1.5579e+15
1.63318e+15
1.71402e+15
1.78725e+15
1.84617e+15
1.92827e+15
1.9923e+15
2.06185e+15
2.12107e+15
2.18972e+15
2.26139e+15
2.31907e+15
2.35266e+15
2.39868e+15
2.4388e+15
2.48985e+15
2.50593e+15
2.52974e+15
2.57357e+15
2.57543e+15
2.61548e+15
2.63374e+15
2.66204e+15
2.70747e+15
2.70171e+15
2.70775e+15
2.6959e+15
2.70431e+15
2.68841e+15
2.64848e+15
2.60199e+15
2.61453e+15
2.6012e+15
2.56499e+15
2.56595e+15
2.51233e+15
2.48595e+15
2.41548e+15
2.39594e+15
2.3889e+15
2.31892e+15
2.25744e+15
2.19919e+15
2.118e+15
2.04707e+15
1.99638e+15
1.91764e+15
1.81092e+15
1.73674e+15
1.6581e+15
1.59289e+15
1.51855e+15
1.44689e+15
1.37764e+15
1.25924e+15
1.18077e+15
1.08044e+15
9.81394e+14
8.9908e+14
7.84847e+14
6.81661e+14
5.92354e+14
4.97021e+14
3.95915e+14
2.72912e+14
1.44086e+14
1.72392e+14
3.35316e+14
4.63473e+14
5.89301e+14
6.87798e+14
8.08377e+14
9.24575e+14
1.04775e+15
1.1563e+15
1.26671e+15
1.36758e+15
1.46122e+15
1.57046e+15
1.69819e+15
1.80187e+15
1.87231e+15
1.98233e+15
2.05874e+15
2.13626e+15
2.25238e+15
2.33602e+15
2.40171e+15
2.45816e+15
2.54111e+15
2.61271e+15
2.69113e+15
2.73942e+15
2.79123e+15
2.8383e+15
2.89231e+15
2.89904e+15
2.9483e+15
3.00216e+15
3.02806e+15
3.06232e+15
3.08759e+15
3.12214e+15
3.15819e+15
3.17168e+15
3.12826e+15
3.14361e+15
3.14232e+15
3.11141e+15
3.10442e+15
3.07654e+15
3.07226e+15
3.03891e+15
3.00609e+15
2.98029e+15
2.93191e+15
2.89176e+15
2.83458e+15
2.78145e+15
2.74393e+15
2.68422e+15
2.63219e+15
2.56526e+15
2.46765e+15
2.38576e+15
2.33431e+15
2.25215e+15
2.13645e+15
2.04878e+15
1.93526e+15
1.85727e+15
1.77636e+15
1.69942e+15
1.5829e+15
1.46796e+15
1.37451e+15
1.25688e+15
1.14061e+15
1.03117e+15
9.09705e+14
7.91031e+14
6.92575e+14
5.77901e+14
4.62476e+14
3.19795e+14
1.71247e+14
1.93357e+14
3.73451e+14
5.28697e+14
6.68723e+14
7.81786e+14
9.15347e+14
1.04792e+15
1.18373e+15
1.30875e+15
1.44555e+15
1.55389e+15
1.67006e+15
1.79814e+15
1.91561e+15
2.01949e+15
2.1392e+15
2.2297e+15
2.35309e+15
2.46953e+15
2.5691e+15
2.64437e+15
2.73851e+15
2.79608e+15
2.86673e+15
2.95994e+15
3.06439e+15
3.15807e+15
3.19187e+15
3.20975e+15
3.29651e+15
3.33464e+15
3.37557e+15
3.41143e+15
3.44195e+15
3.49358e+15
3.52225e+15
3.58242e+15
3.58317e+15
3.56306e+15
3.57515e+15
3.5836e+15
3.58613e+15
3.56792e+15
3.56401e+15
3.51199e+15
3.49394e+15
3.48732e+15
3.45107e+15
3.39726e+15
3.34331e+15
3.28237e+15
3.23968e+15
3.21659e+15
3.10333e+15
3.03947e+15
3.02292e+15
2.93987e+15
2.82467e+15
2.71424e+15
2.66557e+15
2.57478e+15
2.45883e+15
2.32984e+15
2.21503e+15
2.12176e+15
2.01607e+15
1.95481e+15
1.8244e+15
1.68191e+15
1.57629e+15
1.42818e+15
1.30217e+15
1.17518e+15
1.04047e+15
8.97206e+14
7.81917e+14
6.43606e+14
5.31635e+14
3.80186e+14
2.02794e+14
2.16904e+14
4.24374e+14
5.99237e+14
7.50674e+14
8.86547e+14
1.0394e+15
1.18794e+15
1.31786e+15
1.47808e+15
1.62076e+15
1.74505e+15
1.87808e+15
2.033e+15
2.13905e+15
2.26783e+15
2.40527e+15
2.52937e+15
2.65606e+15
2.75486e+15
2.87335e+15
2.9562e+15
3.05263e+15
3.15532e+15
3.23856e+15
3.32718e+15
3.4182e+15
3.52687e+15
3.54567e+15
3.6601e+15
3.72644e+15
3.73786e+15
3.78171e+15
3.8262e+15
3.86823e+15
3.92171e+15
3.9343e+15
3.99502e+15
4.02096e+15
4.03175e+15
4.03215e+15
4.03405e+15
4.0119e+15
3.99866e+15
4.02385e+15
3.94409e+15
3.89411e+15
3.90816e+15
3.85626e+15
3.8181e+15
3.73519e+15
3.7013e+15
3.65556e+15
3.55287e+15
3.48337e+15
3.41172e+15
3.36061e+15
3.28261e+15
3.20918e+15
3.08664e+15
2.96213e+15
2.85528e+15
2.73669e+15
2.61377e+15
2.47799e+15
2.38676e+15
2.26965e+15
2.16238e+15
2.0435e+15
1.9125e+15
1.75894e+15
1.61098e+15
1.46275e+15
1.32566e+15
1.16116e+15
1.02145e+15
8.71668e+14
7.21795e+14
5.9549e+14
4.29195e+14
2.23771e+14
2.37186e+14
4.63393e+14
6.67718e+14
8.34059e+14
1.00137e+15
1.14084e+15
1.3175e+15
1.47774e+15
1.62678e+15
1.78946e+15
1.95426e+15
2.0678e+15
2.24341e+15
2.41097e+15
2.55186e+15
2.6341e+15
2.7937e+15
2.97226e+15
3.06594e+15
3.18106e+15
3.29823e+15
3.38732e+15
3.47592e+15
3.61424e+15
3.68887e+15
3.79143e+15
3.89891e+15
3.9435e+15
4.02427e+15
4.10113e+15
4.1716e+15
4.21967e+15
4.30017e+15
4.31932e+15
4.34457e+15
4.38365e+15
4.43605e+15
4.47139e+15
4.48973e+15
4.48274e+15
4.47262e+15
4.4601e+15
4.42051e+15
4.40628e+15
4.37513e+15
4.31449e+15
4.29583e+15
4.24686e+15
4.23179e+15
4.16884e+15
4.09363e+15
4.01699e+15
3.93696e+15
3.88043e+15
3.79389e+15
3.72753e+15
3.64319e+15
3.53593e+15
3.40126e+15
3.29561e+15
3.14593e+15
3.05753e+15
2.92676e+15
2.77923e+15
2.61922e+15
2.5027e+15
2.39343e+15
2.23909e+15
2.09773e+15
1.9366e+15
1.80015e+15
1.64548e+15
1.46285e+15
1.28768e+15
1.13118e+15
9.73522e+14
8.04575e+14
6.50851e+14
4.61083e+14
2.47228e+14
2.63847e+14
4.97326e+14
7.18033e+14
9.07978e+14
1.09396e+15
1.25937e+15
1.44291e+15
1.60642e+15
1.78985e+15
1.97159e+15
2.15983e+15
2.29485e+15
2.43385e+15
2.63447e+15
2.7924e+15
2.9334e+15
3.08794e+15
3.23873e+15
3.373e+15
3.50803e+15
3.6452e+15
3.73003e+15
3.8459e+15
3.97889e+15
4.0923e+15
4.21299e+15
4.29379e+15
4.37387e+15
4.4614e+15
4.52649e+15
4.60249e+15
4.65935e+15
4.72295e+15
4.75362e+15
4.81322e+15
4.81778e+15
4.8737e+15
4.88192e+15
4.88749e+15
4.92469e+15
4.93643e+15
4.90085e+15
4.88613e+15
4.84281e+15
4.81775e+15
4.75834e+15
4.73069e+15
4.68067e+15
4.64566e+15
4.58388e+15
4.5222e+15
4.44012e+15
4.36077e+15
4.2802e+15
4.17301e+15
4.11906e+15
3.97327e+15
3.83914e+15
3.74506e+15
3.61174e+15
3.46204e+15
3.3021e+15
3.16256e+15
3.02768e+15
2.90175e+15
2.78302e+15
2.62114e+15
2.46053e+15
2.26761e+15
2.12616e+15
1.96543e+15
1.78379e+15
1.57125e+15
1.40558e+15
1.231e+15
1.0665e+15
8.79842e+14
6.99655e+14
5.09023e+14
2.63077e+14
2.96041e+14
5.44015e+14
7.75612e+14
9.78116e+14
1.16313e+15
1.36873e+15
1.56823e+15
1.7456e+15
1.95621e+15
2.15057e+15
2.37377e+15
2.50264e+15
2.63227e+15
2.83827e+15
3.02287e+15
3.18108e+15
3.3529e+15
3.50716e+15
3.67057e+15
3.84312e+15
3.97285e+15
4.1016e+15
4.18757e+15
4.27594e+15
4.43921e+15
4.57359e+15
4.68693e+15
4.75124e+15
4.86916e+15
4.9199e+15
4.98781e+15
5.04133e+15
5.11378e+15
5.18355e+15
5.24408e+15
5.26766e+15
5.30229e+15
5.34686e+15
5.33655e+15
5.41218e+15
5.37962e+15
5.35025e+15
5.34885e+15
5.28419e+15
5.24378e+15
5.17398e+15
5.17323e+15
5.12118e+15
5.06146e+15
5.00843e+15
4.94137e+15
4.8323e+15
4.73963e+15
4.65111e+15
4.56613e+15
4.4605e+15
4.28402e+15
4.19867e+15
4.06671e+15
3.94011e+15
3.80246e+15
3.60811e+15
3.47901e+15
3.31496e+15
3.17026e+15
3.04386e+15
2.84886e+15
2.65303e+15
2.49364e+15
2.30215e+15
2.13102e+15
1.93492e+15
1.72471e+15
1.53885e+15
1.35139e+15
1.15957e+15
9.46886e+14
7.61732e+14
5.469e+14
2.8378e+14
3.32314e+14
5.96974e+14
8.28542e+14
1.05677e+15
1.26874e+15
1.47498e+15
1.69333e+15
1.88922e+15
2.08294e+15
2.30538e+15
2.52469e+15
2.70528e+15
2.84627e+15
3.05439e+15
3.2527e+15
3.45957e+15
3.65127e+15
3.80483e+15
3.97127e+15
4.13099e+15
4.27505e+15
4.44647e+15
4.51463e+15
4.67282e+15
4.83092e+15
4.9452e+15
5.06526e+15
5.14001e+15
5.21647e+15
5.34322e+15
5.43036e+15
5.50612e+15
5.59429e+15
5.62493e+15
5.65198e+15
5.70903e+15
5.78254e+15
5.77515e+15
5.74967e+15
5.80061e+15
5.80352e+15
5.81214e+15
5.76571e+15
5.71319e+15
5.66068e+15
5.63834e+15
5.58753e+15
5.52187e+15
5.48615e+15
5.41206e+15
5.34689e+15
5.24264e+15
5.13942e+15
5.06614e+15
4.95517e+15
4.81532e+15
4.6953e+15
4.53695e+15
4.3918e+15
4.28101e+15
4.14394e+15
3.96203e+15
3.79448e+15
3.62021e+15
3.44293e+15
3.26136e+15
3.08202e+15
2.8656e+15
2.67726e+15
2.48967e+15
2.28924e+15
2.10537e+15
1.86984e+15
1.65769e+15
1.45201e+15
1.24131e+15
1.04024e+15
8.21015e+14
5.8723e+14
3.08832e+14
3.50761e+14
6.48574e+14
8.97707e+14
1.12676e+15
1.3628e+15
1.59405e+15
1.81737e+15
2.06574e+15
2.23965e+15
2.47596e+15
2.70536e+15
2.91352e+15
3.11155e+15
3.31161e+15
3.4902e+15
3.71831e+15
3.89286e+15
4.06014e+15
4.24177e+15
4.41332e+15
4.59528e+15
4.8018e+15
4.89832e+15
5.06165e+15
5.2448e+15
5.34619e+15
5.45993e+15
5.54908e+15
5.65162e+15
5.76355e+15
5.84583e+15
5.90178e+15
5.99377e+15
6.10019e+15
6.09237e+15
6.17496e+15
6.18683e+15
6.18937e+15
6.21942e+15
6.22791e+15
6.2615e+15
6.21595e+15
6.22869e+15
6.18134e+15
6.15933e+15
6.09515e+15
6.04407e+15
5.99935e+15
5.93302e+15
5.85967e+15
5.77775e+15
5.66977e+15
5.56808e+15
5.43768e+15
5.32904e+15
5.20126e+15
5.06135e+15
4.90565e+15
4.74069e+15
4.59296e+15
4.4493e+15
4.31458e+15
4.09126e+15
3.92679e+15
3.70949e+15
3.51307e+15
3.30485e+15
3.0735e+15
2.90674e+15
2.67511e+15
2.45117e+15
2.24913e+15
2.01217e+15
1.76205e+15
1.55667e+15
1.31819e+15
1.10614e+15
8.77215e+14
6.3542e+14
3.27466e+14
3.70163e+14
7.04445e+14
9.6206e+14
1.20552e+15
1.47007e+15
1.71649e+15
1.94017e+15
2.18026e+15
2.37811e+15
2.65757e+15
2.90019e+15
3.12225e+15
3.36156e+15
3.56962e+15
3.74123e+15
3.9562e+15
4.20826e+15
4.36214e+15
4.59422e+15
4.75557e+15
4.96894e+15
5.08753e+15
5.24903e+15
5.41389e+15
5.61131e+15
5.7702e+15
5.85042e+15
5.97282e+15
6.03363e+15
6.179e+15
6.24379e+15
6.35379e+15
6.4551e+15
6.51662e+15
6.51927e+15
6.61943e+15
6.64751e+15
6.66088e+15
6.70632e+15
6.69564e+15
6.72494e+15
6.69314e+15
6.66226e+15
6.60408e+15
6.54787e+15
6.49061e+15
6.46056e+15
6.40953e+15
6.36308e+15
6.27131e+15
6.18482e+15
6.09285e+15
5.93771e+15
5.83698e+15
5.70738e+15
5.55986e+15
5.40867e+15
5.28472e+15
5.08185e+15
4.9198e+15
4.77266e+15
4.59275e+15
4.3858e+15
4.18479e+15
3.95215e+15
3.73585e+15
3.53669e+15
3.3339e+15
3.1241e+15
2.87754e+15
2.6132e+15
2.40546e+15
2.16106e+15
1.89897e+15
1.64606e+15
1.42795e+15
1.16182e+15
9.26701e+14
6.69561e+14
3.54125e+14
3.74105e+14
7.3777e+14
1.01529e+15
1.29982e+15
1.56347e+15
1.83226e+15
2.09201e+15
2.32967e+15
2.5492e+15
2.82643e+15
3.04925e+15
3.32403e+15
3.58834e+15
3.80857e+15
4.00791e+15
4.23165e+15
4.46749e+15
4.64546e+15
4.85388e+15
5.07131e+15
5.28619e+15
5.41489e+15
5.59094e+15
5.77193e+15
5.97635e+15
6.08454e+15
6.24453e+15
6.38825e+15
6.47139e+15
6.59728e+15
6.72205e+15
6.78812e+15
6.89126e+15
6.96114e+15
7.00951e+15
7.03333e+15
7.09935e+15
7.09762e+15
7.17412e+15
7.1389e+15
7.13954e+15
7.13388e+15
7.12051e+15
7.03011e+15
7.01804e+15
6.93808e+15
6.8805e+15
6.82137e+15
6.78008e+15
6.6948e+15
6.59739e+15
6.47819e+15
6.34755e+15
6.22792e+15
6.08667e+15
5.89898e+15
5.71862e+15
5.59843e+15
5.4109e+15
5.2425e+15
5.06858e+15
4.86669e+15
4.65732e+15
4.42005e+15
4.20474e+15
3.9817e+15
3.77351e+15
3.55374e+15
3.3243e+15
3.03858e+15
2.81965e+15
2.5645e+15
2.28927e+15
2.04384e+15
1.78441e+15
1.5391e+15
1.24984e+15
9.96187e+14
7.18922e+14
3.80099e+14
3.93863e+14
7.80232e+14
1.07351e+15
1.36012e+15
1.6339e+15
1.93733e+15
2.22466e+15
2.49048e+15
2.7133e+15
2.97753e+15
3.25349e+15
3.52608e+15
3.77376e+15
4.02877e+15
4.26557e+15
4.52543e+15
4.73084e+15
4.92914e+15
5.16206e+15
5.36201e+15
5.60327e+15
5.75688e+15
5.96836e+15
6.177e+15
6.35147e+15
6.48186e+15
6.66478e+15
6.68377e+15
6.86441e+15
6.9854e+15
7.08199e+15
7.21499e+15
7.27873e+15
7.40372e+15
7.41461e+15
7.49218e+15
7.54021e+15
7.50609e+15
7.5863e+15
7.5526e+15
7.54832e+15
7.58374e+15
7.54881e+15
7.5062e+15
7.4889e+15
7.41178e+15
7.32128e+15
7.22465e+15
7.20476e+15
7.10448e+15
6.97599e+15
6.89882e+15
6.72587e+15
6.55706e+15
6.41299e+15
6.25874e+15
6.05192e+15
5.9615e+15
5.7475e+15
5.54782e+15
5.3732e+15
5.19099e+15
4.98344e+15
4.67612e+15
4.48682e+15
4.23535e+15
3.99756e+15
3.75218e+15
3.49563e+15
3.24507e+15
2.96857e+15
2.71146e+15
2.46014e+15
2.17414e+15
1.89168e+15
1.64349e+15
1.32958e+15
1.05639e+15
7.58216e+14
3.97211e+14
4.04961e+14
8.21971e+14
1.14176e+15
1.44544e+15
1.71883e+15
2.01675e+15
2.34423e+15
2.63545e+15
2.89822e+15
3.17504e+15
3.46953e+15
3.75316e+15
3.98276e+15
4.26499e+15
4.53504e+15
4.78561e+15
5.01753e+15
5.22745e+15
5.49767e+15
5.68432e+15
5.90227e+15
6.10383e+15
6.31616e+15
6.5247e+15
6.69869e+15
6.84465e+15
7.03541e+15
7.10769e+15
7.28181e+15
7.41762e+15
7.49634e+15
7.61745e+15
7.6731e+15
7.77101e+15
7.84247e+15
7.90789e+15
7.94804e+15
7.94025e+15
8.01417e+15
8.00972e+15
8.0002e+15
7.98069e+15
7.97724e+15
7.93623e+15
7.87686e+15
7.83814e+15
7.75117e+15
7.6292e+15
7.59305e+15
7.48802e+15
7.39368e+15
7.27107e+15
7.12472e+15
6.94744e+15
6.7582e+15
6.60569e+15
6.39993e+15
6.26035e+15
6.078e+15
5.88016e+15
5.66907e+15
5.4423e+15
5.23417e+15
4.93657e+15
4.69196e+15
4.4841e+15
4.2209e+15
3.97035e+15
3.6996e+15
3.40003e+15
3.1592e+15
2.88339e+15
2.5878e+15
2.3125e+15
2.01108e+15
1.71433e+15
1.41595e+15
1.10351e+15
8.00537e+14
4.23212e+14
4.43603e+14
8.72866e+14
1.1958e+15
1.52962e+15
1.83771e+15
2.14788e+15
2.46037e+15
2.78482e+15
3.05365e+15
3.3449e+15
3.63954e+15
3.92927e+15
4.2035e+15
4.52199e+15
4.79819e+15
5.04013e+15
5.31324e+15
5.50725e+15
5.81418e+15
6.03269e+15
6.21057e+15
6.42694e+15
6.62375e+15
6.8618e+15
7.03362e+15
7.18322e+15
7.40028e+15
7.50272e+15
7.63028e+15
7.82577e+15
7.88119e+15
7.98804e+15
8.12185e+15
8.15078e+15
8.22615e+15
8.31582e+15
8.3708e+15
8.39856e+15
8.40556e+15
8.42419e+15
8.42074e+15
8.44381e+15
8.40064e+15
8.3181e+15
8.31726e+15
8.26022e+15
8.17602e+15
8.08691e+15
8.03449e+15
7.86913e+15
7.74904e+15
7.61747e+15
7.4713e+15
7.30308e+15
7.15105e+15
6.98339e+15
6.79043e+15
6.57251e+15
6.39673e+15
6.14935e+15
5.94326e+15
5.722e+15
5.44953e+15
5.22719e+15
4.96747e+15
4.7347e+15
4.44097e+15
4.1673e+15
3.89509e+15
3.59834e+15
3.36421e+15
3.03905e+15
2.70851e+15
2.42201e+15
2.12534e+15
1.81077e+15
1.48777e+15
1.15679e+15
8.35714e+14
4.46704e+14
4.72848e+14
9.00268e+14
1.25752e+15
1.60312e+15
1.94664e+15
2.27693e+15
2.58257e+15
2.89309e+15
3.18454e+15
3.51426e+15
3.85161e+15
4.10625e+15
4.43725e+15
4.73986e+15
5.01031e+15
5.2752e+15
5.5739e+15
5.79947e+15
6.07574e+15
6.32917e+15
6.54163e+15
6.78026e+15
6.99837e+15
7.16552e+15
7.35839e+15
7.57391e+15
7.75627e+15
7.93541e+15
8.0307e+15
8.22294e+15
8.31759e+15
8.42806e+15
8.51347e+15
8.55352e+15
8.64338e+15
8.71336e+15
8.83077e+15
8.84275e+15
8.86746e+15
8.88006e+15
8.89959e+15
8.84461e+15
8.82364e+15
8.72783e+15
8.72546e+15
8.65577e+15
8.58735e+15
8.48883e+15
8.43171e+15
8.25088e+15
8.14584e+15
7.98515e+15
7.89241e+15
7.72096e+15
7.54401e+15
7.35662e+15
7.11994e+15
6.87626e+15
6.67567e+15
6.47594e+15
6.293e+15
5.96946e+15
5.74076e+15
5.50683e+15
5.22686e+15
4.94665e+15
4.68107e+15
4.35888e+15
4.11281e+15
3.83665e+15
3.53273e+15
3.17608e+15
2.84942e+15
2.53485e+15
2.21708e+15
1.87959e+15
1.54691e+15
1.21827e+15
8.76733e+14
4.73659e+14
4.96723e+14
9.47668e+14
1.31715e+15
1.68312e+15
2.01276e+15
2.36506e+15
2.67501e+15
2.99411e+15
3.33976e+15
3.72248e+15
4.02863e+15
4.29216e+15
4.65409e+15
4.98576e+15
5.28167e+15
5.55305e+15
5.84341e+15
6.11095e+15
6.36784e+15
6.62268e+15
6.89815e+15
7.08673e+15
7.31892e+15
7.52464e+15
7.76104e+15
7.94369e+15
8.13556e+15
8.3056e+15
8.44557e+15
8.65763e+15
8.68424e+15
8.82307e+15
8.88717e+15
8.93231e+15
9.04831e+15
9.11564e+15
9.21035e+15
9.22318e+15
9.27175e+15
9.2788e+15
9.2664e+15
9.2749e+15
9.22658e+15
9.16233e+15
9.12036e+15
9.02953e+15
9.03123e+15
8.89809e+15
8.78711e+15
8.63108e+15
8.50019e+15
8.39744e+15
8.23715e+15
8.05338e+15
7.89083e+15
7.674e+15
7.46263e+15
7.22726e+15
7.02094e+15
6.80326e+15
6.53778e+15
6.25442e+15
6.01959e+15
5.79815e+15
5.50531e+15
5.16628e+15
4.88521e+15
4.61929e+15
4.28644e+15
3.99676e+15
3.69237e+15
3.31827e+15
3.00442e+15
2.68778e+15
2.31399e+15
1.96375e+15
1.60124e+15
1.27713e+15
9.24184e+14
5.00536e+14
5.29773e+14
1.0097e+15
1.37083e+15
1.74588e+15
2.07456e+15
2.47349e+15
2.82591e+15
3.13925e+15
3.54515e+15
3.87854e+15
4.16562e+15
4.51289e+15
4.83617e+15
5.22082e+15
5.5402e+15
5.8136e+15
6.13267e+15
6.39828e+15
6.6478e+15
6.92291e+15
7.14665e+15
7.38992e+15
7.62565e+15
7.94006e+15
8.1278e+15
8.27167e+15
8.4534e+15
8.63883e+15
8.79347e+15
8.97949e+15
9.05899e+15
9.20368e+15
9.27903e+15
9.392e+15
9.45409e+15
9.53368e+15
9.6009e+15
9.64681e+15
9.61958e+15
9.66663e+15
9.64489e+15
9.64385e+15
9.671e+15
9.55478e+15
9.55537e+15
9.46127e+15
9.43343e+15
9.29912e+15
9.16333e+15
9.00258e+15
8.88823e+15
8.76386e+15
8.62659e+15
8.4176e+15
8.20831e+15
8.04198e+15
7.77857e+15
7.58035e+15
7.32179e+15
7.11743e+15
6.81962e+15
6.54121e+15
6.26447e+15
6.07471e+15
5.76945e+15
5.44312e+15
5.14829e+15
4.84447e+15
4.47218e+15
4.16818e+15
3.84112e+15
3.46608e+15
3.12302e+15
2.78533e+15
2.42518e+15
2.04828e+15
1.69658e+15
1.33152e+15
9.53871e+14
5.21521e+14
5.37475e+14
1.05305e+15
1.46308e+15
1.80536e+15
2.17591e+15
2.58393e+15
2.93518e+15
3.30659e+15
3.66837e+15
4.02999e+15
4.34566e+15
4.70637e+15
5.07369e+15
5.42162e+15
5.76096e+15
6.07465e+15
6.41071e+15
6.68871e+15
6.9763e+15
7.2421e+15
7.4641e+15
7.70934e+15
7.92465e+15
8.25023e+15
8.45104e+15
8.61344e+15
8.81077e+15
8.98959e+15
9.15611e+15
9.35637e+15
9.47072e+15
9.60229e+15
9.66343e+15
9.74612e+15
9.8725e+15
9.96248e+15
1.00163e+16
1.00119e+16
1.00537e+16
1.00507e+16
1.00459e+16
1.00828e+16
1.00674e+16
1.0014e+16
9.93879e+15
9.83121e+15
9.74001e+15
9.62351e+15
9.52894e+15
9.4052e+15
9.303e+15
9.11946e+15
8.96914e+15
8.76156e+15
8.54419e+15
8.36783e+15
8.11553e+15
7.9204e+15
7.64821e+15
7.41966e+15
7.16882e+15
6.87545e+15
6.5682e+15
6.31492e+15
6.02654e+15
5.69197e+15
5.38145e+15
5.04151e+15
4.67933e+15
4.35164e+15
4.02842e+15
3.60326e+15
3.26009e+15
2.87015e+15
2.52127e+15
2.13811e+15
1.76953e+15
1.38551e+15
9.96969e+14
5.47325e+14
5.6869e+14
1.10567e+15
1.50491e+15
1.87704e+15
2.29932e+15
2.69194e+15
3.05507e+15
3.43057e+15
3.76993e+15
4.16681e+15
4.50913e+15
4.88391e+15
5.27853e+15
5.61899e+15
5.9926e+15
6.34768e+15
6.65577e+15
6.97984e+15
7.24462e+15
7.49916e+15
7.76969e+15
8.03079e+15
8.28445e+15
8.54828e+15
8.80101e+15
9.02579e+15
9.16298e+15
9.35552e+15
9.55012e+15
9.73673e+15
9.85095e+15
9.96437e+15
1.01275e+16
1.02241e+16
1.02792e+16
1.03833e+16
1.04046e+16
1.04712e+16
1.04573e+16
1.04667e+16
1.04557e+16
1.04778e+16
1.04571e+16
1.04393e+16
1.02992e+16
1.02502e+16
1.00872e+16
1.0004e+16
9.91664e+15
9.80804e+15
9.65865e+15
9.43656e+15
9.25059e+15
9.06781e+15
8.8703e+15
8.63442e+15
8.37927e+15
8.18098e+15
7.93403e+15
7.68654e+15
7.42777e+15
7.14482e+15
6.806e+15
6.58382e+15
6.23064e+15
5.89414e+15
5.5544e+15
5.236e+15
4.85616e+15
4.53041e+15
4.15691e+15
3.75721e+15
3.40241e+15
2.99937e+15
2.63851e+15
2.22429e+15
1.81782e+15
1.43325e+15
1.04637e+15
5.70464e+14
5.93003e+14
1.14167e+15
1.57537e+15
1.98399e+15
2.37561e+15
2.79461e+15
3.16684e+15
3.54679e+15
3.93629e+15
4.37169e+15
4.72036e+15
5.13233e+15
5.50616e+15
5.82734e+15
6.20648e+15
6.5259e+15
6.89318e+15
7.22031e+15
7.50196e+15
7.77318e+15
8.07932e+15
8.36534e+15
8.64751e+15
8.90119e+15
9.118e+15
9.35101e+15
9.56512e+15
9.70152e+15
9.86432e+15
1.0031e+16
1.02381e+16
1.0324e+16
1.04689e+16
1.06084e+16
1.06891e+16
1.07553e+16
1.07813e+16
1.08634e+16
1.08628e+16
1.09052e+16
1.08579e+16
1.08406e+16
1.07982e+16
1.07983e+16
1.06985e+16
1.06137e+16
1.04612e+16
1.03664e+16
1.03062e+16
1.01257e+16
9.99783e+15
9.81734e+15
9.64005e+15
9.39925e+15
9.22913e+15
9.00558e+15
8.68002e+15
8.47102e+15
8.25979e+15
7.96679e+15
7.69913e+15
7.42924e+15
7.0757e+15
6.83311e+15
6.50083e+15
6.14212e+15
5.76803e+15
5.41747e+15
5.06414e+15
4.67032e+15
4.28397e+15
3.92127e+15
3.54927e+15
3.11634e+15
2.75768e+15
2.31357e+15
1.90608e+15
1.50167e+15
1.08413e+15
5.66961e+14
6.12321e+14
1.16235e+15
1.62541e+15
2.03124e+15
2.45647e+15
2.89257e+15
3.30774e+15
3.70342e+15
4.10748e+15
4.51386e+15
4.88235e+15
5.29198e+15
5.67639e+15
6.05678e+15
6.44087e+15
6.80735e+15
7.1486e+15
7.42028e+15
7.76062e+15
8.07918e+15
8.40241e+15
8.66635e+15
8.95077e+15
9.20437e+15
9.40798e+15
9.6447e+15
9.86976e+15
1.00437e+16
1.01995e+16
1.04115e+16
1.05528e+16
1.06923e+16
1.08442e+16
1.09724e+16
1.10783e+16
1.11714e+16
1.11799e+16
1.1222e+16
1.12383e+16
1.12333e+16
1.12563e+16
1.1278e+16
1.1261e+16
1.11988e+16
1.11378e+16
1.10351e+16
1.08569e+16
1.07493e+16
1.06322e+16
1.04769e+16
1.03487e+16
1.01821e+16
9.97539e+15
9.77757e+15
9.53977e+15
9.36165e+15
9.0448e+15
8.78903e+15
8.51558e+15
8.22368e+15
7.92599e+15
7.69763e+15
7.32458e+15
7.02182e+15
6.69089e+15
6.3716e+15
5.99107e+15
5.60762e+15
5.23455e+15
4.84887e+15
4.4479e+15
4.05062e+15
3.60793e+15
3.21324e+15
2.82101e+15
2.38047e+15
1.97956e+15
1.55545e+15
1.12029e+15
5.85188e+14
6.28939e+14
1.19476e+15
1.66249e+15
2.11009e+15
2.54519e+15
2.98662e+15
3.41541e+15
3.8417e+15
4.22936e+15
4.66234e+15
5.10061e+15
5.49354e+15
5.88271e+15
6.2622e+15
6.64637e+15
7.00779e+15
7.35065e+15
7.64593e+15
8.04992e+15
8.31856e+15
8.58477e+15
8.92819e+15
9.1999e+15
9.46433e+15
9.72351e+15
9.96932e+15
1.02153e+16
1.03944e+16
1.05748e+16
1.07628e+16
1.09693e+16
1.11284e+16
1.12201e+16
1.1324e+16
1.146e+16
1.1497e+16
1.16052e+16
1.16433e+16
1.16647e+16
1.16894e+16
1.16593e+16
1.16606e+16
1.16012e+16
1.16081e+16
1.14891e+16
1.13713e+16
1.12724e+16
1.11691e+16
1.10462e+16
1.0876e+16
1.06804e+16
1.0509e+16
1.02824e+16
1.0068e+16
9.87723e+15
9.62504e+15
9.35787e+15
9.04896e+15
8.79104e+15
8.46654e+15
8.1437e+15
7.89376e+15
7.56795e+15
7.23867e+15
6.9145e+15
6.56996e+15
6.22035e+15
5.81806e+15
5.43572e+15
4.99822e+15
4.58392e+15
4.19408e+15
3.72772e+15
3.34492e+15
2.90655e+15
2.46728e+15
2.03569e+15
1.60386e+15
1.15664e+15
6.13234e+14
6.47863e+14
1.21947e+15
1.71304e+15
2.18851e+15
2.63133e+15
3.05773e+15
3.5044e+15
3.94761e+15
4.39465e+15
4.78277e+15
5.21591e+15
5.64746e+15
6.04685e+15
6.46979e+15
6.86424e+15
7.2002e+15
7.57421e+15
7.88955e+15
8.24976e+15
8.59306e+15
8.91496e+15
9.20685e+15
9.51595e+15
9.78266e+15
1.00884e+16
1.02662e+16
1.0531e+16
1.07126e+16
1.08834e+16
1.10939e+16
1.12723e+16
1.14331e+16
1.15915e+16
1.16887e+16
1.17379e+16
1.18836e+16
1.19266e+16
1.20364e+16
1.20275e+16
1.20552e+16
1.20502e+16
1.20278e+16
1.198e+16
1.19491e+16
1.1894e+16
1.17753e+16
1.15747e+16
1.15559e+16
1.13507e+16
1.12273e+16
1.10279e+16
1.08578e+16
1.05821e+16
1.03636e+16
1.01445e+16
9.91983e+15
9.6441e+15
9.37672e+15
9.08797e+15
8.77908e+15
8.46388e+15
8.14516e+15
7.81217e+15
7.42468e+15
7.08959e+15
6.74416e+15
6.35597e+15
5.95587e+15
5.53704e+15
5.11726e+15
4.67886e+15
4.3323e+15
3.87415e+15
3.44199e+15
3.005e+15
2.56294e+15
2.11973e+15
1.65573e+15
1.1787e+15
6.32691e+14
6.62225e+14
1.25528e+15
1.75625e+15
2.24853e+15
2.70198e+15
3.13919e+15
3.61244e+15
4.06929e+15
4.52867e+15
4.95931e+15
5.41987e+15
5.81659e+15
6.26317e+15
6.63914e+15
7.01576e+15
7.4254e+15
7.77769e+15
8.15846e+15
8.50219e+15
8.88465e+15
9.1816e+15
9.45573e+15
9.78815e+15
1.00972e+16
1.03534e+16
1.06378e+16
1.08782e+16
1.10472e+16
1.12692e+16
1.144e+16
1.16643e+16
1.18393e+16
1.19279e+16
1.20247e+16
1.20963e+16
1.22482e+16
1.22929e+16
1.23298e+16
1.23799e+16
1.24633e+16
1.24281e+16
1.23632e+16
1.23491e+16
1.23397e+16
1.21978e+16
1.20843e+16
1.18906e+16
1.1879e+16
1.17248e+16
1.15359e+16
1.13545e+16
1.11589e+16
1.09199e+16
1.06803e+16
1.04187e+16
1.02025e+16
9.9182e+15
9.62592e+15
9.34837e+15
9.05088e+15
8.69896e+15
8.35015e+15
8.03869e+15
7.67536e+15
7.29246e+15
6.97199e+15
6.56854e+15
6.10825e+15
5.70246e+15
5.28844e+15
4.86085e+15
4.44479e+15
4.00189e+15
3.53951e+15
3.11317e+15
2.62876e+15
2.1818e+15
1.69516e+15
1.21259e+15
6.41603e+14
6.78683e+14
1.29566e+15
1.81518e+15
2.30655e+15
2.77286e+15
3.24017e+15
3.7367e+15
4.21156e+15
4.65034e+15
5.14893e+15
5.58318e+15
5.98256e+15
6.42794e+15
6.82882e+15
7.21555e+15
7.63263e+15
7.99574e+15
8.35989e+15
8.76302e+15
9.11234e+15
9.4294e+15
9.74682e+15
1.00924e+16
1.04299e+16
1.06366e+16
1.08963e+16
1.118e+16
1.13464e+16
1.15539e+16
1.17532e+16
1.1939e+16
1.20975e+16
1.227e+16
1.23804e+16
1.2534e+16
1.26209e+16
1.27025e+16
1.27206e+16
1.277e+16
1.28256e+16
1.27781e+16
1.27214e+16
1.26999e+16
1.26062e+16
1.24894e+16
1.24019e+16
1.23042e+16
1.2164e+16
1.2037e+16
1.18344e+16
1.16716e+16
1.1422e+16
1.12144e+16
1.10032e+16
1.07391e+16
1.04219e+16
1.01986e+16
9.90426e+15
9.60548e+15
9.28869e+15
8.92269e+15
8.60433e+15
8.28986e+15
7.91081e+15
7.53786e+15
7.1193e+15
6.66989e+15
6.29273e+15
5.82819e+15
5.40243e+15
4.98021e+15
4.58808e+15
4.12906e+15
3.68471e+15
3.22469e+15
2.70164e+15
2.25414e+15
1.77345e+15
1.26622e+15
6.63444e+14
6.92958e+14
1.33822e+15
1.88807e+15
2.36765e+15
2.86652e+15
3.37271e+15
3.85515e+15
4.37231e+15
4.81132e+15
5.27408e+15
5.74166e+15
6.16912e+15
6.63806e+15
6.99368e+15
7.433e+15
7.86049e+15
8.22626e+15
8.61995e+15
9.0048e+15
9.35747e+15
9.71035e+15
1.00452e+16
1.04245e+16
1.06729e+16
1.09413e+16
1.12379e+16
1.15098e+16
1.16531e+16
1.18785e+16
1.21482e+16
1.22868e+16
1.24698e+16
1.26226e+16
1.27692e+16
1.29147e+16
1.30235e+16
1.30508e+16
1.30565e+16
1.30735e+16
1.30783e+16
1.31195e+16
1.3077e+16
1.3002e+16
1.29033e+16
1.28232e+16
1.27226e+16
1.26122e+16
1.24948e+16
1.22972e+16
1.21236e+16
1.19123e+16
1.17307e+16
1.14928e+16
1.12566e+16
1.10244e+16
1.07208e+16
1.04041e+16
1.01156e+16
9.8166e+15
9.48448e+15
9.17078e+15
8.81599e+15
8.49432e+15
8.13621e+15
7.69894e+15
7.32136e+15
6.89026e+15
6.44278e+15
5.95533e+15
5.54049e+15
5.08873e+15
4.69753e+15
4.26072e+15
3.78401e+15
3.29388e+15
2.78848e+15
2.32477e+15
1.8135e+15
1.29218e+15
6.83226e+14
7.05979e+14
1.38403e+15
1.92642e+15
2.44898e+15
2.95736e+15
3.44096e+15
3.94347e+15
4.47268e+15
4.93149e+15
5.40357e+15
5.88751e+15
6.38554e+15
6.80507e+15
7.21746e+15
7.66539e+15
8.06799e+15
8.44936e+15
8.84733e+15
9.23801e+15
9.60907e+15
9.93303e+15
1.03269e+16
1.06352e+16
1.09673e+16
1.12281e+16
1.14998e+16
1.17893e+16
1.19941e+16
1.2266e+16
1.24894e+16
1.2666e+16
1.27974e+16
1.29642e+16
1.31567e+16
1.31973e+16
1.3313e+16
1.33351e+16
1.33802e+16
1.33852e+16
1.33608e+16
1.34099e+16
1.33204e+16
1.33149e+16
1.32362e+16
1.31474e+16
1.30217e+16
1.28524e+16
1.27401e+16
1.26283e+16
1.24379e+16
1.22516e+16
1.20042e+16
1.17887e+16
1.15099e+16
1.12515e+16
1.09294e+16
1.06257e+16
1.03414e+16
1.00422e+16
9.71635e+15
9.36446e+15
8.96539e+15
8.65571e+15
8.29935e+15
7.86103e+15
7.47722e+15
7.0951e+15
6.59377e+15
6.11551e+15
5.72101e+15
5.2321e+15
4.81393e+15
4.35409e+15
3.90075e+15
3.39931e+15
2.84976e+15
2.37773e+15
1.84821e+15
1.33023e+15
7.05266e+14
7.19766e+14
1.39885e+15
1.9418e+15
2.48516e+15
2.99199e+15
3.51337e+15
4.05144e+15
4.57027e+15
5.05962e+15
5.5205e+15
5.99667e+15
6.51473e+15
6.96405e+15
7.41679e+15
7.89308e+15
8.26416e+15
8.69605e+15
9.09763e+15
9.4863e+15
9.879e+15
1.02096e+16
1.05224e+16
1.08441e+16
1.11978e+16
1.14322e+16
1.17126e+16
1.20303e+16
1.2286e+16
1.25898e+16
1.26989e+16
1.29032e+16
1.30749e+16
1.32611e+16
1.33781e+16
1.34702e+16
1.35759e+16
1.36316e+16
1.37256e+16
1.37455e+16
1.37608e+16
1.37115e+16
1.36209e+16
1.36006e+16
1.34931e+16
1.34017e+16
1.32945e+16
1.31249e+16
1.29642e+16
1.28352e+16
1.27101e+16
1.24694e+16
1.2261e+16
1.20557e+16
1.17616e+16
1.14738e+16
1.11339e+16
1.08664e+16
1.05869e+16
1.02056e+16
9.91836e+15
9.56149e+15
9.17255e+15
8.82652e+15
8.39973e+15
8.02524e+15
7.63982e+15
7.14147e+15
6.75332e+15
6.28741e+15
5.85083e+15
5.36637e+15
4.90233e+15
4.45426e+15
3.9766e+15
3.44631e+15
2.90776e+15
2.39541e+15
1.88515e+15
1.37755e+15
7.11944e+14
7.24834e+14
1.40777e+15
1.96988e+15
2.524e+15
3.04419e+15
3.57308e+15
4.1272e+15
4.66067e+15
5.1485e+15
5.63627e+15
6.16846e+15
6.60752e+15
7.10591e+15
7.62321e+15
8.02844e+15
8.49988e+15
8.90212e+15
9.29446e+15
9.71345e+15
1.00886e+16
1.03943e+16
1.07965e+16
1.11447e+16
1.14247e+16
1.1772e+16
1.20431e+16
1.23678e+16
1.26029e+16
1.28646e+16
1.30479e+16
1.32399e+16
1.34119e+16
1.35719e+16
1.36895e+16
1.37784e+16
1.38821e+16
1.39214e+16
1.39908e+16
1.39983e+16
1.40441e+16
1.39667e+16
1.38852e+16
1.38547e+16
1.37358e+16
1.36483e+16
1.35396e+16
1.34432e+16
1.32652e+16
1.30989e+16
1.29917e+16
1.27339e+16
1.25226e+16
1.22737e+16
1.20189e+16
1.1701e+16
1.13888e+16
1.11106e+16
1.07612e+16
1.04451e+16
1.00945e+16
9.70021e+15
9.31847e+15
8.93807e+15
8.50418e+15
8.14674e+15
7.77845e+15
7.30711e+15
6.88057e+15
6.47287e+15
5.96635e+15
5.46748e+15
5.01932e+15
4.51419e+15
4.06044e+15
3.49925e+15
2.97543e+15
2.45523e+15
1.9382e+15
1.39429e+15
7.31134e+14
7.40964e+14
1.42392e+15
1.99694e+15
2.57212e+15
3.08387e+15
3.63891e+15
4.22949e+15
4.77509e+15
5.28732e+15
5.80243e+15
6.27917e+15
6.81462e+15
7.31818e+15
7.79627e+15
8.22695e+15
8.7213e+15
9.11478e+15
9.53792e+15
9.93679e+15
1.02746e+16
1.06694e+16
1.10332e+16
1.14002e+16
1.17001e+16
1.20469e+16
1.23427e+16
1.26172e+16
1.28776e+16
1.31562e+16
1.33494e+16
1.34971e+16
1.36453e+16
1.38487e+16
1.39184e+16
1.40223e+16
1.41465e+16
1.41482e+16
1.42166e+16
1.42244e+16
1.42714e+16
1.42196e+16
1.41964e+16
1.40963e+16
1.40628e+16
1.39189e+16
1.37965e+16
1.37253e+16
1.35735e+16
1.33943e+16
1.32137e+16
1.30471e+16
1.27363e+16
1.24999e+16
1.2222e+16
1.19753e+16
1.16557e+16
1.1334e+16
1.09661e+16
1.06236e+16
1.03203e+16
9.95609e+15
9.55305e+15
9.1623e+15
8.73193e+15
8.30509e+15
7.88459e+15
7.42647e+15
7.00584e+15
6.51247e+15
6.05227e+15
5.56058e+15
5.13481e+15
4.60648e+15
4.08206e+15
3.55061e+15
3.02084e+15
2.48442e+15
1.9734e+15
1.41038e+15
7.63381e+14
7.54551e+14
1.46681e+15
2.05097e+15
2.63773e+15
3.15224e+15
3.72895e+15
4.282e+15
4.82681e+15
5.39819e+15
5.91024e+15
6.42752e+15
6.97463e+15
7.44143e+15
7.98293e+15
8.36549e+15
8.88593e+15
9.25974e+15
9.70037e+15
1.00977e+16
1.05339e+16
1.08921e+16
1.12813e+16
1.16199e+16
1.19403e+16
1.22955e+16
1.25637e+16
1.28576e+16
1.30983e+16
1.335e+16
1.35669e+16
1.37868e+16
1.39245e+16
1.41164e+16
1.42005e+16
1.42899e+16
1.44027e+16
1.44149e+16
1.44392e+16
1.44549e+16
1.44886e+16
1.44919e+16
1.4471e+16
1.43878e+16
1.43062e+16
1.41658e+16
1.40674e+16
1.39179e+16
1.37884e+16
1.35645e+16
1.34329e+16
1.31927e+16
1.29618e+16
1.26643e+16
1.23996e+16
1.21708e+16
1.18256e+16
1.15316e+16
1.11692e+16
1.07729e+16
1.04386e+16
1.00641e+16
9.70507e+15
9.33855e+15
8.91028e+15
8.43099e+15
8.02963e+15
7.56394e+15
7.08298e+15
6.61623e+15
6.14233e+15
5.67301e+15
5.22544e+15
4.69596e+15
4.16075e+15
3.61952e+15
3.10535e+15
2.52297e+15
1.98968e+15
1.446e+15
7.63628e+14
7.71163e+14
1.50337e+15
2.05245e+15
2.66015e+15
3.22311e+15
3.76886e+15
4.34347e+15
4.94058e+15
5.50482e+15
6.01418e+15
6.54639e+15
7.11185e+15
7.56486e+15
8.09597e+15
8.55857e+15
9.04827e+15
9.43155e+15
9.87657e+15
1.03231e+16
1.07461e+16
1.11621e+16
1.15219e+16
1.18268e+16
1.21723e+16
1.24849e+16
1.28272e+16
1.30856e+16
1.33462e+16
1.36215e+16
1.38347e+16
1.4033e+16
1.41652e+16
1.43003e+16
1.44367e+16
1.45013e+16
1.45916e+16
1.46797e+16
1.46914e+16
1.4728e+16
1.47112e+16
1.47183e+16
1.4671e+16
1.46359e+16
1.45095e+16
1.44687e+16
1.43011e+16
1.41769e+16
1.40296e+16
1.38409e+16
1.36083e+16
1.33848e+16
1.31496e+16
1.28913e+16
1.25759e+16
1.22973e+16
1.1987e+16
1.16831e+16
1.1302e+16
1.09688e+16
1.05627e+16
1.02199e+16
9.86578e+15
9.40035e+15
9.01322e+15
8.53786e+15
8.16179e+15
7.68513e+15
7.19435e+15
6.7472e+15
6.28032e+15
5.80905e+15
5.30896e+15
4.79007e+15
4.25181e+15
3.70032e+15
3.17705e+15
2.59721e+15
2.0204e+15
1.46342e+15
7.80469e+14
7.94583e+14
1.52639e+15
2.11323e+15
2.68199e+15
3.2567e+15
3.85868e+15
4.42072e+15
5.02741e+15
5.55382e+15
6.11708e+15
6.67308e+15
7.17276e+15
7.67714e+15
8.24406e+15
8.70252e+15
9.16529e+15
9.63168e+15
1.00476e+16
1.04905e+16
1.09751e+16
1.13461e+16
1.17226e+16
1.20598e+16
1.23827e+16
1.27345e+16
1.30389e+16
1.33317e+16
1.36126e+16
1.38407e+16
1.40239e+16
1.4224e+16
1.44089e+16
1.45155e+16
1.46822e+16
1.48055e+16
1.48352e+16
1.48758e+16
1.49682e+16
1.49926e+16
1.49943e+16
1.49724e+16
1.49165e+16
1.48599e+16
1.4757e+16
1.46087e+16
1.45272e+16
1.43677e+16
1.4217e+16
1.40213e+16
1.38296e+16
1.35733e+16
1.33082e+16
1.30591e+16
1.27741e+16
1.24477e+16
1.21586e+16
1.18308e+16
1.14683e+16
1.10919e+16
1.07245e+16
1.03553e+16
9.9785e+15
9.55649e+15
9.13955e+15
8.67294e+15
8.27342e+15
7.78997e+15
7.33614e+15
6.85961e+15
6.37383e+15
5.88527e+15
5.38157e+15
4.85749e+15
4.34961e+15
3.77392e+15
3.24873e+15
2.6609e+15
2.06402e+15
1.4961e+15
7.94631e+14
8.16675e+14
1.55655e+15
2.16514e+15
2.72978e+15
3.31587e+15
3.89753e+15
4.49375e+15
5.07977e+15
5.61399e+15
6.20812e+15
6.78587e+15
7.33142e+15
7.8558e+15
8.39022e+15
8.83833e+15
9.30072e+15
9.80854e+15
1.02371e+16
1.06953e+16
1.11343e+16
1.15033e+16
1.18761e+16
1.22248e+16
1.26169e+16
1.29263e+16
1.32493e+16
1.35455e+16
1.37995e+16
1.40191e+16
1.42386e+16
1.44723e+16
1.45937e+16
1.4766e+16
1.48954e+16
1.50102e+16
1.50909e+16
1.50876e+16
1.51773e+16
1.52278e+16
1.52e+16
1.52323e+16
1.51654e+16
1.50472e+16
1.49953e+16
1.48836e+16
1.47202e+16
1.45548e+16
1.43637e+16
1.41596e+16
1.3942e+16
1.37182e+16
1.34573e+16
1.32042e+16
1.29294e+16
1.26102e+16
1.22877e+16
1.19523e+16
1.15824e+16
1.12418e+16
1.08369e+16
1.04382e+16
1.00911e+16
9.64643e+15
9.25509e+15
8.78558e+15
8.32124e+15
7.8553e+15
7.39106e+15
6.91067e+15
6.46004e+15
5.96836e+15
5.43697e+15
4.92178e+15
4.42223e+15
3.82851e+15
3.28159e+15
2.68859e+15
2.10973e+15
1.50153e+15
8.00366e+14
8.05728e+14
1.56267e+15
2.19375e+15
2.7799e+15
3.37756e+15
3.96667e+15
4.55717e+15
5.12101e+15
5.69259e+15
6.31824e+15
6.8426e+15
7.40853e+15
7.96043e+15
8.46499e+15
8.97583e+15
9.41661e+15
9.92478e+15
1.04187e+16
1.09558e+16
1.12865e+16
1.16819e+16
1.20398e+16
1.24131e+16
1.28251e+16
1.31196e+16
1.34512e+16
1.37241e+16
1.39919e+16
1.42327e+16
1.43659e+16
1.46541e+16
1.48046e+16
1.50182e+16
1.51088e+16
1.52273e+16
1.53088e+16
1.53615e+16
1.54317e+16
1.54744e+16
1.5429e+16
1.54226e+16
1.52892e+16
1.52543e+16
1.5139e+16
1.50491e+16
1.48864e+16
1.47209e+16
1.44863e+16
1.4295e+16
1.41068e+16
1.38389e+16
1.35439e+16
1.33343e+16
1.30196e+16
1.27247e+16
1.23326e+16
1.20807e+16
1.17258e+16
1.13819e+16
1.09463e+16
1.05382e+16
1.01273e+16
9.71945e+15
9.31371e+15
8.8767e+15
8.41237e+15
7.93057e+15
7.49428e+15
6.98964e+15
6.49177e+15
6.0407e+15
5.47847e+15
4.95444e+15
4.43794e+15
3.88454e+15
3.31131e+15
2.7378e+15
2.12006e+15
1.51826e+15
8.17753e+14
8.24702e+14
1.58118e+15
2.20469e+15
2.82802e+15
3.39944e+15
4.01225e+15
4.61802e+15
5.19602e+15
5.78568e+15
6.35956e+15
6.93644e+15
7.53652e+15
8.05367e+15
8.5841e+15
9.10065e+15
9.58293e+15
1.01091e+16
1.06205e+16
1.1055e+16
1.14722e+16
1.1853e+16
1.22721e+16
1.2598e+16
1.3011e+16
1.334e+16
1.36229e+16
1.38559e+16
1.41298e+16
1.43205e+16
1.46212e+16
1.48104e+16
1.50646e+16
1.51693e+16
1.53078e+16
1.54793e+16
1.54886e+16
1.55799e+16
1.56465e+16
1.56673e+16
1.55759e+16
1.56083e+16
1.54509e+16
1.54436e+16
1.52994e+16
1.51798e+16
1.50198e+16
1.48511e+16
1.46544e+16
1.44297e+16
1.41873e+16
1.39629e+16
1.36806e+16
1.3447e+16
1.31349e+16
1.28252e+16
1.24577e+16
1.21478e+16
1.17448e+16
1.14105e+16
1.10136e+16
1.06173e+16
1.02077e+16
9.81166e+15
9.39852e+15
8.93104e+15
8.51256e+15
8.03701e+15
7.55229e+15
7.02858e+15
6.57163e+15
6.06214e+15
5.51823e+15
4.98187e+15
4.42386e+15
3.91635e+15
3.34457e+15
2.76819e+15
2.15576e+15
1.54069e+15
8.20977e+14
8.26849e+14
1.59941e+15
2.25479e+15
2.85298e+15
3.44515e+15
4.07477e+15
4.66477e+15
5.27291e+15
5.87564e+15
6.43783e+15
7.00139e+15
7.60016e+15
8.14889e+15
8.69461e+15
9.20638e+15
9.7061e+15
1.01905e+16
1.06923e+16
1.11774e+16
1.1668e+16
1.20107e+16
1.2451e+16
1.27899e+16
1.31496e+16
1.34164e+16
1.37093e+16
1.40419e+16
1.42843e+16
1.45448e+16
1.4794e+16
1.50187e+16
1.51811e+16
1.53365e+16
1.54686e+16
1.55441e+16
1.56474e+16
1.57387e+16
1.57798e+16
1.57814e+16
1.57481e+16
1.57132e+16
1.56837e+16
1.56072e+16
1.55033e+16
1.53108e+16
1.51858e+16
1.50337e+16
1.48252e+16
1.45811e+16
1.43632e+16
1.41086e+16
1.37999e+16
1.34985e+16
1.32327e+16
1.29174e+16
1.2518e+16
1.2179e+16
1.18073e+16
1.14355e+16
1.11022e+16
1.0702e+16
1.02927e+16
9.83133e+15
9.44688e+15
9.01267e+15
8.53663e+15
8.07879e+15
7.62235e+15
7.1121e+15
6.59016e+15
6.11163e+15
5.57701e+15
5.03506e+15
4.50052e+15
3.92195e+15
3.37776e+15
2.76149e+15
2.16601e+15
1.55746e+15
8.19377e+14
8.43614e+14
1.63845e+15
2.26563e+15
2.89262e+15
3.49031e+15
4.09669e+15
4.71585e+15
5.27602e+15
5.87302e+15
6.46822e+15
7.08452e+15
7.6618e+15
8.26881e+15
8.82187e+15
9.28861e+15
9.80735e+15
1.03313e+16
1.08024e+16
1.13002e+16
1.17102e+16
1.21358e+16
1.25556e+16
1.28691e+16
1.32334e+16
1.35275e+16
1.38948e+16
1.42052e+16
1.44681e+16
1.468e+16
1.48822e+16
1.51985e+16
1.53126e+16
1.55023e+16
1.56035e+16
1.5666e+16
1.57773e+16
1.5871e+16
1.5902e+16
1.5869e+16
1.5866e+16
1.58345e+16
1.57846e+16
1.57371e+16
1.55784e+16
1.54498e+16
1.52916e+16
1.51199e+16
1.49105e+16
1.46746e+16
1.44969e+16
1.41701e+16
1.39196e+16
1.35913e+16
1.33129e+16
1.29981e+16
1.2634e+16
1.22737e+16
1.19178e+16
1.14891e+16
1.11586e+16
1.07141e+16
1.03307e+16
9.90659e+15
9.44839e+15
9.0545e+15
8.61042e+15
8.1099e+15
7.65414e+15
7.1264e+15
6.67973e+15
6.14087e+15
5.61955e+15
5.074e+15
4.49289e+15
3.96588e+15
3.38296e+15
2.79823e+15
2.21413e+15
1.5768e+15
8.21681e+14
8.6141e+14
1.65443e+15
2.28477e+15
2.89934e+15
3.5375e+15
4.14265e+15
4.75661e+15
5.35219e+15
5.98169e+15
6.56551e+15
7.14097e+15
7.72618e+15
8.31822e+15
8.87732e+15
9.38632e+15
9.8846e+15
1.04253e+16
1.09372e+16
1.14289e+16
1.17913e+16
1.22772e+16
1.26361e+16
1.30001e+16
1.33932e+16
1.37125e+16
1.40204e+16
1.42805e+16
1.45896e+16
1.48154e+16
1.50253e+16
1.52811e+16
1.54705e+16
1.55935e+16
1.57665e+16
1.58367e+16
1.5957e+16
1.60141e+16
1.60276e+16
1.60127e+16
1.59951e+16
1.59243e+16
1.58439e+16
1.57571e+16
1.56649e+16
1.55426e+16
1.53567e+16
1.51932e+16
1.49278e+16
1.47381e+16
1.45209e+16
1.42673e+16
1.39641e+16
1.36625e+16
1.33355e+16
1.30617e+16
1.26728e+16
1.23027e+16
1.19417e+16
1.1559e+16
1.11534e+16
1.07737e+16
1.03231e+16
9.91679e+15
9.4465e+15
9.03386e+15
8.60075e+15
8.15819e+15
7.64742e+15
7.15206e+15
6.65095e+15
6.15673e+15
5.65131e+15
5.09766e+15
4.52554e+15
3.96841e+15
3.43024e+15
2.83376e+15
2.23192e+15
1.5819e+15
8.45204e+14
8.6128e+14
1.66021e+15
2.33048e+15
2.94962e+15
3.54989e+15
4.18619e+15
4.79543e+15
5.40433e+15
6.04528e+15
6.60409e+15
7.18285e+15
7.79661e+15
8.36377e+15
8.93398e+15
9.4911e+15
1.00129e+16
1.05361e+16
1.10072e+16
1.14405e+16
1.18978e+16
1.23391e+16
1.26946e+16
1.30903e+16
1.35079e+16
1.38267e+16
1.41414e+16
1.44397e+16
1.47002e+16
1.49503e+16
1.51224e+16
1.54425e+16
1.56428e+16
1.57639e+16
1.59195e+16
1.59639e+16
1.60686e+16
1.61115e+16
1.6163e+16
1.61306e+16
1.60818e+16
1.5989e+16
1.59304e+16
1.57948e+16
1.57061e+16
1.55991e+16
1.53912e+16
1.52194e+16
1.49965e+16
1.47757e+16
1.45343e+16
1.42495e+16
1.398e+16
1.36575e+16
1.33678e+16
1.30267e+16
1.26581e+16
1.23097e+16
1.19371e+16
1.15961e+16
1.11891e+16
1.07403e+16
1.03802e+16
9.90267e+15
9.49553e+15
9.0289e+15
8.59747e+15
8.16103e+15
7.66332e+15
7.1475e+15
6.6273e+15
6.1642e+15
5.66164e+15
5.13032e+15
4.54829e+15
3.9712e+15
3.43873e+15
2.8463e+15
2.2305e+15
1.60308e+15
8.4233e+14
8.66764e+14
1.65239e+15
2.33131e+15
2.95566e+15
3.61106e+15
4.21465e+15
4.84588e+15
5.48706e+15
6.06987e+15
6.68095e+15
7.293e+15
7.91975e+15
8.45375e+15
9.01455e+15
9.54253e+15
1.01017e+16
1.06178e+16
1.11143e+16
1.14955e+16
1.19719e+16
1.23706e+16
1.27976e+16
1.3223e+16
1.35946e+16
1.39027e+16
1.41857e+16
1.45078e+16
1.48073e+16
1.50645e+16
1.52867e+16
1.5549e+16
1.56787e+16
1.58302e+16
1.59547e+16
1.60462e+16
1.61162e+16
1.6196e+16
1.62159e+16
1.61823e+16
1.61082e+16
1.60537e+16
1.59366e+16
1.58603e+16
1.57119e+16
1.56214e+16
1.54319e+16
1.52397e+16
1.50022e+16
1.47583e+16
1.45625e+16
1.42497e+16
1.39767e+16
1.36681e+16
1.33381e+16
1.30031e+16
1.26822e+16
1.22739e+16
1.19399e+16
1.15741e+16
1.11836e+16
1.07404e+16
1.03021e+16
9.91351e+15
9.43736e+15
9.05007e+15
8.57944e+15
8.08792e+15
7.63511e+15
7.17003e+15
6.61284e+15
6.14467e+15
5.62557e+15
5.12522e+15
4.60115e+15
4.00285e+15
3.43581e+15
2.84731e+15
2.22325e+15
1.60558e+15
8.38061e+14
8.65145e+14
1.65478e+15
2.32884e+15
2.98253e+15
3.60712e+15
4.2475e+15
4.87291e+15
5.51677e+15
6.1004e+15
6.75104e+15
7.33531e+15
7.90172e+15
8.46524e+15
9.03639e+15
9.55509e+15
1.01568e+16
1.06516e+16
1.11236e+16
1.15698e+16
1.20632e+16
1.24915e+16
1.28693e+16
1.33078e+16
1.36583e+16
1.39802e+16
1.42717e+16
1.46069e+16
1.48917e+16
1.51276e+16
1.53873e+16
1.55743e+16
1.57596e+16
1.59332e+16
1.60351e+16
1.60852e+16
1.61847e+16
1.61946e+16
1.62302e+16
1.6222e+16
1.61696e+16
1.61372e+16
1.60175e+16
1.59324e+16
1.57867e+16
1.56318e+16
1.54887e+16
1.53078e+16
1.50418e+16
1.47956e+16
1.45874e+16
1.4309e+16
1.39915e+16
1.36783e+16
1.3347e+16
1.29794e+16
1.26619e+16
1.22766e+16
1.18825e+16
1.15116e+16
1.11387e+16
1.07201e+16
1.02772e+16
9.88223e+15
9.41611e+15
8.99769e+15
8.56438e+15
8.08318e+15
7.6377e+15
7.137e+15
6.62559e+15
6.13043e+15
5.62992e+15
5.09595e+15
4.57293e+15
4.01809e+15
3.43476e+15
2.86613e+15
2.23794e+15
1.60643e+15
8.45282e+14
8.68976e+14
1.68829e+15
2.32575e+15
2.99546e+15
3.65083e+15
4.29026e+15
4.89621e+15
5.53086e+15
6.15249e+15
6.78163e+15
7.3578e+15
7.94564e+15
8.5188e+15
9.05234e+15
9.61237e+15
1.02081e+16
1.06975e+16
1.11842e+16
1.16472e+16
1.21132e+16
1.25348e+16
1.29223e+16
1.33231e+16
1.36791e+16
1.40033e+16
1.43287e+16
1.46464e+16
1.49112e+16
1.51854e+16
1.53775e+16
1.5584e+16
1.58283e+16
1.59402e+16
1.60026e+16
1.61328e+16
1.62086e+16
1.62391e+16
1.62473e+16
1.62522e+16
1.61667e+16
1.61476e+16
1.60376e+16
1.59197e+16
1.57955e+16
1.5613e+16
1.54784e+16
1.52275e+16
1.49873e+16
1.47736e+16
1.44842e+16
1.42489e+16
1.39306e+16
1.36201e+16
1.33289e+16
1.2961e+16
1.26028e+16
1.22209e+16
1.1874e+16
1.14454e+16
1.10605e+16
1.06205e+16
1.02351e+16
9.79791e+15
9.39889e+15
8.92673e+15
8.48172e+15
8.0165e+15
7.57603e+15
7.10531e+15
6.59434e+15
6.09233e+15
5.59107e+15
5.09844e+15
4.54017e+15
3.99772e+15
3.42144e+15
2.8445e+15
2.21602e+15
1.60086e+15
8.2709e+14
8.71045e+14
1.6558e+15
2.32143e+15
2.9829e+15
3.63842e+15
4.28057e+15
4.91091e+15
5.56711e+15
6.18763e+15
6.79149e+15
7.37964e+15
7.97742e+15
8.57348e+15
9.08193e+15
9.63689e+15
1.0201e+16
1.06682e+16
1.1154e+16
1.16529e+16
1.21027e+16
1.25231e+16
1.29693e+16
1.3328e+16
1.37141e+16
1.40531e+16
1.43918e+16
1.47019e+16
1.50122e+16
1.52562e+16
1.54729e+16
1.56638e+16
1.58497e+16
1.5914e+16
1.60412e+16
1.60657e+16
1.61772e+16
1.62303e+16
1.62507e+16
1.62252e+16
1.61747e+16
1.60905e+16
1.59955e+16
1.58723e+16
1.57614e+16
1.55755e+16
1.54173e+16
1.52365e+16
1.49888e+16
1.4755e+16
1.45008e+16
1.41776e+16
1.39138e+16
1.35653e+16
1.32518e+16
1.29091e+16
1.25832e+16
1.21816e+16
1.18013e+16
1.13927e+16
1.10085e+16
1.05949e+16
1.01536e+16
9.74688e+15
9.32161e+15
8.89582e+15
8.45694e+15
7.99915e+15
7.50679e+15
7.03959e+15
6.59897e+15
6.07827e+15
5.54336e+15
5.07836e+15
4.55367e+15
4.01147e+15
3.43816e+15
2.83687e+15
2.20901e+15
1.60111e+15
8.21022e+14
8.66638e+14
1.65931e+15
2.32726e+15
2.96355e+15
3.62169e+15
4.27693e+15
4.87948e+15
5.54566e+15
6.19118e+15
6.82031e+15
7.39459e+15
7.96623e+15
8.52006e+15
9.11059e+15
9.67188e+15
1.01796e+16
1.06487e+16
1.1177e+16
1.1624e+16
1.2075e+16
1.25619e+16
1.29252e+16
1.33589e+16
1.37198e+16
1.4073e+16
1.44372e+16
1.47349e+16
1.50309e+16
1.52376e+16
1.54271e+16
1.56165e+16
1.57719e+16
1.59351e+16
1.60633e+16
1.6109e+16
1.61694e+16
1.61812e+16
1.61797e+16
1.6165e+16
1.61439e+16
1.60504e+16
1.59482e+16
1.58309e+16
1.56693e+16
1.55275e+16
1.53717e+16
1.51433e+16
1.49015e+16
1.4663e+16
1.44546e+16
1.41574e+16
1.38354e+16
1.34936e+16
1.31648e+16
1.28093e+16
1.24508e+16
1.20822e+16
1.17017e+16
1.13192e+16
1.09239e+16
1.05008e+16
1.00441e+16
9.64349e+15
9.20338e+15
8.7886e+15
8.33569e+15
7.88773e+15
7.45394e+15
6.9789e+15
6.49796e+15
6.02194e+15
5.50675e+15
5.00905e+15
4.50339e+15
3.98569e+15
3.43407e+15
2.86487e+15
2.22231e+15
1.58104e+15
8.3843e+14
8.49141e+14
1.67313e+15
2.31797e+15
2.96748e+15
3.63906e+15
4.2788e+15
4.91969e+15
5.58156e+15
6.18782e+15
6.83214e+15
7.38602e+15
7.99212e+15
8.58152e+15
9.09506e+15
9.68224e+15
1.01844e+16
1.06886e+16
1.11726e+16
1.16005e+16
1.21498e+16
1.26044e+16
1.29897e+16
1.34084e+16
1.37428e+16
1.4102e+16
1.44198e+16
1.47035e+16
1.49186e+16
1.52004e+16
1.54198e+16
1.56567e+16
1.57519e+16
1.59225e+16
1.60496e+16
1.60989e+16
1.62142e+16
1.61896e+16
1.61849e+16
1.61611e+16
1.61097e+16
1.60199e+16
1.59438e+16
1.57893e+16
1.5696e+16
1.55061e+16
1.53132e+16
1.5078e+16
1.48389e+16
1.45545e+16
1.43556e+16
1.40398e+16
1.37296e+16
1.34092e+16
1.30371e+16
1.27049e+16
1.23211e+16
1.19757e+16
1.1611e+16
1.12631e+16
1.08377e+16
1.04171e+16
9.95717e+15
9.52068e+15
9.09614e+15
8.67989e+15
8.26006e+15
7.7863e+15
7.36591e+15
6.94013e+15
6.40942e+15
5.9503e+15
5.46252e+15
4.99229e+15
4.47819e+15
3.95194e+15
3.37894e+15
2.82073e+15
2.2223e+15
1.59103e+15
8.58215e+14
8.7121e+14
1.67576e+15
2.32745e+15
2.96589e+15
3.61659e+15
4.26885e+15
4.91674e+15
5.53534e+15
6.17845e+15
6.8104e+15
7.41148e+15
8.01138e+15
8.56927e+15
9.13261e+15
9.671e+15
1.01682e+16
1.06574e+16
1.11522e+16
1.16463e+16
1.21439e+16
1.2554e+16
1.30113e+16
1.33629e+16
1.36929e+16
1.40503e+16
1.43755e+16
1.46366e+16
1.49226e+16
1.51871e+16
1.54106e+16
1.5575e+16
1.57165e+16
1.58799e+16
1.60013e+16
1.60767e+16
1.61321e+16
1.61129e+16
1.61012e+16
1.6069e+16
1.60208e+16
1.59938e+16
1.58243e+16
1.57382e+16
1.55879e+16
1.53839e+16
1.52223e+16
1.49878e+16
1.47243e+16
1.44902e+16
1.41617e+16
1.39448e+16
1.36119e+16
1.33638e+16
1.29519e+16
1.26049e+16
1.2159e+16
1.18756e+16
1.14244e+16
1.11107e+16
1.0711e+16
1.0288e+16
9.84548e+15
9.39278e+15
9.00406e+15
8.5689e+15
8.1312e+15
7.66183e+15
7.25495e+15
6.8068e+15
6.35315e+15
5.84641e+15
5.35625e+15
4.8933e+15
4.4269e+15
3.89664e+15
3.35469e+15
2.78257e+15
2.21325e+15
1.58991e+15
8.46728e+14
8.71201e+14
1.66701e+15
2.32454e+15
2.95593e+15
3.60389e+15
4.2494e+15
4.88323e+15
5.53182e+15
6.1411e+15
6.74833e+15
7.3741e+15
7.95371e+15
8.56497e+15
9.12446e+15
9.63055e+15
1.0181e+16
1.06533e+16
1.11557e+16
1.16235e+16
1.20972e+16
1.25495e+16
1.29435e+16
1.33093e+16
1.36597e+16
1.40015e+16
1.43058e+16
1.46117e+16
1.48644e+16
1.50909e+16
1.5325e+16
1.55277e+16
1.5652e+16
1.57826e+16
1.58801e+16
1.59992e+16
1.60336e+16
1.6058e+16
1.60681e+16
1.59853e+16
1.59128e+16
1.58575e+16
1.57204e+16
1.56514e+16
1.54991e+16
1.53287e+16
1.50964e+16
1.48581e+16
1.4587e+16
1.43257e+16
1.40708e+16
1.37496e+16
1.34401e+16
1.31504e+16
1.28279e+16
1.24823e+16
1.20634e+16
1.17233e+16
1.13057e+16
1.09145e+16
1.05625e+16
1.01385e+16
9.73014e+15
9.26165e+15
8.85808e+15
8.40423e+15
8.03763e+15
7.58858e+15
7.14605e+15
6.70733e+15
6.22831e+15
5.78223e+15
5.33582e+15
4.84545e+15
4.34658e+15
3.85778e+15
3.32111e+15
2.77306e+15
2.19887e+15
1.58733e+15
8.23939e+14
8.68401e+14
1.64798e+15
2.30034e+15
2.9465e+15
3.59245e+15
4.2125e+15
4.86183e+15
5.47544e+15
6.08133e+15
6.74484e+15
7.32995e+15
7.92803e+15
8.53341e+15
9.08097e+15
9.6301e+15
1.01198e+16
1.06353e+16
1.1168e+16
1.15603e+16
1.20552e+16
1.24505e+16
1.28302e+16
1.32346e+16
1.3614e+16
1.39314e+16
1.42605e+16
1.45336e+16
1.4788e+16
1.50879e+16
1.53062e+16
1.54466e+16
1.5591e+16
1.56961e+16
1.57534e+16
1.58497e+16
1.58645e+16
1.59141e+16
1.58665e+16
1.58188e+16
1.57681e+16
1.57178e+16
1.56229e+16
1.55211e+16
1.53661e+16
1.52043e+16
1.49699e+16
1.4771e+16
1.44675e+16
1.41811e+16
1.39276e+16
1.36159e+16
1.33123e+16
1.30067e+16
1.26313e+16
1.23136e+16
1.19541e+16
1.15784e+16
1.11778e+16
1.07871e+16
1.0367e+16
9.95332e+15
9.56674e+15
9.15791e+15
8.71654e+15
8.27061e+15
7.82308e+15
7.39403e+15
6.99855e+15
6.58005e+15
6.13158e+15
5.68038e+15
5.18713e+15
4.72028e+15
4.26751e+15
3.79084e+15
3.27155e+15
2.73399e+15
2.18495e+15
1.56406e+15
8.16658e+14
8.44761e+14
1.63224e+15
2.28037e+15
2.92513e+15
3.58304e+15
4.19613e+15
4.84981e+15
5.47483e+15
6.06718e+15
6.6879e+15
7.28336e+15
7.89613e+15
8.49933e+15
9.0263e+15
9.60321e+15
1.00951e+16
1.06169e+16
1.10869e+16
1.15561e+16
1.19732e+16
1.23626e+16
1.2777e+16
1.31326e+16
1.35236e+16
1.38581e+16
1.41441e+16
1.44177e+16
1.47012e+16
1.4942e+16
1.51762e+16
1.53335e+16
1.54614e+16
1.55726e+16
1.56702e+16
1.57458e+16
1.57874e+16
1.57904e+16
1.57559e+16
1.56798e+16
1.56494e+16
1.5582e+16
1.54987e+16
1.53299e+16
1.51769e+16
1.49675e+16
1.47721e+16
1.45601e+16
1.42981e+16
1.40251e+16
1.37797e+16
1.34499e+16
1.31561e+16
1.28449e+16
1.25108e+16
1.20968e+16
1.17552e+16
1.1397e+16
1.10319e+16
1.05662e+16
1.02272e+16
9.78843e+15
9.36787e+15
8.9643e+15
8.55348e+15
8.11207e+15
7.69697e+15
7.25105e+15
6.83813e+15
6.42052e+15
5.94976e+15
5.58475e+15
5.09634e+15
4.63911e+15
4.16568e+15
3.68192e+15
3.21049e+15
2.68482e+15
2.11402e+15
1.54411e+15
8.11123e+14
8.31652e+14
1.60373e+15
2.24474e+15
2.9245e+15
3.53068e+15
4.16992e+15
4.82215e+15
5.42986e+15
6.02223e+15
6.66056e+15
7.23022e+15
7.85e+15
8.46385e+15
8.95656e+15
9.52228e+15
1.00572e+16
1.05156e+16
1.1015e+16
1.14344e+16
1.18603e+16
1.22821e+16
1.26833e+16
1.30291e+16
1.34178e+16
1.37354e+16
1.40356e+16
1.43453e+16
1.46027e+16
1.48478e+16
1.50214e+16
1.52006e+16
1.53254e+16
1.55112e+16
1.55321e+16
1.55882e+16
1.5654e+16
1.56081e+16
1.55942e+16
1.55235e+16
1.55003e+16
1.53722e+16
1.52948e+16
1.51441e+16
1.49999e+16
1.47814e+16
1.4549e+16
1.43681e+16
1.41137e+16
1.38794e+16
1.35931e+16
1.32974e+16
1.29513e+16
1.26059e+16
1.23185e+16
1.19412e+16
1.15946e+16
1.12021e+16
1.08731e+16
1.04297e+16
1.00124e+16
9.62151e+15
9.18732e+15
8.78591e+15
8.37773e+15
7.94908e+15
7.50021e+15
7.0562e+15
6.6455e+15
6.26865e+15
5.82373e+15
5.40615e+15
4.95526e+15
4.50657e+15
4.07393e+15
3.60655e+15
3.13415e+15
2.63652e+15
2.09251e+15
1.51245e+15
8.04397e+14
8.19291e+14
1.55221e+15
2.21538e+15
2.82751e+15
3.49912e+15
4.13971e+15
4.77366e+15
5.35603e+15
5.99446e+15
6.6152e+15
7.18167e+15
7.80319e+15
8.34627e+15
8.88981e+15
9.47474e+15
9.94817e+15
1.04323e+16
1.08995e+16
1.13596e+16
1.17499e+16
1.21833e+16
1.24917e+16
1.29193e+16
1.32967e+16
1.35753e+16
1.39055e+16
1.41904e+16
1.44493e+16
1.46692e+16
1.48716e+16
1.50604e+16
1.52051e+16
1.52933e+16
1.53432e+16
1.54179e+16
1.54564e+16
1.53879e+16
1.53705e+16
1.53182e+16
1.5301e+16
1.52109e+16
1.50858e+16
1.4919e+16
1.47724e+16
1.45554e+16
1.43492e+16
1.41359e+16
1.39119e+16
1.36557e+16
1.33443e+16
1.30831e+16
1.27986e+16
1.24373e+16
1.2099e+16
1.17597e+16
1.14073e+16
1.10131e+16
1.06248e+16
1.02419e+16
9.80168e+15
9.40046e+15
9.01674e+15
8.59501e+15
8.19367e+15
7.78783e+15
7.34446e+15
6.91079e+15
6.4659e+15
6.10641e+15
5.68917e+15
5.26969e+15
4.83009e+15
4.39208e+15
3.96923e+15
3.5212e+15
3.07883e+15
2.58375e+15
2.03707e+15
1.478e+15
7.94586e+14
7.90468e+14
1.54489e+15
2.19938e+15
2.81575e+15
3.49166e+15
4.08338e+15
4.68138e+15
5.31704e+15
5.92922e+15
6.52434e+15
7.10895e+15
7.6874e+15
8.30257e+15
8.83769e+15
9.32405e+15
9.86589e+15
1.03303e+16
1.08431e+16
1.12106e+16
1.16106e+16
1.20119e+16
1.23883e+16
1.27965e+16
1.31328e+16
1.34509e+16
1.37204e+16
1.39971e+16
1.42288e+16
1.44697e+16
1.46784e+16
1.48484e+16
1.48864e+16
1.50008e+16
1.51347e+16
1.51464e+16
1.51797e+16
1.51773e+16
1.51977e+16
1.50907e+16
1.505e+16
1.49602e+16
1.48429e+16
1.46962e+16
1.45859e+16
1.4359e+16
1.41573e+16
1.38901e+16
1.36573e+16
1.33972e+16
1.31476e+16
1.2845e+16
1.25831e+16
1.22297e+16
1.18783e+16
1.15398e+16
1.11587e+16
1.07744e+16
1.03657e+16
1.00161e+16
9.58587e+15
9.23344e+15
8.79428e+15
8.33848e+15
7.95216e+15
7.56062e+15
7.12545e+15
6.7203e+15
6.32176e+15
5.89443e+15
5.49868e+15
5.08547e+15
4.68244e+15
4.2578e+15
3.83926e+15
3.41913e+15
2.99622e+15
2.52462e+15
2.01307e+15
1.46536e+15
7.77244e+14
7.85057e+14
1.52327e+15
2.13727e+15
2.80058e+15
3.41208e+15
4.02838e+15
4.64335e+15
5.23285e+15
5.85206e+15
6.4664e+15
7.04182e+15
7.61673e+15
8.21251e+15
8.71481e+15
9.26477e+15
9.71115e+15
1.01877e+16
1.06872e+16
1.10945e+16
1.14904e+16
1.18889e+16
1.2244e+16
1.26092e+16
1.29691e+16
1.32461e+16
1.35203e+16
1.37735e+16
1.40276e+16
1.42199e+16
1.44267e+16
1.45404e+16
1.46559e+16
1.48868e+16
1.48787e+16
1.49509e+16
1.49511e+16
1.49556e+16
1.48949e+16
1.48633e+16
1.479e+16
1.46886e+16
1.46117e+16
1.4456e+16
1.43123e+16
1.4128e+16
1.38175e+16
1.36881e+16
1.3417e+16
1.31509e+16
1.28924e+16
1.25789e+16
1.22938e+16
1.2032e+16
1.16655e+16
1.13338e+16
1.0979e+16
1.05578e+16
1.01691e+16
9.78653e+15
9.36752e+15
9.00716e+15
8.63081e+15
8.1772e+15
7.7412e+15
7.36749e+15
6.9354e+15
6.51968e+15
6.10967e+15
5.74014e+15
5.32931e+15
4.91757e+15
4.52652e+15
4.13462e+15
3.7361e+15
3.31114e+15
2.89518e+15
2.45623e+15
1.973e+15
1.428e+15
7.46619e+14
7.66327e+14
1.49545e+15
2.11892e+15
2.73141e+15
3.36139e+15
3.95395e+15
4.56465e+15
5.17745e+15
5.76367e+15
6.36453e+15
6.91455e+15
7.4984e+15
8.07731e+15
8.58297e+15
9.09225e+15
9.62348e+15
1.00979e+16
1.05568e+16
1.09132e+16
1.12909e+16
1.16562e+16
1.20374e+16
1.24155e+16
1.27191e+16
1.29992e+16
1.32987e+16
1.35691e+16
1.37399e+16
1.39676e+16
1.417e+16
1.43207e+16
1.45047e+16
1.45693e+16
1.45766e+16
1.4679e+16
1.46413e+16
1.46832e+16
1.46526e+16
1.46201e+16
1.45669e+16
1.44168e+16
1.42762e+16
1.41248e+16
1.39588e+16
1.38362e+16
1.36158e+16
1.33893e+16
1.32105e+16
1.29406e+16
1.26951e+16
1.23866e+16
1.20692e+16
1.17773e+16
1.1449e+16
1.10815e+16
1.07615e+16
1.03888e+16
9.97308e+15
9.54415e+15
9.12966e+15
8.72134e+15
8.32653e+15
7.93168e+15
7.51332e+15
7.09701e+15
6.70905e+15
6.28442e+15
5.90144e+15
5.52761e+15
5.12342e+15
4.74783e+15
4.35119e+15
3.9811e+15
3.6002e+15
3.20676e+15
2.80312e+15
2.37203e+15
1.88092e+15
1.36562e+15
7.27826e+14
7.52426e+14
1.4524e+15
2.06764e+15
2.66828e+15
3.27188e+15
3.85321e+15
4.47434e+15
5.07936e+15
5.64805e+15
6.2444e+15
6.81904e+15
7.3771e+15
7.92795e+15
8.44553e+15
8.96326e+15
9.47454e+15
9.89386e+15
1.03674e+16
1.07267e+16
1.10847e+16
1.14481e+16
1.1815e+16
1.21391e+16
1.24385e+16
1.274e+16
1.30477e+16
1.32335e+16
1.3448e+16
1.37143e+16
1.38781e+16
1.40619e+16
1.41657e+16
1.42473e+16
1.43104e+16
1.44129e+16
1.43877e+16
1.44273e+16
1.4357e+16
1.43349e+16
1.41862e+16
1.41072e+16
1.39896e+16
1.37922e+16
1.37055e+16
1.35348e+16
1.33635e+16
1.3167e+16
1.29076e+16
1.26849e+16
1.23977e+16
1.20633e+16
1.17957e+16
1.15264e+16
1.11627e+16
1.08404e+16
1.04829e+16
1.0122e+16
9.74767e+15
9.33975e+15
8.94145e+15
8.53699e+15
8.14957e+15
7.71505e+15
7.30779e+15
6.88469e+15
6.4883e+15
6.07368e+15
5.65404e+15
5.31153e+15
4.92814e+15
4.55757e+15
4.19381e+15
3.81351e+15
3.457e+15
3.07763e+15
2.68227e+15
2.28236e+15
1.81464e+15
1.31236e+15
6.96646e+14
7.32314e+14
1.44207e+15
2.03156e+15
2.61986e+15
3.2127e+15
3.83762e+15
4.42114e+15
4.99107e+15
5.55715e+15
6.14277e+15
6.70167e+15
7.22908e+15
7.78027e+15
8.28337e+15
8.77527e+15
9.25133e+15
9.70161e+15
1.01615e+16
1.0503e+16
1.0864e+16
1.12301e+16
1.15719e+16
1.19112e+16
1.22031e+16
1.24757e+16
1.27415e+16
1.29225e+16
1.32198e+16
1.33934e+16
1.358e+16
1.37029e+16
1.37786e+16
1.39028e+16
1.40187e+16
1.40325e+16
1.40386e+16
1.40203e+16
1.40122e+16
1.39728e+16
1.38584e+16
1.38082e+16
1.36658e+16
1.35314e+16
1.34085e+16
1.32266e+16
1.3092e+16
1.28354e+16
1.26079e+16
1.23658e+16
1.21278e+16
1.18325e+16
1.15451e+16
1.12287e+16
1.09266e+16
1.05879e+16
1.02478e+16
9.85692e+15
9.47522e+15
9.08007e+15
8.7015e+15
8.26333e+15
7.8881e+15
7.49096e+15
7.05968e+15
6.66259e+15
6.24589e+15
5.86987e+15
5.47293e+15
5.10765e+15
4.7274e+15
4.38295e+15
4.01212e+15
3.66838e+15
3.3016e+15
2.95333e+15
2.58329e+15
2.19086e+15
1.77601e+15
1.29337e+15
6.78455e+14
7.14772e+14
1.38969e+15
1.97335e+15
2.54652e+15
3.12074e+15
3.73944e+15
4.30384e+15
4.87077e+15
5.4564e+15
6.01493e+15
6.56951e+15
7.10075e+15
7.63126e+15
8.14225e+15
8.64205e+15
9.06007e+15
9.51124e+15
9.92319e+15
1.02963e+16
1.06306e+16
1.09913e+16
1.13217e+16
1.16095e+16
1.18871e+16
1.21923e+16
1.24554e+16
1.26282e+16
1.28545e+16
1.30369e+16
1.32282e+16
1.33437e+16
1.34688e+16
1.35531e+16
1.35832e+16
1.36396e+16
1.36636e+16
1.36117e+16
1.36688e+16
1.36056e+16
1.3489e+16
1.34486e+16
1.33218e+16
1.31627e+16
1.30357e+16
1.2944e+16
1.27062e+16
1.25207e+16
1.23353e+16
1.206e+16
1.17909e+16
1.15521e+16
1.12256e+16
1.09251e+16
1.0603e+16
1.02892e+16
9.96224e+15
9.59094e+15
9.21803e+15
8.82833e+15
8.46074e+15
8.08297e+15
7.65232e+15
7.26288e+15
6.86448e+15
6.44602e+15
6.03142e+15
5.65158e+15
5.24965e+15
4.85689e+15
4.52806e+15
4.15541e+15
3.82043e+15
3.4754e+15
3.15752e+15
2.81823e+15
2.45584e+15
2.0805e+15
1.67914e+15
1.23457e+15
6.46795e+14
6.8656e+14
1.35742e+15
1.94981e+15
2.498e+15
3.08223e+15
3.67101e+15
4.21966e+15
4.77423e+15
5.34101e+15
5.87721e+15
6.41349e+15
6.93971e+15
7.44664e+15
7.95605e+15
8.36921e+15
8.82859e+15
9.3065e+15
9.70831e+15
1.00492e+16
1.03603e+16
1.07213e+16
1.09788e+16
1.12798e+16
1.15808e+16
1.18483e+16
1.2053e+16
1.22628e+16
1.252e+16
1.2685e+16
1.28171e+16
1.29189e+16
1.30407e+16
1.30525e+16
1.31613e+16
1.32444e+16
1.32196e+16
1.31962e+16
1.32384e+16
1.31766e+16
1.3136e+16
1.30538e+16
1.29724e+16
1.27946e+16
1.26818e+16
1.25287e+16
1.23934e+16
1.21998e+16
1.19776e+16
1.1745e+16
1.14581e+16
1.12194e+16
1.09249e+16
1.06669e+16
1.03626e+16
1.00078e+16
9.70496e+15
9.34408e+15
8.97191e+15
8.58702e+15
8.1961e+15
7.83849e+15
7.40883e+15
7.00102e+15
6.61598e+15
6.22611e+15
5.81492e+15
5.44312e+15
5.04809e+15
4.67103e+15
4.31067e+15
3.95888e+15
3.60587e+15
3.29759e+15
2.96029e+15
2.66324e+15
2.32386e+15
1.97567e+15
1.61023e+15
1.20031e+15
6.3906e+14
6.61015e+14
1.33037e+15
1.89372e+15
2.43734e+15
3.00139e+15
3.57995e+15
4.12074e+15
4.65937e+15
5.21893e+15
5.74652e+15
6.28232e+15
6.7657e+15
7.28415e+15
7.7633e+15
8.17993e+15
8.64608e+15
9.05067e+15
9.43224e+15
9.7885e+15
1.01057e+16
1.0374e+16
1.06458e+16
1.09692e+16
1.12143e+16
1.14563e+16
1.16715e+16
1.18648e+16
1.20905e+16
1.2254e+16
1.23963e+16
1.25335e+16
1.25257e+16
1.27156e+16
1.27909e+16
1.27654e+16
1.28246e+16
1.2866e+16
1.28538e+16
1.27689e+16
1.26907e+16
1.2609e+16
1.2525e+16
1.23787e+16
1.2276e+16
1.20814e+16
1.19682e+16
1.1849e+16
1.15748e+16
1.13431e+16
1.113e+16
1.08752e+16
1.06032e+16
1.03325e+16
1.0051e+16
9.72997e+15
9.38775e+15
9.05954e+15
8.71858e+15
8.32027e+15
7.99135e+15
7.59301e+15
7.19566e+15
6.76293e+15
6.38008e+15
5.98161e+15
5.61026e+15
5.21828e+15
4.81575e+15
4.46047e+15
4.11445e+15
3.76856e+15
3.43735e+15
3.09844e+15
2.79934e+15
2.4937e+15
2.20148e+15
1.87492e+15
1.53585e+15
1.13775e+15
6.16737e+14
6.43355e+14
1.27646e+15
1.82794e+15
2.36341e+15
2.92604e+15
3.46022e+15
4.01491e+15
4.55075e+15
5.07493e+15
5.60159e+15
6.116e+15
6.60459e+15
7.09395e+15
7.50736e+15
7.9399e+15
8.36962e+15
8.76302e+15
9.11393e+15
9.42791e+15
9.71327e+15
1.0024e+16
1.02766e+16
1.06088e+16
1.07999e+16
1.10514e+16
1.12502e+16
1.14512e+16
1.16199e+16
1.17855e+16
1.18692e+16
1.20252e+16
1.20984e+16
1.22339e+16
1.22434e+16
1.22684e+16
1.23225e+16
1.23193e+16
1.23172e+16
1.23236e+16
1.2267e+16
1.21322e+16
1.20537e+16
1.19353e+16
1.18241e+16
1.16558e+16
1.15717e+16
1.13687e+16
1.12298e+16
1.09953e+16
1.08097e+16
1.05365e+16
1.0207e+16
9.9692e+15
9.69994e+15
9.42394e+15
9.08187e+15
8.74286e+15
8.40344e+15
8.06835e+15
7.67864e+15
7.34456e+15
6.97501e+15
6.55381e+15
6.14462e+15
5.77539e+15
5.37254e+15
4.99813e+15
4.61926e+15
4.25108e+15
3.90472e+15
3.54841e+15
3.23319e+15
2.91745e+15
2.61193e+15
2.32667e+15
2.03125e+15
1.75269e+15
1.4439e+15
1.08479e+15
5.79408e+14
6.18123e+14
1.22636e+15
1.76683e+15
2.29414e+15
2.83475e+15
3.37367e+15
3.90352e+15
4.42155e+15
4.95858e+15
5.44252e+15
5.91246e+15
6.38691e+15
6.8502e+15
7.27035e+15
7.69123e+15
8.07791e+15
8.4408e+15
8.79176e+15
9.09067e+15
9.37113e+15
9.65147e+15
9.90403e+15
1.01702e+16
1.03507e+16
1.06247e+16
1.08026e+16
1.09761e+16
1.11429e+16
1.12989e+16
1.1419e+16
1.15294e+16
1.16201e+16
1.16866e+16
1.17235e+16
1.17834e+16
1.1778e+16
1.17875e+16
1.17932e+16
1.1805e+16
1.17624e+16
1.16823e+16
1.15537e+16
1.14607e+16
1.13204e+16
1.11928e+16
1.10509e+16
1.08984e+16
1.07433e+16
1.05711e+16
1.03786e+16
1.01527e+16
9.92628e+15
9.66834e+15
9.36367e+15
9.09364e+15
8.78843e+15
8.47154e+15
8.08199e+15
7.78248e+15
7.40645e+15
7.11308e+15
6.74787e+15
6.3317e+15
5.9325e+15
5.56969e+15
5.20611e+15
4.80916e+15
4.42989e+15
4.04415e+15
3.73113e+15
3.37019e+15
3.04025e+15
2.73524e+15
2.438e+15
2.15686e+15
1.89402e+15
1.63878e+15
1.36396e+15
1.02925e+15
5.62027e+14
5.8545e+14
1.18678e+15
1.69065e+15
2.20021e+15
2.73161e+15
3.23449e+15
3.7679e+15
4.28502e+15
4.79409e+15
5.25672e+15
5.7345e+15
6.18666e+15
6.62119e+15
7.01188e+15
7.39088e+15
7.75795e+15
8.10796e+15
8.43537e+15
8.67128e+15
8.96512e+15
9.25479e+15
9.51696e+15
9.70537e+15
9.91636e+15
1.01752e+16
1.03352e+16
1.04865e+16
1.06381e+16
1.07606e+16
1.09215e+16
1.09846e+16
1.11073e+16
1.11263e+16
1.11573e+16
1.12181e+16
1.12624e+16
1.12631e+16
1.12408e+16
1.12163e+16
1.11187e+16
1.11075e+16
1.10785e+16
1.09864e+16
1.08587e+16
1.07523e+16
1.05683e+16
1.04485e+16
1.02617e+16
1.01089e+16
9.85553e+15
9.74794e+15
9.52401e+15
9.26897e+15
9.00725e+15
8.76573e+15
8.45344e+15
8.16057e+15
7.83525e+15
7.47641e+15
7.1457e+15
6.85396e+15
6.49815e+15
6.14028e+15
5.71089e+15
5.34999e+15
4.98275e+15
4.61854e+15
4.22566e+15
3.87592e+15
3.52446e+15
3.17639e+15
2.83881e+15
2.5523e+15
2.27694e+15
2.00076e+15
1.7366e+15
1.50058e+15
1.25798e+15
9.75025e+14
5.27868e+14
5.59855e+14
1.1378e+15
1.64987e+15
2.13345e+15
2.61201e+15
3.13e+15
3.65542e+15
4.14117e+15
4.63636e+15
5.07667e+15
5.50916e+15
5.95495e+15
6.33573e+15
6.70089e+15
7.09746e+15
7.42417e+15
7.74702e+15
8.03893e+15
8.29851e+15
8.5529e+15
8.8105e+15
9.03219e+15
9.22974e+15
9.44264e+15
9.65097e+15
9.81236e+15
9.92362e+15
1.00628e+16
1.01959e+16
1.0325e+16
1.04176e+16
1.05211e+16
1.06009e+16
1.05728e+16
1.0666e+16
1.0724e+16
1.07294e+16
1.06776e+16
1.06237e+16
1.05531e+16
1.0541e+16
1.04962e+16
1.04068e+16
1.03437e+16
1.02337e+16
1.00953e+16
9.96121e+15
9.78542e+15
9.62056e+15
9.43731e+15
9.27586e+15
9.08557e+15
8.85105e+15
8.57081e+15
8.31347e+15
8.03344e+15
7.80828e+15
7.52839e+15
7.18341e+15
6.86996e+15
6.57845e+15
6.26043e+15
5.89355e+15
5.50097e+15
5.12896e+15
4.79406e+15
4.42606e+15
4.06913e+15
3.6883e+15
3.35119e+15
3.0029e+15
2.68607e+15
2.38456e+15
2.10286e+15
1.85063e+15
1.60486e+15
1.37654e+15
1.17793e+15
9.00174e+14
4.78807e+14
5.32683e+14
1.08399e+15
1.56691e+15
2.06291e+15
2.53451e+15
3.00797e+15
3.51732e+15
3.98248e+15
4.4336e+15
4.84773e+15
5.28549e+15
5.68416e+15
6.06144e+15
6.43897e+15
6.75372e+15
7.03405e+15
7.33585e+15
7.60283e+15
7.85299e+15
8.09083e+15
8.30761e+15
8.49081e+15
8.73376e+15
8.91078e+15
9.13831e+15
9.23572e+15
9.34214e+15
9.49286e+15
9.57897e+15
9.7171e+15
9.80895e+15
9.87949e+15
9.95089e+15
9.95862e+15
1.00378e+16
1.00511e+16
1.00638e+16
1.00676e+16
9.99844e+15
1.00027e+16
9.96942e+15
9.91886e+15
9.84635e+15
9.71608e+15
9.63429e+15
9.54197e+15
9.41528e+15
9.32426e+15
9.12704e+15
9.00622e+15
8.83755e+15
8.66245e+15
8.40512e+15
8.19945e+15
7.96298e+15
7.69042e+15
7.46424e+15
7.19791e+15
6.88185e+15
6.58615e+15
6.29028e+15
5.98459e+15
5.66533e+15
5.28749e+15
4.92922e+15
4.59398e+15
4.24926e+15
3.87022e+15
3.54827e+15
3.1885e+15
2.84175e+15
2.51691e+15
2.20457e+15
1.94291e+15
1.69042e+15
1.46027e+15
1.24858e+15
1.05776e+15
8.24611e+14
4.59758e+14
4.90928e+14
1.02607e+15
1.49902e+15
1.97631e+15
2.42324e+15
2.89586e+15
3.38155e+15
3.81079e+15
4.25641e+15
4.65875e+15
5.04372e+15
5.40006e+15
5.74808e+15
6.08747e+15
6.3645e+15
6.64069e+15
6.89977e+15
7.15417e+15
7.36598e+15
7.56793e+15
7.79808e+15
7.9528e+15
8.15214e+15
8.3542e+15
8.53415e+15
8.62409e+15
8.74576e+15
8.86063e+15
8.95514e+15
9.07432e+15
9.10706e+15
9.17148e+15
9.26738e+15
9.31519e+15
9.33445e+15
9.34817e+15
9.36597e+15
9.41755e+15
9.37773e+15
9.34548e+15
9.31302e+15
9.30318e+15
9.23695e+15
9.15241e+15
9.05383e+15
9.00095e+15
8.89563e+15
8.74216e+15
8.64818e+15
8.47814e+15
8.33763e+15
8.14996e+15
7.97104e+15
7.74493e+15
7.48534e+15
7.27964e+15
7.09067e+15
6.85034e+15
6.57028e+15
6.27693e+15
5.98684e+15
5.71289e+15
5.37709e+15
5.1059e+15
4.74585e+15
4.40706e+15
4.06394e+15
3.70974e+15
3.35915e+15
3.02784e+15
2.67831e+15
2.3678e+15
2.07957e+15
1.79612e+15
1.55474e+15
1.33157e+15
1.12457e+15
9.47509e+14
7.43372e+14
4.25896e+14
4.6755e+14
9.66085e+14
1.4398e+15
1.88674e+15
2.32396e+15
2.77435e+15
3.22261e+15
3.63831e+15
4.05102e+15
4.3839e+15
4.77849e+15
5.11026e+15
5.41948e+15
5.70345e+15
5.95362e+15
6.18034e+15
6.41223e+15
6.62612e+15
6.83035e+15
7.02906e+15
7.21735e+15
7.37492e+15
7.5129e+15
7.70641e+15
7.82347e+15
7.95957e+15
8.03674e+15
8.14104e+15
8.23698e+15
8.31311e+15
8.3931e+15
8.43577e+15
8.50187e+15
8.55818e+15
8.61425e+15
8.63535e+15
8.67415e+15
8.67326e+15
8.67133e+15
8.64597e+15
8.63296e+15
8.63627e+15
8.58179e+15
8.52948e+15
8.42895e+15
8.34634e+15
8.22612e+15
8.14423e+15
8.03799e+15
7.88166e+15
7.74222e+15
7.60597e+15
7.42436e+15
7.23523e+15
7.05596e+15
6.86323e+15
6.67171e+15
6.45333e+15
6.20472e+15
5.93272e+15
5.72702e+15
5.4155e+15
5.1188e+15
4.81628e+15
4.52528e+15
4.20236e+15
3.87656e+15
3.53613e+15
3.19832e+15
2.87731e+15
2.5649e+15
2.23741e+15
1.93307e+15
1.66455e+15
1.41408e+15
1.19842e+15
1.00691e+15
8.434e+14
6.57754e+14
3.72339e+14
4.38015e+14
9.11951e+14
1.36738e+15
1.80479e+15
2.21751e+15
2.66441e+15
3.0707e+15
3.45322e+15
3.81421e+15
4.15512e+15
4.49103e+15
4.77152e+15
5.0334e+15
5.26934e+15
5.48801e+15
5.69474e+15
5.89859e+15
6.07061e+15
6.27626e+15
6.4116e+15
6.60759e+15
6.76892e+15
6.86808e+15
7.02349e+15
7.13406e+15
7.23064e+15
7.35891e+15
7.40954e+15
7.49932e+15
7.5737e+15
7.65302e+15
7.71353e+15
7.75097e+15
7.8456e+15
7.86123e+15
7.89696e+15
7.93195e+15
7.97236e+15
7.97766e+15
7.99007e+15
7.93892e+15
7.91321e+15
7.8832e+15
7.81619e+15
7.76148e+15
7.70829e+15
7.59909e+15
7.52406e+15
7.40885e+15
7.30522e+15
7.17487e+15
7.06597e+15
6.91905e+15
6.76169e+15
6.60969e+15
6.4279e+15
6.24322e+15
6.03681e+15
5.8422e+15
5.61662e+15
5.39044e+15
5.11054e+15
4.84497e+15
4.59491e+15
4.29516e+15
3.97675e+15
3.67183e+15
3.3591e+15
3.04543e+15
2.7404e+15
2.41983e+15
2.11791e+15
1.8234e+15
1.53829e+15
1.30579e+15
1.0886e+15
8.94665e+14
7.43483e+14
5.83825e+14
3.28656e+14
4.05515e+14
8.64503e+14
1.2904e+15
1.70838e+15
2.10448e+15
2.5073e+15
2.89048e+15
3.23552e+15
3.56916e+15
3.85094e+15
4.14073e+15
4.38527e+15
4.60537e+15
4.78638e+15
4.98124e+15
5.16871e+15
5.35383e+15
5.48751e+15
5.63398e+15
5.79311e+15
5.93317e+15
6.06985e+15
6.16765e+15
6.27218e+15
6.39929e+15
6.45275e+15
6.57152e+15
6.66973e+15
6.72484e+15
6.81588e+15
6.86136e+15
6.91745e+15
6.95738e+15
7.01678e+15
7.05727e+15
7.08802e+15
7.13875e+15
7.17977e+15
7.16473e+15
7.1543e+15
7.15226e+15
7.13195e+15
7.11067e+15
7.08515e+15
7.02607e+15
6.98399e+15
6.91419e+15
6.85478e+15
6.7648e+15
6.68152e+15
6.58021e+15
6.47077e+15
6.33168e+15
6.21261e+15
6.07162e+15
5.92294e+15
5.76226e+15
5.58336e+15
5.42888e+15
5.20974e+15
5.00177e+15
4.77922e+15
4.56179e+15
4.30083e+15
4.02394e+15
3.76825e+15
3.49134e+15
3.20947e+15
2.89766e+15
2.61241e+15
2.3161e+15
2.01376e+15
1.72525e+15
1.45112e+15
1.20006e+15
9.82147e+14
7.88961e+14
6.49027e+14
4.96269e+14
2.88241e+14
3.60853e+14
7.95794e+14
1.20921e+15
1.61275e+15
2.00146e+15
2.36284e+15
2.69651e+15
2.99994e+15
3.27466e+15
3.52151e+15
3.7726e+15
3.93e+15
4.12598e+15
4.30188e+15
4.4495e+15
4.6107e+15
4.74024e+15
4.85845e+15
4.98829e+15
5.08694e+15
5.21407e+15
5.31628e+15
5.43744e+15
5.53079e+15
5.63057e+15
5.69182e+15
5.77514e+15
5.85129e+15
5.92492e+15
5.97231e+15
6.0424e+15
6.07508e+15
6.14825e+15
6.17785e+15
6.21671e+15
6.2488e+15
6.2769e+15
6.29427e+15
6.32746e+15
6.3274e+15
6.33235e+15
6.32045e+15
6.31268e+15
6.28448e+15
6.27223e+15
6.22463e+15
6.1895e+15
6.12536e+15
6.06406e+15
5.99987e+15
5.91739e+15
5.82564e+15
5.71881e+15
5.61722e+15
5.47846e+15
5.37018e+15
5.23248e+15
5.11548e+15
4.94914e+15
4.79349e+15
4.59744e+15
4.43028e+15
4.20106e+15
3.97191e+15
3.73546e+15
3.50447e+15
3.25718e+15
3.01641e+15
2.73151e+15
2.47671e+15
2.19383e+15
1.89952e+15
1.62995e+15
1.37208e+15
1.11338e+15
9.19753e+14
7.04412e+14
5.56053e+14
4.21479e+14
2.57525e+14
3.50224e+14
7.64168e+14
1.13724e+15
1.52544e+15
1.86145e+15
2.18417e+15
2.48879e+15
2.72497e+15
2.95517e+15
3.1333e+15
3.30642e+15
3.47568e+15
3.6179e+15
3.72638e+15
3.8569e+15
3.95939e+15
4.08966e+15
4.20038e+15
4.2884e+15
4.35199e+15
4.45613e+15
4.55183e+15
4.64102e+15
4.73363e+15
4.798e+15
4.8734e+15
4.94462e+15
5.01126e+15
5.07294e+15
5.13434e+15
5.17613e+15
5.22649e+15
5.25744e+15
5.32617e+15
5.33436e+15
5.39649e+15
5.40587e+15
5.43868e+15
5.45693e+15
5.4895e+15
5.4969e+15
5.53204e+15
5.50086e+15
5.51234e+15
5.47427e+15
5.47452e+15
5.4436e+15
5.39434e+15
5.35362e+15
5.29357e+15
5.23965e+15
5.14946e+15
5.07682e+15
4.9764e+15
4.89302e+15
4.7889e+15
4.67034e+15
4.56301e+15
4.43055e+15
4.30132e+15
4.13464e+15
4.00124e+15
3.80636e+15
3.64332e+15
3.44268e+15
3.24067e+15
3.04829e+15
2.83283e+15
2.58761e+15
2.34547e+15
2.09325e+15
1.82514e+15
1.55271e+15
1.30536e+15
1.05632e+15
8.38253e+14
6.46448e+14
4.78807e+14
3.53626e+14
2.12798e+14
3.077e+14
6.66016e+14
1.05768e+15
1.41509e+15
1.71974e+15
1.99099e+15
2.21585e+15
2.39368e+15
2.54928e+15
2.68779e+15
2.80764e+15
2.9266e+15
3.03177e+15
3.11814e+15
3.20406e+15
3.27691e+15
3.34755e+15
3.43385e+15
3.5207e+15
3.60314e+15
3.67134e+15
3.74631e+15
3.81527e+15
3.88403e+15
3.94959e+15
4.0231e+15
4.07181e+15
4.14272e+15
4.20016e+15
4.25757e+15
4.30903e+15
4.34961e+15
4.39532e+15
4.43122e+15
4.46954e+15
4.49904e+15
4.53264e+15
4.55424e+15
4.57436e+15
4.61345e+15
4.61308e+15
4.63657e+15
4.63622e+15
4.63596e+15
4.62327e+15
4.62157e+15
4.60409e+15
4.5773e+15
4.55174e+15
4.50448e+15
4.46639e+15
4.40726e+15
4.34195e+15
4.27906e+15
4.20467e+15
4.12601e+15
4.03588e+15
3.95536e+15
3.84584e+15
3.74569e+15
3.61894e+15
3.50445e+15
3.3699e+15
3.23517e+15
3.07737e+15
2.91437e+15
2.75648e+15
2.5797e+15
2.37316e+15
2.16471e+15
1.94145e+15
1.7085e+15
1.4818e+15
1.26113e+15
1.01435e+15
8.10182e+14
5.99867e+14
4.35941e+14
2.90094e+14
1.80911e+14
3.09181e+14
7.03268e+14
1.01849e+15
1.30556e+15
1.53504e+15
1.72553e+15
1.88426e+15
1.99866e+15
2.09457e+15
2.17334e+15
2.24586e+15
2.31442e+15
2.37179e+15
2.43587e+15
2.51119e+15
2.56583e+15
2.61647e+15
2.6712e+15
2.73621e+15
2.7975e+15
2.85028e+15
2.92559e+15
2.96782e+15
3.0314e+15
3.08682e+15
3.1524e+15
3.20964e+15
3.26281e+15
3.3121e+15
3.35812e+15
3.40437e+15
3.43961e+15
3.48355e+15
3.5168e+15
3.56233e+15
3.59151e+15
3.62438e+15
3.66093e+15
3.67493e+15
3.71091e+15
3.71564e+15
3.74513e+15
3.736e+15
3.75211e+15
3.74773e+15
3.75542e+15
3.73406e+15
3.73211e+15
3.68904e+15
3.68608e+15
3.64358e+15
3.61136e+15
3.56162e+15
3.52087e+15
3.46041e+15
3.41318e+15
3.34417e+15
3.28877e+15
3.20555e+15
3.14564e+15
3.0558e+15
2.97898e+15
2.8742e+15
2.77244e+15
2.6534e+15
2.53473e+15
2.40209e+15
2.26185e+15
2.11221e+15
1.95671e+15
1.78049e+15
1.59788e+15
1.41684e+15
1.20322e+15
9.88265e+14
7.84019e+14
5.87317e+14
4.02932e+14
2.4912e+14
1.57988e+14
1.93392e+14
5.11167e+14
8.56515e+14
1.09589e+15
1.2574e+15
1.37585e+15
1.45833e+15
1.52329e+15
1.56872e+15
1.60806e+15
1.64737e+15
1.68197e+15
1.71541e+15
1.75458e+15
1.78959e+15
1.82663e+15
1.87208e+15
1.91046e+15
1.95865e+15
1.99991e+15
2.04798e+15
2.09219e+15
2.14112e+15
2.18073e+15
2.23611e+15
2.28568e+15
2.33888e+15
2.38054e+15
2.42483e+15
2.47119e+15
2.50918e+15
2.54477e+15
2.58557e+15
2.62105e+15
2.65442e+15
2.69004e+15
2.71992e+15
2.75193e+15
2.77789e+15
2.80278e+15
2.82375e+15
2.83526e+15
2.84902e+15
2.85852e+15
2.86074e+15
2.87298e+15
2.8638e+15
2.86329e+15
2.85219e+15
2.8386e+15
2.8152e+15
2.80856e+15
2.77482e+15
2.7493e+15
2.71204e+15
2.67331e+15
2.62478e+15
2.58899e+15
2.53999e+15
2.49248e+15
2.43726e+15
2.373e+15
2.30415e+15
2.23586e+15
2.15551e+15
2.0712e+15
1.98766e+15
1.88464e+15
1.78639e+15
1.67495e+15
1.54774e+15
1.4234e+15
1.27615e+15
1.1165e+15
9.37328e+14
7.75092e+14
5.82214e+14
4.05812e+14
2.25723e+14
1.4766e+14
3.31255e+14
6.63466e+14
7.90608e+14
8.64583e+14
9.08675e+14
9.4963e+14
9.67289e+14
9.95161e+14
1.0063e+15
1.02298e+15
1.03551e+15
1.05665e+15
1.06946e+15
1.09273e+15
1.11006e+15
1.14324e+15
1.1664e+15
1.20328e+15
1.22449e+15
1.26821e+15
1.29671e+15
1.33926e+15
1.37205e+15
1.41115e+15
1.4462e+15
1.48331e+15
1.52584e+15
1.55861e+15
1.59952e+15
1.63408e+15
1.66378e+15
1.69725e+15
1.72754e+15
1.75049e+15
1.77998e+15
1.80528e+15
1.82912e+15
1.85794e+15
1.87692e+15
1.90384e+15
1.91541e+15
1.93996e+15
1.94498e+15
1.96326e+15
1.96844e+15
1.97453e+15
1.97424e+15
1.97862e+15
1.97455e+15
1.97163e+15
1.96523e+15
1.95443e+15
1.94644e+15
1.92171e+15
1.90773e+15
1.88392e+15
1.85924e+15
1.83628e+15
1.80422e+15
1.7781e+15
1.7409e+15
1.70687e+15
1.65886e+15
1.6245e+15
1.57003e+15
1.52755e+15
1.46187e+15
1.41195e+15
1.34485e+15
1.28455e+15
1.20332e+15
1.12296e+15
1.03073e+15
9.38966e+14
8.28e+14
7.23157e+14
5.6778e+14
4.10095e+14
2.11992e+14
1.71193e+14
2.99539e+13
2.25218e+14
2.97055e+14
3.3262e+14
3.51111e+14
3.68843e+14
3.79905e+14
3.89433e+14
4.01035e+14
4.09901e+14
4.23494e+14
4.36009e+14
4.5174e+14
4.64839e+14
4.81198e+14
4.94148e+14
5.18974e+14
5.32606e+14
5.57475e+14
5.74643e+14
6.01154e+14
6.19551e+14
6.40732e+14
6.62277e+14
6.83262e+14
7.03524e+14
7.27843e+14
7.46851e+14
7.6832e+14
7.89149e+14
8.07233e+14
8.30921e+14
8.43679e+14
8.64783e+14
8.77336e+14
8.99801e+14
9.07355e+14
9.30189e+14
9.37215e+14
9.53673e+14
9.61541e+14
9.75115e+14
9.79376e+14
9.87072e+14
9.91616e+14
9.95653e+14
9.98535e+14
9.98392e+14
1.00186e+15
9.98028e+14
9.97358e+14
9.92607e+14
9.87508e+14
9.83321e+14
9.74175e+14
9.66211e+14
9.5226e+14
9.43546e+14
9.30687e+14
9.16565e+14
9.02662e+14
8.86967e+14
8.67782e+14
8.49855e+14
8.24609e+14
8.05645e+14
7.77676e+14
7.56109e+14
7.23582e+14
7.03632e+14
6.60322e+14
6.40191e+14
5.89102e+14
5.68496e+14
5.038e+14
4.87219e+14
3.9907e+14
4.0999e+14
2.47797e+14
3.46644e+14
)
;

boundaryField
{
    movingWall
    {
        type            fixedValue;
        value           uniform 0;
    }
    fixedWalls
    {
        type            fixedValue;
        value           uniform 0;
    }
    frontAndBack
    {
        type            empty;
    }
}


// ************************************************************************* //
