/*--------------------------------*- C++ -*----------------------------------*\
  =========                 |
  \\      /  F ield         | OpenFOAM: The Open Source CFD Toolbox
   \\    /   O peration     | Website:  https://openfoam.org
    \\  /    A nd           | Version:  6
     \\/     M anipulation  |
\*---------------------------------------------------------------------------*/
FoamFile
{
    version     2.0;
    format      ascii;
    class       volScalarField;
    location    "600";
    object      dnp7_s;
}
// * * * * * * * * * * * * * * * * * * * * * * * * * * * * * * * * * * * * * //

dimensions      [0 -3 -1 0 0 0 0];

internalField   nonuniform List<scalar> 
6400
(
9.23587e+13
1.49957e+14
2.02873e+14
2.56792e+14
3.26044e+14
3.79861e+14
4.19172e+14
4.81619e+14
5.28869e+14
5.87944e+14
6.20476e+14
7.00452e+14
7.23994e+14
7.62572e+14
8.29503e+14
8.65228e+14
9.3997e+14
9.44033e+14
1.01592e+15
1.02993e+15
1.10592e+15
1.12366e+15
1.12434e+15
1.15724e+15
1.21419e+15
1.21161e+15
1.26197e+15
1.27139e+15
1.31192e+15
1.34026e+15
1.43674e+15
1.37142e+15
1.40232e+15
1.4237e+15
1.45327e+15
1.40793e+15
1.47782e+15
1.43913e+15
1.44796e+15
1.42008e+15
1.50021e+15
1.43487e+15
1.48365e+15
1.4199e+15
1.4139e+15
1.40385e+15
1.42691e+15
1.41451e+15
1.35321e+15
1.39459e+15
1.33045e+15
1.37975e+15
1.29431e+15
1.27387e+15
1.23597e+15
1.21438e+15
1.17497e+15
1.16041e+15
1.09966e+15
1.0678e+15
1.02292e+15
9.88927e+14
9.47395e+14
9.0381e+14
8.73736e+14
8.07887e+14
7.95379e+14
7.06772e+14
7.05089e+14
6.35726e+14
5.88549e+14
5.35813e+14
4.6857e+14
4.29283e+14
3.68805e+14
3.45254e+14
2.66557e+14
2.10242e+14
1.62845e+14
9.29535e+13
1.4017e+14
2.19556e+14
3.23568e+14
4.23642e+14
4.97717e+14
5.91361e+14
6.51004e+14
7.44198e+14
8.57508e+14
8.87257e+14
9.68209e+14
1.05209e+15
1.1641e+15
1.17999e+15
1.27736e+15
1.38394e+15
1.43356e+15
1.51027e+15
1.5392e+15
1.61591e+15
1.65182e+15
1.74963e+15
1.751e+15
1.79624e+15
1.88913e+15
1.91018e+15
1.96624e+15
1.97547e+15
2.0924e+15
2.06517e+15
2.11982e+15
2.09043e+15
2.22839e+15
2.14454e+15
2.19151e+15
2.1963e+15
2.23191e+15
2.22832e+15
2.27731e+15
2.25597e+15
2.28723e+15
2.29561e+15
2.27355e+15
2.22785e+15
2.18611e+15
2.17227e+15
2.212e+15
2.13402e+15
2.14477e+15
2.12029e+15
2.09869e+15
2.07318e+15
2.04446e+15
1.97342e+15
1.91104e+15
1.8566e+15
1.81066e+15
1.75575e+15
1.73631e+15
1.64627e+15
1.57861e+15
1.51805e+15
1.45057e+15
1.36345e+15
1.34879e+15
1.28714e+15
1.19659e+15
1.11801e+15
1.03665e+15
1.00542e+15
9.07896e+14
8.14877e+14
7.15523e+14
6.47537e+14
5.83201e+14
4.87256e+14
4.07075e+14
3.13739e+14
2.6185e+14
1.36002e+14
1.90813e+14
3.09355e+14
4.17026e+14
5.65341e+14
6.38524e+14
7.55119e+14
8.61471e+14
9.79859e+14
1.1096e+15
1.16771e+15
1.26259e+15
1.36794e+15
1.51068e+15
1.56313e+15
1.72918e+15
1.82821e+15
1.88551e+15
1.96574e+15
2.06131e+15
2.16778e+15
2.18895e+15
2.33327e+15
2.31398e+15
2.38924e+15
2.49872e+15
2.54617e+15
2.62143e+15
2.75235e+15
2.74406e+15
2.73749e+15
2.78944e+15
2.87659e+15
2.88711e+15
2.90737e+15
2.9352e+15
2.97522e+15
2.99819e+15
3.01349e+15
2.92494e+15
2.96432e+15
2.94637e+15
2.99363e+15
2.99146e+15
2.99662e+15
2.92712e+15
2.88229e+15
2.89099e+15
2.8456e+15
2.79952e+15
2.80421e+15
2.79176e+15
2.72683e+15
2.69933e+15
2.61848e+15
2.53769e+15
2.48158e+15
2.3677e+15
2.37132e+15
2.31198e+15
2.21045e+15
2.07483e+15
2.05178e+15
1.9608e+15
1.81302e+15
1.76105e+15
1.70633e+15
1.58432e+15
1.48948e+15
1.36597e+15
1.32577e+15
1.2256e+15
1.12605e+15
9.57756e+14
9.18982e+14
7.68378e+14
6.51642e+14
5.65607e+14
4.24108e+14
3.2507e+14
1.92499e+14
2.31558e+14
3.74596e+14
5.46757e+14
6.97012e+14
8.31127e+14
9.58137e+14
1.09346e+15
1.21549e+15
1.40259e+15
1.50788e+15
1.59916e+15
1.74616e+15
1.82763e+15
2.02338e+15
2.11808e+15
2.24239e+15
2.35122e+15
2.4431e+15
2.60321e+15
2.65766e+15
2.81923e+15
2.88819e+15
2.91663e+15
3.0403e+15
3.11283e+15
3.23534e+15
3.18375e+15
3.29457e+15
3.38718e+15
3.39593e+15
3.53569e+15
3.55276e+15
3.54401e+15
3.645e+15
3.6387e+15
3.67889e+15
3.72159e+15
3.73349e+15
3.68685e+15
3.6847e+15
3.71646e+15
3.74801e+15
3.72126e+15
3.63071e+15
3.6404e+15
3.57228e+15
3.53603e+15
3.56448e+15
3.52109e+15
3.47521e+15
3.43756e+15
3.39393e+15
3.33111e+15
3.24042e+15
3.1695e+15
3.09355e+15
3.0257e+15
2.92146e+15
2.82462e+15
2.76262e+15
2.62496e+15
2.5282e+15
2.401e+15
2.29914e+15
2.23346e+15
2.09003e+15
1.97863e+15
1.90307e+15
1.74e+15
1.63132e+15
1.51848e+15
1.38646e+15
1.2342e+15
1.10676e+15
9.7779e+14
8.10551e+14
6.92421e+14
5.38941e+14
3.78838e+14
2.35826e+14
2.7225e+14
4.97883e+14
6.29122e+14
8.14909e+14
9.70585e+14
1.16138e+15
1.31322e+15
1.47597e+15
1.63246e+15
1.80139e+15
1.9663e+15
2.06114e+15
2.19283e+15
2.40726e+15
2.58596e+15
2.70858e+15
2.84104e+15
2.97064e+15
3.04068e+15
3.18604e+15
3.27306e+15
3.40318e+15
3.51162e+15
3.61971e+15
3.7521e+15
3.84602e+15
3.90163e+15
3.97199e+15
4.02766e+15
4.13992e+15
4.1449e+15
4.16617e+15
4.26754e+15
4.22302e+15
4.3155e+15
4.3338e+15
4.37139e+15
4.49004e+15
4.47004e+15
4.51107e+15
4.45716e+15
4.48379e+15
4.47401e+15
4.39317e+15
4.26334e+15
4.32137e+15
4.31778e+15
4.22237e+15
4.27076e+15
4.15248e+15
4.13301e+15
3.96884e+15
3.95625e+15
4.00188e+15
3.86193e+15
3.74752e+15
3.65843e+15
3.51421e+15
3.38839e+15
3.31479e+15
3.1898e+15
2.98239e+15
2.87008e+15
2.74497e+15
2.63955e+15
2.51601e+15
2.39659e+15
2.31173e+15
2.07894e+15
1.96249e+15
1.78455e+15
1.6136e+15
1.50141e+15
1.28629e+15
1.10985e+15
9.70149e+14
8.12661e+14
6.52756e+14
4.4474e+14
2.71461e+14
3.28328e+14
5.58682e+14
7.6254e+14
9.75896e+14
1.12116e+15
1.32591e+15
1.51636e+15
1.73001e+15
1.90316e+15
2.0838e+15
2.25243e+15
2.40349e+15
2.58595e+15
2.81632e+15
2.99567e+15
3.07052e+15
3.29159e+15
3.39352e+15
3.49989e+15
3.7304e+15
3.88288e+15
3.97773e+15
4.05622e+15
4.21027e+15
4.31347e+15
4.45302e+15
4.51521e+15
4.61126e+15
4.69918e+15
4.79546e+15
4.76555e+15
4.85861e+15
4.97107e+15
5.01676e+15
5.06491e+15
5.10152e+15
5.14674e+15
5.2265e+15
5.29984e+15
5.14972e+15
5.19549e+15
5.2004e+15
5.12326e+15
5.13307e+15
5.09335e+15
5.0972e+15
5.01887e+15
4.96254e+15
4.93048e+15
4.85004e+15
4.79408e+15
4.69483e+15
4.56943e+15
4.5402e+15
4.44284e+15
4.34918e+15
4.25314e+15
4.08354e+15
3.94616e+15
3.87324e+15
3.74817e+15
3.53807e+15
3.41903e+15
3.20045e+15
3.07919e+15
2.95247e+15
2.82701e+15
2.61128e+15
2.42876e+15
2.28272e+15
2.0875e+15
1.88813e+15
1.70487e+15
1.50016e+15
1.30053e+15
1.14667e+15
9.53459e+14
7.61278e+14
5.17802e+14
3.24945e+14
3.65191e+14
6.10211e+14
8.66117e+14
1.10026e+15
1.27167e+15
1.49424e+15
1.71237e+15
1.94848e+15
2.14267e+15
2.38958e+15
2.55825e+15
2.75264e+15
2.96778e+15
3.16369e+15
3.31726e+15
3.54301e+15
3.65249e+15
3.88274e+15
4.10412e+15
4.25801e+15
4.36292e+15
4.54525e+15
4.61199e+15
4.7057e+15
4.86448e+15
5.05634e+15
5.25081e+15
5.30773e+15
5.24709e+15
5.43445e+15
5.5193e+15
5.58085e+15
5.62755e+15
5.66098e+15
5.76133e+15
5.79798e+15
5.93594e+15
5.92191e+15
5.84054e+15
5.88774e+15
5.90191e+15
5.92778e+15
5.89196e+15
5.89595e+15
5.79422e+15
5.76253e+15
5.76638e+15
5.72088e+15
5.61103e+15
5.53476e+15
5.40125e+15
5.32662e+15
5.38162e+15
5.11633e+15
4.99029e+15
5.02487e+15
4.88911e+15
4.66543e+15
4.45088e+15
4.4301e+15
4.29001e+15
4.1008e+15
3.85961e+15
3.67319e+15
3.51821e+15
3.32257e+15
3.27901e+15
3.04261e+15
2.77549e+15
2.63636e+15
2.36161e+15
2.16207e+15
1.94812e+15
1.73033e+15
1.4681e+15
1.29372e+15
1.04446e+15
8.81679e+14
6.33071e+14
3.91266e+14
4.11378e+14
7.05923e+14
9.86913e+14
1.23266e+15
1.44545e+15
1.71692e+15
1.96155e+15
2.14926e+15
2.44674e+15
2.67928e+15
2.87044e+15
3.10107e+15
3.38037e+15
3.50973e+15
3.72907e+15
3.98955e+15
4.19195e+15
4.39088e+15
4.53345e+15
4.75234e+15
4.86783e+15
5.0251e+15
5.22677e+15
5.34185e+15
5.48559e+15
5.61131e+15
5.83825e+15
5.8005e+15
6.06629e+15
6.18825e+15
6.15211e+15
6.21751e+15
6.27723e+15
6.35034e+15
6.46895e+15
6.44294e+15
6.55792e+15
6.61645e+15
6.6486e+15
6.64337e+15
6.65897e+15
6.60095e+15
6.56586e+15
6.69171e+15
6.51646e+15
6.38194e+15
6.45762e+15
6.3596e+15
6.31296e+15
6.12835e+15
6.10399e+15
6.0707e+15
5.84109e+15
5.73519e+15
5.60947e+15
5.53036e+15
5.40349e+15
5.33662e+15
5.13335e+15
4.8793e+15
4.7229e+15
4.51052e+15
4.31728e+15
4.0725e+15
3.97137e+15
3.76625e+15
3.5767e+15
3.40391e+15
3.20091e+15
2.92388e+15
2.6732e+15
2.41684e+15
2.21424e+15
1.91862e+15
1.70093e+15
1.43501e+15
1.18056e+15
9.8978e+14
7.19486e+14
4.22626e+14
4.45923e+14
7.63769e+14
1.10949e+15
1.37038e+15
1.65945e+15
1.85728e+15
2.17183e+15
2.44916e+15
2.67111e+15
2.94432e+15
3.24266e+15
3.38382e+15
3.70893e+15
4.00862e+15
4.25536e+15
4.30424e+15
4.58474e+15
4.94562e+15
5.06271e+15
5.23994e+15
5.45069e+15
5.58971e+15
5.69024e+15
5.97296e+15
6.0557e+15
6.21467e+15
6.42799e+15
6.47894e+15
6.58728e+15
6.72134e+15
6.87132e+15
6.92641e+15
7.10978e+15
7.12409e+15
7.12432e+15
7.19917e+15
7.28347e+15
7.36497e+15
7.4174e+15
7.38488e+15
7.35062e+15
7.35685e+15
7.25283e+15
7.22802e+15
7.21086e+15
7.07996e+15
7.04864e+15
6.94948e+15
6.96411e+15
6.87678e+15
6.72841e+15
6.59136e+15
6.45216e+15
6.38767e+15
6.23861e+15
6.12344e+15
6.02327e+15
5.85884e+15
5.59594e+15
5.46124e+15
5.1693e+15
5.09147e+15
4.88017e+15
4.62791e+15
4.30275e+15
4.11454e+15
3.97619e+15
3.69969e+15
3.49513e+15
3.20466e+15
3.00434e+15
2.76139e+15
2.44427e+15
2.13905e+15
1.88197e+15
1.61887e+15
1.32791e+15
1.08168e+15
7.54628e+14
4.74033e+14
5.01469e+14
8.0929e+14
1.17928e+15
1.49058e+15
1.80984e+15
2.06934e+15
2.37902e+15
2.63602e+15
2.94965e+15
3.25154e+15
3.57772e+15
3.80183e+15
3.99451e+15
4.36023e+15
4.61649e+15
4.86113e+15
5.10546e+15
5.33983e+15
5.56462e+15
5.77757e+15
6.03423e+15
6.13541e+15
6.33479e+15
6.56857e+15
6.74735e+15
6.96443e+15
7.06905e+15
7.21274e+15
7.35488e+15
7.45028e+15
7.58448e+15
7.67507e+15
7.78175e+15
7.80299e+15
7.94113e+15
7.89458e+15
8.01259e+15
8.00369e+15
7.98695e+15
8.05635e+15
8.13432e+15
8.05259e+15
8.04222e+15
7.9559e+15
7.93788e+15
7.82551e+15
7.76762e+15
7.67502e+15
7.63131e+15
7.52536e+15
7.43946e+15
7.31246e+15
7.18523e+15
7.05946e+15
6.83403e+15
6.81872e+15
6.56884e+15
6.28975e+15
6.18481e+15
5.95782e+15
5.70689e+15
5.42546e+15
5.18485e+15
4.9785e+15
4.79101e+15
4.6153e+15
4.34071e+15
4.10149e+15
3.72541e+15
3.53803e+15
3.27043e+15
2.96971e+15
2.58386e+15
2.3324e+15
2.03408e+15
1.77466e+15
1.45794e+15
1.15004e+15
8.52991e+14
4.93755e+14
5.6724e+14
8.89325e+14
1.27858e+15
1.60463e+15
1.88943e+15
2.25275e+15
2.58721e+15
2.8661e+15
3.24351e+15
3.5473e+15
3.96682e+15
4.14152e+15
4.31809e+15
4.67318e+15
4.98841e+15
5.2287e+15
5.51651e+15
5.7606e+15
6.03249e+15
6.35217e+15
6.54971e+15
6.78528e+15
6.9098e+15
6.96255e+15
7.26067e+15
7.50014e+15
7.72332e+15
7.78276e+15
8.03222e+15
8.0741e+15
8.17422e+15
8.23495e+15
8.34291e+15
8.48854e+15
8.62012e+15
8.64764e+15
8.66296e+15
8.80152e+15
8.72777e+15
8.92857e+15
8.85762e+15
8.76827e+15
8.82221e+15
8.69277e+15
8.63416e+15
8.44588e+15
8.4923e+15
8.42244e+15
8.29489e+15
8.22357e+15
8.1345e+15
7.93434e+15
7.77267e+15
7.60943e+15
7.49817e+15
7.36305e+15
6.98489e+15
6.91453e+15
6.68919e+15
6.47752e+15
6.27883e+15
5.90879e+15
5.73588e+15
5.45133e+15
5.21833e+15
5.06423e+15
4.71597e+15
4.37842e+15
4.15736e+15
3.81022e+15
3.54881e+15
3.21192e+15
2.86605e+15
2.56626e+15
2.25686e+15
1.93661e+15
1.55177e+15
1.26605e+15
9.08846e+14
5.32685e+14
6.495e+14
9.83184e+14
1.35108e+15
1.74106e+15
2.09108e+15
2.4183e+15
2.79447e+15
3.10427e+15
3.4131e+15
3.79309e+15
4.15845e+15
4.47737e+15
4.66488e+15
5.01795e+15
5.34612e+15
5.70501e+15
6.04322e+15
6.27604e+15
6.54238e+15
6.79386e+15
7.00475e+15
7.34387e+15
7.38579e+15
7.66493e+15
7.92994e+15
8.10226e+15
8.32278e+15
8.4429e+15
8.49739e+15
8.75579e+15
8.91527e+15
9.04103e+15
9.22059e+15
9.23312e+15
9.2444e+15
9.31563e+15
9.52294e+15
9.51042e+15
9.38002e+15
9.47707e+15
9.48492e+15
9.56876e+15
9.46084e+15
9.37057e+15
9.23555e+15
9.24059e+15
9.14909e+15
9.00122e+15
8.97852e+15
8.84482e+15
8.76465e+15
8.59728e+15
8.39772e+15
8.32535e+15
8.1517e+15
7.89174e+15
7.73708e+15
7.44505e+15
7.19045e+15
7.04254e+15
6.84156e+15
6.51142e+15
6.25604e+15
5.96067e+15
5.68139e+15
5.37175e+15
5.11005e+15
4.7401e+15
4.41243e+15
4.13122e+15
3.79501e+15
3.52209e+15
3.10656e+15
2.76442e+15
2.41647e+15
2.0647e+15
1.74213e+15
1.36257e+15
9.72594e+14
5.84999e+14
6.73143e+14
1.0691e+15
1.4779e+15
1.8441e+15
2.23628e+15
2.625e+15
2.98688e+15
3.44986e+15
3.68519e+15
4.07883e+15
4.45989e+15
4.80839e+15
5.14467e+15
5.47023e+15
5.72625e+15
6.13413e+15
6.38354e+15
6.65351e+15
6.94278e+15
7.21811e+15
7.50482e+15
7.93357e+15
8.04993e+15
8.29132e+15
8.63751e+15
8.77396e+15
8.97017e+15
9.09951e+15
9.27316e+15
9.44749e+15
9.60027e+15
9.63549e+15
9.75465e+15
1.00512e+16
9.97081e+15
1.01306e+16
1.01345e+16
1.01107e+16
1.01764e+16
1.01564e+16
1.02706e+16
1.01375e+16
1.02195e+16
1.01378e+16
1.0144e+16
1.00139e+16
9.90275e+15
9.84528e+15
9.71901e+15
9.60774e+15
9.4829e+15
9.28994e+15
9.16207e+15
8.89967e+15
8.73525e+15
8.54431e+15
8.32071e+15
8.04974e+15
7.78102e+15
7.52922e+15
7.28613e+15
7.14367e+15
6.72299e+15
6.49784e+15
6.12546e+15
5.81367e+15
5.46468e+15
5.03804e+15
4.82343e+15
4.42469e+15
4.06243e+15
3.73968e+15
3.34758e+15
2.90946e+15
2.60679e+15
2.17429e+15
1.8468e+15
1.45852e+15
1.06648e+15
6.0989e+14
7.12257e+14
1.17775e+15
1.58473e+15
1.96896e+15
2.42747e+15
2.83548e+15
3.18345e+15
3.59091e+15
3.88676e+15
4.39102e+15
4.79848e+15
5.14174e+15
5.55751e+15
5.90499e+15
6.1477e+15
6.46844e+15
6.96466e+15
7.15427e+15
7.59269e+15
7.80193e+15
8.2072e+15
8.3225e+15
8.6021e+15
8.83624e+15
9.17266e+15
9.52188e+15
9.59022e+15
9.82625e+15
9.83968e+15
1.01272e+16
1.01824e+16
1.0384e+16
1.05748e+16
1.06982e+16
1.06219e+16
1.08343e+16
1.08989e+16
1.08979e+16
1.09912e+16
1.09497e+16
1.10326e+16
1.0985e+16
1.09216e+16
1.08332e+16
1.06989e+16
1.05859e+16
1.05545e+16
1.04664e+16
1.04183e+16
1.02588e+16
1.01146e+16
1.00211e+16
9.70677e+15
9.5589e+15
9.35764e+15
9.13148e+15
8.87422e+15
8.71429e+15
8.34337e+15
8.06015e+15
7.84605e+15
7.56458e+15
7.22444e+15
6.91746e+15
6.51087e+15
6.14578e+15
5.82784e+15
5.51412e+15
5.18036e+15
4.79156e+15
4.29934e+15
3.99948e+15
3.60671e+15
3.15411e+15
2.71263e+15
2.38754e+15
1.91267e+15
1.53359e+15
1.10954e+15
6.65993e+14
7.01429e+14
1.22197e+15
1.66078e+15
2.15347e+15
2.57791e+15
3.02303e+15
3.4632e+15
3.84536e+15
4.19252e+15
4.67414e+15
4.98451e+15
5.46729e+15
5.92585e+15
6.28209e+15
6.5953e+15
6.94507e+15
7.34603e+15
7.62063e+15
7.92659e+15
8.30567e+15
8.6903e+15
8.86968e+15
9.13767e+15
9.40736e+15
9.79841e+15
9.91229e+15
1.01997e+16
1.05095e+16
1.0605e+16
1.07781e+16
1.10531e+16
1.10966e+16
1.12793e+16
1.13978e+16
1.15249e+16
1.14723e+16
1.16328e+16
1.158e+16
1.17714e+16
1.17029e+16
1.16742e+16
1.16558e+16
1.17065e+16
1.14763e+16
1.14893e+16
1.13432e+16
1.12363e+16
1.11299e+16
1.1072e+16
1.09552e+16
1.08191e+16
1.05988e+16
1.03988e+16
1.02288e+16
1.00248e+16
9.68452e+15
9.34856e+15
9.16001e+15
8.86353e+15
8.59953e+15
8.32012e+15
7.97388e+15
7.63865e+15
7.26875e+15
6.90439e+15
6.54485e+15
6.22251e+15
5.87435e+15
5.52605e+15
4.99616e+15
4.69964e+15
4.2672e+15
3.77911e+15
3.4074e+15
2.97892e+15
2.57632e+15
2.07543e+15
1.66264e+15
1.20242e+15
7.16142e+14
7.47698e+14
1.29727e+15
1.75892e+15
2.22857e+15
2.67305e+15
3.19968e+15
3.67517e+15
4.12617e+15
4.46022e+15
4.88251e+15
5.35543e+15
5.80041e+15
6.18655e+15
6.61672e+15
6.99722e+15
7.46005e+15
7.76593e+15
8.07029e+15
8.46299e+15
8.74685e+15
9.19523e+15
9.41314e+15
9.75804e+15
1.01229e+16
1.04137e+16
1.05939e+16
1.09993e+16
1.08581e+16
1.11946e+16
1.1409e+16
1.15201e+16
1.18058e+16
1.18508e+16
1.21514e+16
1.21063e+16
1.22475e+16
1.23918e+16
1.22312e+16
1.24076e+16
1.23506e+16
1.22815e+16
1.24097e+16
1.23554e+16
1.22685e+16
1.2286e+16
1.21657e+16
1.20025e+16
1.17692e+16
1.17777e+16
1.1653e+16
1.13726e+16
1.13282e+16
1.10352e+16
1.07209e+16
1.05008e+16
1.02834e+16
9.86211e+15
9.79919e+15
9.42942e+15
9.07034e+15
8.80189e+15
8.54403e+15
8.25293e+15
7.6697e+15
7.42088e+15
6.96746e+15
6.58765e+15
6.18486e+15
5.76111e+15
5.39382e+15
4.89517e+15
4.48231e+15
4.1088e+15
3.61164e+15
3.1364e+15
2.76833e+15
2.20288e+15
1.76695e+15
1.26374e+15
7.37804e+14
7.50555e+14
1.3632e+15
1.88278e+15
2.38543e+15
2.81193e+15
3.29236e+15
3.86807e+15
4.34942e+15
4.78605e+15
5.23388e+15
5.72519e+15
6.20586e+15
6.52752e+15
6.9969e+15
7.45335e+15
7.85527e+15
8.24306e+15
8.54995e+15
9.03823e+15
9.30526e+15
9.64503e+15
9.98072e+15
1.03151e+16
1.06602e+16
1.09569e+16
1.11618e+16
1.15377e+16
1.16191e+16
1.18921e+16
1.21546e+16
1.22473e+16
1.24685e+16
1.25102e+16
1.26657e+16
1.28125e+16
1.29179e+16
1.30166e+16
1.29342e+16
1.30957e+16
1.31182e+16
1.30949e+16
1.30006e+16
1.3035e+16
1.30059e+16
1.28443e+16
1.28215e+16
1.27168e+16
1.2417e+16
1.23725e+16
1.22364e+16
1.21106e+16
1.19224e+16
1.17084e+16
1.14172e+16
1.10396e+16
1.0816e+16
1.04269e+16
1.02438e+16
9.95637e+15
9.6665e+15
9.31554e+15
8.91807e+15
8.65755e+15
8.09542e+15
7.6703e+15
7.3747e+15
6.94815e+15
6.55669e+15
6.11826e+15
5.58888e+15
5.21691e+15
4.78734e+15
4.29728e+15
3.86209e+15
3.34871e+15
2.84948e+15
2.36931e+15
1.8321e+15
1.34196e+15
7.90926e+14
8.44056e+14
1.46074e+15
1.95713e+15
2.52575e+15
3.03182e+15
3.54162e+15
4.04395e+15
4.61154e+15
5.02822e+15
5.50082e+15
5.96961e+15
6.44821e+15
6.88233e+15
7.43515e+15
7.89252e+15
8.25031e+15
8.74598e+15
8.97581e+15
9.52968e+15
9.92091e+15
1.0149e+16
1.05001e+16
1.07676e+16
1.12037e+16
1.14968e+16
1.1672e+16
1.21011e+16
1.22739e+16
1.23782e+16
1.28101e+16
1.28728e+16
1.29773e+16
1.33142e+16
1.33111e+16
1.33822e+16
1.35554e+16
1.36604e+16
1.37421e+16
1.37018e+16
1.37426e+16
1.36989e+16
1.38162e+16
1.37783e+16
1.35595e+16
1.35748e+16
1.35194e+16
1.33763e+16
1.31952e+16
1.31787e+16
1.28959e+16
1.26614e+16
1.24638e+16
1.22028e+16
1.19109e+16
1.16758e+16
1.14223e+16
1.11483e+16
1.07626e+16
1.05199e+16
1.00551e+16
9.69613e+15
9.42543e+15
8.91247e+15
8.5743e+15
8.14358e+15
7.81312e+15
7.2964e+15
6.87059e+15
6.41602e+15
5.89196e+15
5.58815e+15
5.04927e+15
4.47887e+15
4.02778e+15
3.55146e+15
3.03256e+15
2.48944e+15
1.92143e+15
1.39581e+15
8.34273e+14
9.053e+14
1.48109e+15
2.06831e+15
2.63466e+15
3.22151e+15
3.77062e+15
4.25832e+15
4.76005e+15
5.21609e+15
5.76225e+15
6.36589e+15
6.71024e+15
7.28613e+15
7.76772e+15
8.1916e+15
8.60517e+15
9.13235e+15
9.47675e+15
9.9016e+15
1.03486e+16
1.06843e+16
1.10829e+16
1.14745e+16
1.1676e+16
1.19572e+16
1.23528e+16
1.26227e+16
1.30156e+16
1.30747e+16
1.34139e+16
1.36086e+16
1.37847e+16
1.39403e+16
1.39671e+16
1.40927e+16
1.41431e+16
1.44323e+16
1.44693e+16
1.44974e+16
1.44985e+16
1.46046e+16
1.44511e+16
1.44751e+16
1.42288e+16
1.4242e+16
1.41518e+16
1.40213e+16
1.38326e+16
1.38473e+16
1.35057e+16
1.33505e+16
1.29962e+16
1.29176e+16
1.26644e+16
1.23574e+16
1.20947e+16
1.16916e+16
1.12401e+16
1.08892e+16
1.05567e+16
1.03922e+16
9.78084e+15
9.3953e+15
9.02209e+15
8.5671e+15
8.12872e+15
7.72772e+15
7.12042e+15
6.78867e+15
6.35511e+15
5.85953e+15
5.25824e+15
4.714e+15
4.19336e+15
3.69533e+15
3.12904e+15
2.58384e+15
2.03455e+15
1.46401e+15
8.89133e+14
9.45492e+14
1.56497e+15
2.16572e+15
2.78325e+15
3.30319e+15
3.89543e+15
4.38245e+15
4.89769e+15
5.46647e+15
6.15238e+15
6.63402e+15
7.00401e+15
7.62205e+15
8.17757e+15
8.67181e+15
9.09318e+15
9.55523e+15
1.00098e+16
1.0401e+16
1.07847e+16
1.13141e+16
1.15554e+16
1.1934e+16
1.22523e+16
1.26817e+16
1.29512e+16
1.32669e+16
1.35533e+16
1.37337e+16
1.42164e+16
1.41735e+16
1.44166e+16
1.45455e+16
1.45292e+16
1.47354e+16
1.48195e+16
1.50217e+16
1.5024e+16
1.51409e+16
1.51641e+16
1.51064e+16
1.5176e+16
1.50891e+16
1.49814e+16
1.49014e+16
1.46616e+16
1.47626e+16
1.45693e+16
1.44042e+16
1.4136e+16
1.38508e+16
1.37264e+16
1.34711e+16
1.31589e+16
1.29458e+16
1.25545e+16
1.2246e+16
1.18056e+16
1.14896e+16
1.11467e+16
1.07403e+16
1.0235e+16
9.85464e+15
9.50257e+15
9.0541e+15
8.45139e+15
7.98484e+15
7.60604e+15
7.05277e+15
6.59086e+15
6.12697e+15
5.47903e+15
4.99002e+15
4.49603e+15
3.84122e+15
3.27733e+15
2.64765e+15
2.13855e+15
1.55611e+15
9.44267e+14
1.02104e+15
1.68762e+15
2.23729e+15
2.88296e+15
3.38118e+15
4.08104e+15
4.67891e+15
5.13601e+15
5.86971e+15
6.38033e+15
6.79386e+15
7.41221e+15
7.86775e+15
8.54582e+15
9.08777e+15
9.49322e+15
1.0042e+16
1.04705e+16
1.08393e+16
1.13128e+16
1.16195e+16
1.20342e+16
1.23404e+16
1.29805e+16
1.33109e+16
1.34841e+16
1.37361e+16
1.40549e+16
1.42785e+16
1.46334e+16
1.47575e+16
1.5015e+16
1.51238e+16
1.53607e+16
1.54121e+16
1.55276e+16
1.56368e+16
1.58116e+16
1.56598e+16
1.57779e+16
1.57334e+16
1.56506e+16
1.58541e+16
1.55623e+16
1.56176e+16
1.54348e+16
1.5468e+16
1.52834e+16
1.50407e+16
1.47021e+16
1.44746e+16
1.43033e+16
1.4144e+16
1.38128e+16
1.34159e+16
1.32007e+16
1.27248e+16
1.2407e+16
1.19545e+16
1.16754e+16
1.11483e+16
1.06839e+16
1.01872e+16
9.9704e+15
9.47418e+15
8.92251e+15
8.44689e+15
7.99746e+15
7.34153e+15
6.86642e+15
6.33887e+15
5.73377e+15
5.16623e+15
4.64121e+15
4.04372e+15
3.4058e+15
2.84021e+15
2.22573e+15
1.59262e+15
9.84533e+14
1.01202e+15
1.74543e+15
2.43955e+15
2.95873e+15
3.56976e+15
4.26726e+15
4.81683e+15
5.45394e+15
6.00979e+15
6.61865e+15
7.11267e+15
7.69337e+15
8.31205e+15
8.84028e+15
9.40135e+15
9.90949e+15
1.04806e+16
1.09239e+16
1.14109e+16
1.18514e+16
1.21862e+16
1.25845e+16
1.28204e+16
1.3402e+16
1.37931e+16
1.40328e+16
1.43463e+16
1.4631e+16
1.48591e+16
1.52411e+16
1.54528e+16
1.57043e+16
1.57791e+16
1.58135e+16
1.60545e+16
1.62425e+16
1.63968e+16
1.63134e+16
1.64235e+16
1.64044e+16
1.63361e+16
1.64238e+16
1.6443e+16
1.63852e+16
1.6299e+16
1.6073e+16
1.59431e+16
1.57104e+16
1.55548e+16
1.53211e+16
1.52328e+16
1.49417e+16
1.47366e+16
1.43982e+16
1.39751e+16
1.37586e+16
1.33116e+16
1.30184e+16
1.25292e+16
1.21568e+16
1.17725e+16
1.1289e+16
1.07646e+16
1.03294e+16
9.92573e+15
9.36053e+15
8.87729e+15
8.30778e+15
7.70479e+15
7.16064e+15
6.69896e+15
5.93704e+15
5.40377e+15
4.74019e+15
4.18988e+15
3.55956e+15
2.96721e+15
2.31735e+15
1.66938e+15
1.03916e+15
1.0843e+15
1.84833e+15
2.47048e+15
3.06829e+15
3.809e+15
4.43874e+15
5.0218e+15
5.64241e+15
6.1416e+15
6.82353e+15
7.36488e+15
7.96113e+15
8.63017e+15
9.1418e+15
9.76176e+15
1.03735e+16
1.08318e+16
1.14075e+16
1.18195e+16
1.21967e+16
1.2656e+16
1.30798e+16
1.3492e+16
1.38589e+16
1.43095e+16
1.47872e+16
1.49353e+16
1.52067e+16
1.55253e+16
1.58774e+16
1.60773e+16
1.61778e+16
1.65229e+16
1.67451e+16
1.67411e+16
1.69638e+16
1.6962e+16
1.71382e+16
1.70928e+16
1.70869e+16
1.70289e+16
1.70777e+16
1.7055e+16
1.71465e+16
1.6839e+16
1.68334e+16
1.65106e+16
1.63146e+16
1.61606e+16
1.60618e+16
1.58794e+16
1.54681e+16
1.51096e+16
1.48419e+16
1.45214e+16
1.4141e+16
1.37128e+16
1.3396e+16
1.29636e+16
1.25862e+16
1.21747e+16
1.17295e+16
1.11077e+16
1.08057e+16
1.02121e+16
9.66517e+15
9.11396e+15
8.63553e+15
7.96301e+15
7.49179e+15
6.88692e+15
6.18669e+15
5.63342e+15
4.96493e+15
4.39022e+15
3.70244e+15
3.01509e+15
2.38659e+15
1.76603e+15
1.0917e+15
1.13262e+15
1.89968e+15
2.60284e+15
3.2902e+15
3.89734e+15
4.60832e+15
5.19875e+15
5.80885e+15
6.44546e+15
7.20509e+15
7.72635e+15
8.42488e+15
9.02544e+15
9.48854e+15
1.01196e+16
1.05712e+16
1.1206e+16
1.17473e+16
1.22181e+16
1.26307e+16
1.31392e+16
1.36044e+16
1.40847e+16
1.45084e+16
1.48104e+16
1.51828e+16
1.56467e+16
1.58215e+16
1.60251e+16
1.6215e+16
1.66956e+16
1.68014e+16
1.69713e+16
1.72703e+16
1.74441e+16
1.7562e+16
1.75464e+16
1.7731e+16
1.77152e+16
1.78637e+16
1.77567e+16
1.76849e+16
1.75406e+16
1.76354e+16
1.74933e+16
1.73988e+16
1.71182e+16
1.68619e+16
1.68891e+16
1.65698e+16
1.63618e+16
1.60631e+16
1.58318e+16
1.53466e+16
1.51071e+16
1.48064e+16
1.4187e+16
1.38105e+16
1.35617e+16
1.30755e+16
1.2637e+16
1.22037e+16
1.15695e+16
1.1243e+16
1.07135e+16
1.00948e+16
9.46561e+15
8.90742e+15
8.35236e+15
7.69002e+15
7.05084e+15
6.48197e+15
5.93049e+15
5.15793e+15
4.62236e+15
3.85465e+15
3.18192e+15
2.51571e+15
1.8302e+15
1.05978e+15
1.17275e+15
1.91784e+15
2.68751e+15
3.32535e+15
4.03404e+15
4.75748e+15
5.45197e+15
6.08858e+15
6.74308e+15
7.38602e+15
7.96352e+15
8.62155e+15
9.23486e+15
9.87207e+15
1.04865e+16
1.11101e+16
1.16705e+16
1.20142e+16
1.25994e+16
1.31218e+16
1.36722e+16
1.40725e+16
1.45293e+16
1.49763e+16
1.52706e+16
1.56306e+16
1.60389e+16
1.63701e+16
1.65452e+16
1.69375e+16
1.71457e+16
1.73657e+16
1.76121e+16
1.78334e+16
1.80216e+16
1.82817e+16
1.82665e+16
1.8298e+16
1.83503e+16
1.82704e+16
1.8301e+16
1.83777e+16
1.84323e+16
1.82925e+16
1.82499e+16
1.81836e+16
1.77893e+16
1.75384e+16
1.73694e+16
1.7094e+16
1.69266e+16
1.67013e+16
1.63675e+16
1.60645e+16
1.55808e+16
1.54223e+16
1.48495e+16
1.44406e+16
1.39889e+16
1.35274e+16
1.29919e+16
1.26984e+16
1.20212e+16
1.15399e+16
1.09743e+16
1.04869e+16
9.83432e+15
9.20638e+15
8.59903e+15
8.00278e+15
7.34566e+15
6.69992e+15
5.95778e+15
5.30713e+15
4.69726e+15
3.94845e+15
3.3142e+15
2.60412e+15
1.89136e+15
1.09875e+15
1.20295e+15
1.98039e+15
2.73082e+15
3.4774e+15
4.1854e+15
4.90842e+15
5.60204e+15
6.31511e+15
6.89939e+15
7.6032e+15
8.36374e+15
8.97338e+15
9.59343e+15
1.01899e+16
1.08045e+16
1.13723e+16
1.19461e+16
1.23546e+16
1.31032e+16
1.35264e+16
1.38357e+16
1.44555e+16
1.49005e+16
1.53206e+16
1.57798e+16
1.61554e+16
1.66159e+16
1.69212e+16
1.71958e+16
1.74337e+16
1.78265e+16
1.81826e+16
1.83002e+16
1.83807e+16
1.86998e+16
1.86798e+16
1.89211e+16
1.90175e+16
1.90417e+16
1.91321e+16
1.90321e+16
1.90605e+16
1.88839e+16
1.90086e+16
1.8847e+16
1.85976e+16
1.84619e+16
1.82446e+16
1.81356e+16
1.78635e+16
1.75057e+16
1.72424e+16
1.69038e+16
1.64968e+16
1.62264e+16
1.58256e+16
1.54099e+16
1.48229e+16
1.44342e+16
1.38965e+16
1.32809e+16
1.2949e+16
1.24184e+16
1.19122e+16
1.13836e+16
1.08143e+16
1.02839e+16
9.60476e+15
9.02002e+15
8.27058e+15
7.58907e+15
6.94278e+15
6.12991e+15
5.55888e+15
4.82311e+15
4.09717e+15
3.38551e+15
2.68352e+15
1.95787e+15
1.16303e+15
1.24425e+15
2.0105e+15
2.82041e+15
3.61366e+15
4.33376e+15
5.00272e+15
5.73299e+15
6.44817e+15
7.2221e+15
7.78304e+15
8.46877e+15
9.18592e+15
9.81331e+15
1.05147e+16
1.11714e+16
1.16686e+16
1.23046e+16
1.28009e+16
1.33196e+16
1.39415e+16
1.45086e+16
1.49036e+16
1.54453e+16
1.58411e+16
1.64459e+16
1.66493e+16
1.71031e+16
1.74324e+16
1.76435e+16
1.79806e+16
1.82692e+16
1.8519e+16
1.88673e+16
1.91026e+16
1.90206e+16
1.93433e+16
1.93493e+16
1.96482e+16
1.96337e+16
1.96501e+16
1.96811e+16
1.96715e+16
1.9555e+16
1.94753e+16
1.95133e+16
1.94499e+16
1.89087e+16
1.89424e+16
1.85906e+16
1.84312e+16
1.80861e+16
1.78998e+16
1.74033e+16
1.69932e+16
1.66512e+16
1.63023e+16
1.58527e+16
1.54164e+16
1.49421e+16
1.44098e+16
1.39041e+16
1.34136e+16
1.28722e+16
1.21831e+16
1.16526e+16
1.10751e+16
1.04548e+16
9.8429e+15
9.13574e+15
8.43492e+15
7.66035e+15
7.18192e+15
6.39542e+15
5.70497e+15
4.97878e+15
4.27238e+15
3.54521e+15
2.77653e+15
1.98128e+15
1.20563e+15
1.26774e+15
2.07612e+15
2.88332e+15
3.70484e+15
4.44071e+15
5.13495e+15
5.92136e+15
6.65571e+15
7.40258e+15
8.10524e+15
8.88009e+15
9.4479e+15
1.0222e+16
1.07776e+16
1.13287e+16
1.20625e+16
1.25802e+16
1.3242e+16
1.37512e+16
1.44255e+16
1.49128e+16
1.52816e+16
1.5811e+16
1.63876e+16
1.6719e+16
1.72631e+16
1.77186e+16
1.79391e+16
1.83324e+16
1.85265e+16
1.89112e+16
1.93211e+16
1.94536e+16
1.96098e+16
1.96202e+16
1.99198e+16
2.0062e+16
2.00499e+16
2.00693e+16
2.03364e+16
2.03901e+16
2.01956e+16
2.01011e+16
2.02749e+16
2.00701e+16
1.9929e+16
1.93556e+16
1.94127e+16
1.92838e+16
1.8973e+16
1.86435e+16
1.83996e+16
1.79822e+16
1.75636e+16
1.70761e+16
1.68226e+16
1.63262e+16
1.58145e+16
1.5359e+16
1.49185e+16
1.43577e+16
1.37053e+16
1.31939e+16
1.26129e+16
1.1928e+16
1.15068e+16
1.09178e+16
1.0058e+16
9.42222e+15
8.74424e+15
8.02103e+15
7.33011e+15
6.6125e+15
5.82357e+15
5.16609e+15
4.365e+15
3.64344e+15
2.8191e+15
2.03902e+15
1.21239e+15
1.29856e+15
2.14512e+15
2.99028e+15
3.79547e+15
4.54985e+15
5.31048e+15
6.13271e+15
6.91517e+15
7.56687e+15
8.43198e+15
9.11318e+15
9.72112e+15
1.04456e+16
1.10888e+16
1.16937e+16
1.23825e+16
1.29624e+16
1.3487e+16
1.41886e+16
1.47405e+16
1.52657e+16
1.57662e+16
1.631e+16
1.69616e+16
1.72571e+16
1.75802e+16
1.81609e+16
1.84242e+16
1.87062e+16
1.90541e+16
1.93366e+16
1.95592e+16
1.99336e+16
2.00847e+16
2.04018e+16
2.05385e+16
2.07561e+16
2.07609e+16
2.07774e+16
2.09819e+16
2.096e+16
2.07925e+16
2.08142e+16
2.072e+16
2.04694e+16
2.02929e+16
2.01851e+16
1.9926e+16
1.98238e+16
1.94568e+16
1.92724e+16
1.88059e+16
1.84237e+16
1.81289e+16
1.77372e+16
1.71257e+16
1.68141e+16
1.63456e+16
1.58522e+16
1.53797e+16
1.46823e+16
1.41331e+16
1.36505e+16
1.30043e+16
1.24566e+16
1.17656e+16
1.096e+16
1.04021e+16
9.64196e+15
8.91449e+15
8.21811e+15
7.58967e+15
6.80491e+15
6.1e+15
5.37804e+15
4.46933e+15
3.76246e+15
2.98092e+15
2.14686e+15
1.2567e+15
1.32195e+15
2.21466e+15
3.1322e+15
3.8846e+15
4.7118e+15
5.55783e+15
6.30351e+15
7.19018e+15
7.86789e+15
8.56949e+15
9.35177e+15
1.00383e+16
1.08405e+16
1.13257e+16
1.20553e+16
1.2763e+16
1.33255e+16
1.39604e+16
1.45662e+16
1.51262e+16
1.57048e+16
1.62152e+16
1.69132e+16
1.72807e+16
1.76949e+16
1.81781e+16
1.8749e+16
1.89376e+16
1.91804e+16
1.97611e+16
1.99697e+16
2.02481e+16
2.04855e+16
2.07217e+16
2.09703e+16
2.12786e+16
2.13745e+16
2.13491e+16
2.13424e+16
2.12683e+16
2.14245e+16
2.14772e+16
2.13562e+16
2.11522e+16
2.10109e+16
2.08607e+16
2.07013e+16
2.0599e+16
2.02332e+16
1.9955e+16
1.95565e+16
1.93153e+16
1.89247e+16
1.85397e+16
1.82261e+16
1.77759e+16
1.72155e+16
1.66966e+16
1.62157e+16
1.56386e+16
1.51411e+16
1.45773e+16
1.4028e+16
1.34781e+16
1.27357e+16
1.21008e+16
1.13363e+16
1.06762e+16
9.81515e+15
9.10868e+15
8.36484e+15
7.75437e+15
7.05676e+15
6.25448e+15
5.45578e+15
4.63323e+15
3.8915e+15
3.04009e+15
2.17843e+15
1.29706e+15
1.34134e+15
2.30699e+15
3.16939e+15
4.03853e+15
4.86838e+15
5.61865e+15
6.42776e+15
7.30347e+15
8.03231e+15
8.77253e+15
9.53225e+15
1.04175e+16
1.10424e+16
1.17251e+16
1.24639e+16
1.30726e+16
1.3686e+16
1.43045e+16
1.49272e+16
1.5571e+16
1.59904e+16
1.667e+16
1.70932e+16
1.77486e+16
1.81533e+16
1.85158e+16
1.9068e+16
1.94118e+16
1.98746e+16
2.02404e+16
2.06308e+16
2.07731e+16
2.09562e+16
2.14542e+16
2.14646e+16
2.16948e+16
2.17579e+16
2.18527e+16
2.19071e+16
2.17338e+16
2.19443e+16
2.17737e+16
2.17817e+16
2.17308e+16
2.16221e+16
2.14783e+16
2.11287e+16
2.08877e+16
2.07981e+16
2.04806e+16
2.02604e+16
1.98142e+16
1.94685e+16
1.90284e+16
1.86675e+16
1.81549e+16
1.75449e+16
1.7041e+16
1.66398e+16
1.60715e+16
1.55406e+16
1.47998e+16
1.42941e+16
1.38384e+16
1.30058e+16
1.23331e+16
1.18558e+16
1.09177e+16
1.00422e+16
9.45043e+15
8.60802e+15
7.97081e+15
7.19504e+15
6.47578e+15
5.67515e+15
4.7278e+15
3.99779e+15
3.0912e+15
2.24643e+15
1.34689e+15
1.37314e+15
2.32019e+15
3.17699e+15
4.0786e+15
4.87957e+15
5.73216e+15
6.62172e+15
7.44446e+15
8.24504e+15
8.95402e+15
9.68539e+15
1.05186e+16
1.126e+16
1.20079e+16
1.28113e+16
1.33686e+16
1.40793e+16
1.47133e+16
1.532e+16
1.599e+16
1.65316e+16
1.69652e+16
1.74376e+16
1.80799e+16
1.84693e+16
1.88188e+16
1.93756e+16
1.9776e+16
2.04655e+16
2.05713e+16
2.08533e+16
2.11377e+16
2.15029e+16
2.17156e+16
2.18723e+16
2.20707e+16
2.21425e+16
2.23647e+16
2.24604e+16
2.25687e+16
2.25656e+16
2.23201e+16
2.23181e+16
2.21844e+16
2.20125e+16
2.1925e+16
2.16281e+16
2.12855e+16
2.10312e+16
2.09419e+16
2.06049e+16
2.01877e+16
1.99721e+16
1.94945e+16
1.90848e+16
1.84203e+16
1.78981e+16
1.76026e+16
1.68716e+16
1.64286e+16
1.59246e+16
1.52124e+16
1.47161e+16
1.4011e+16
1.33022e+16
1.27056e+16
1.18294e+16
1.11812e+16
1.03238e+16
9.68893e+15
8.87706e+15
8.08877e+15
7.39662e+15
6.60292e+15
5.74189e+15
4.82912e+15
3.98819e+15
3.14676e+15
2.35237e+15
1.34476e+15
1.37764e+15
2.32735e+15
3.2305e+15
4.14161e+15
4.9741e+15
5.81642e+15
6.72258e+15
7.59265e+15
8.35823e+15
9.13019e+15
1.004e+16
1.06529e+16
1.14581e+16
1.23759e+16
1.29097e+16
1.37871e+16
1.43943e+16
1.49801e+16
1.56721e+16
1.62909e+16
1.67059e+16
1.73989e+16
1.80656e+16
1.83839e+16
1.90654e+16
1.94544e+16
2.0003e+16
2.03733e+16
2.08153e+16
2.11986e+16
2.14742e+16
2.17509e+16
2.20416e+16
2.22813e+16
2.24021e+16
2.2625e+16
2.26726e+16
2.28117e+16
2.27993e+16
2.30153e+16
2.29939e+16
2.27395e+16
2.27661e+16
2.25567e+16
2.24064e+16
2.22097e+16
2.21221e+16
2.18509e+16
2.14489e+16
2.14572e+16
2.1019e+16
2.07264e+16
2.03306e+16
1.99785e+16
1.94091e+16
1.88017e+16
1.84166e+16
1.78719e+16
1.73266e+16
1.67622e+16
1.60728e+16
1.54172e+16
1.48325e+16
1.40384e+16
1.3465e+16
1.29596e+16
1.21208e+16
1.1377e+16
1.07989e+16
9.92577e+15
9.05213e+15
8.29604e+15
7.46253e+15
6.79734e+15
5.81972e+15
4.95699e+15
4.10535e+15
3.25266e+15
2.36697e+15
1.38649e+15
1.41648e+15
2.35009e+15
3.26939e+15
4.23259e+15
5.02258e+15
5.92228e+15
6.89811e+15
7.77171e+15
8.60669e+15
9.45299e+15
1.01264e+16
1.10709e+16
1.18561e+16
1.262e+16
1.3244e+16
1.4106e+16
1.46891e+16
1.539e+16
1.60416e+16
1.65375e+16
1.72174e+16
1.7753e+16
1.83866e+16
1.88534e+16
1.941e+16
1.99267e+16
2.03307e+16
2.07196e+16
2.12441e+16
2.16835e+16
2.19188e+16
2.20229e+16
2.24989e+16
2.26366e+16
2.27152e+16
2.30729e+16
2.30558e+16
2.31649e+16
2.31564e+16
2.33282e+16
2.3283e+16
2.33242e+16
2.30869e+16
2.31379e+16
2.2958e+16
2.26016e+16
2.25705e+16
2.24129e+16
2.21518e+16
2.17787e+16
2.17201e+16
2.11749e+16
2.07862e+16
2.02884e+16
1.98709e+16
1.94064e+16
1.88895e+16
1.82518e+16
1.76571e+16
1.71715e+16
1.66114e+16
1.58774e+16
1.52013e+16
1.44639e+16
1.38173e+16
1.31208e+16
1.23159e+16
1.16927e+16
1.08518e+16
1.00686e+16
9.17776e+15
8.51555e+15
7.63379e+15
6.78244e+15
5.89622e+15
5.00965e+15
4.14182e+15
3.32433e+15
2.37855e+15
1.47363e+15
1.43703e+15
2.43664e+15
3.37345e+15
4.35041e+15
5.14628e+15
6.09326e+15
6.94058e+15
7.79551e+15
8.76566e+15
9.55188e+15
1.0382e+16
1.12954e+16
1.19271e+16
1.29215e+16
1.34252e+16
1.43192e+16
1.48565e+16
1.55673e+16
1.61783e+16
1.70043e+16
1.75448e+16
1.81829e+16
1.86936e+16
1.91802e+16
1.97861e+16
2.02263e+16
2.07183e+16
2.10934e+16
2.14912e+16
2.18565e+16
2.23534e+16
2.25333e+16
2.29024e+16
2.31386e+16
2.31966e+16
2.34815e+16
2.35793e+16
2.35673e+16
2.35457e+16
2.36037e+16
2.3678e+16
2.37596e+16
2.36562e+16
2.36011e+16
2.32965e+16
2.31729e+16
2.29118e+16
2.28117e+16
2.23536e+16
2.22421e+16
2.19332e+16
2.15946e+16
2.1077e+16
2.05626e+16
2.03283e+16
1.97411e+16
1.92595e+16
1.87444e+16
1.79557e+16
1.74695e+16
1.67915e+16
1.61232e+16
1.56538e+16
1.4933e+16
1.40824e+16
1.33573e+16
1.2602e+16
1.18103e+16
1.09698e+16
1.01561e+16
9.33879e+15
8.67911e+15
7.78024e+15
6.891e+15
5.98993e+15
5.16788e+15
4.18135e+15
3.33308e+15
2.46241e+15
1.45441e+15
1.46733e+15
2.50959e+15
3.33386e+15
4.35132e+15
5.27741e+15
6.11826e+15
7.03204e+15
8.03062e+15
8.91132e+15
9.70677e+15
1.05372e+16
1.14597e+16
1.21264e+16
1.29882e+16
1.37739e+16
1.45511e+16
1.51762e+16
1.58162e+16
1.6571e+16
1.72548e+16
1.79856e+16
1.85996e+16
1.90246e+16
1.95712e+16
2.00006e+16
2.06599e+16
2.10898e+16
2.1481e+16
2.19667e+16
2.23438e+16
2.27317e+16
2.29934e+16
2.31248e+16
2.3479e+16
2.35865e+16
2.36544e+16
2.3944e+16
2.39776e+16
2.40769e+16
2.40196e+16
2.40726e+16
2.40092e+16
2.40867e+16
2.38003e+16
2.38752e+16
2.3611e+16
2.33799e+16
2.32119e+16
2.29953e+16
2.26079e+16
2.22386e+16
2.18991e+16
2.1532e+16
2.09725e+16
2.05607e+16
1.9994e+16
1.95898e+16
1.89167e+16
1.83891e+16
1.76572e+16
1.70262e+16
1.65569e+16
1.57456e+16
1.51119e+16
1.42232e+16
1.36146e+16
1.28507e+16
1.19334e+16
1.11857e+16
1.04086e+16
9.63948e+15
8.82711e+15
7.95833e+15
7.03291e+15
6.12546e+15
5.28245e+15
4.32003e+15
3.37262e+15
2.48047e+15
1.4964e+15
1.52013e+15
2.5314e+15
3.4833e+15
4.37599e+15
5.29406e+15
6.30213e+15
7.16206e+15
8.15037e+15
8.90995e+15
9.85234e+15
1.07782e+16
1.15029e+16
1.23023e+16
1.326e+16
1.39667e+16
1.46354e+16
1.5516e+16
1.61142e+16
1.67383e+16
1.76141e+16
1.81734e+16
1.88009e+16
1.93954e+16
1.98711e+16
2.04558e+16
2.09329e+16
2.14331e+16
2.19437e+16
2.23456e+16
2.26181e+16
2.29319e+16
2.33648e+16
2.34934e+16
2.37478e+16
2.41674e+16
2.42473e+16
2.41469e+16
2.43657e+16
2.44955e+16
2.45494e+16
2.45549e+16
2.44773e+16
2.44542e+16
2.4386e+16
2.40255e+16
2.39579e+16
2.37608e+16
2.35816e+16
2.32923e+16
2.30668e+16
2.2693e+16
2.22158e+16
2.18124e+16
2.13895e+16
2.08191e+16
2.03482e+16
1.98826e+16
1.92932e+16
1.86131e+16
1.79777e+16
1.7394e+16
1.67625e+16
1.60416e+16
1.53404e+16
1.44831e+16
1.39231e+16
1.30705e+16
1.22711e+16
1.14794e+16
1.06119e+16
9.79331e+15
8.9742e+15
8.06983e+15
7.22219e+15
6.25925e+15
5.42789e+15
4.45036e+15
3.44262e+15
2.55134e+15
1.52587e+15
1.57178e+15
2.58257e+15
3.57016e+15
4.46557e+15
5.41675e+15
6.31713e+15
7.28439e+15
8.19041e+15
9.00778e+15
9.98338e+15
1.0883e+16
1.17978e+16
1.26372e+16
1.34575e+16
1.41795e+16
1.48228e+16
1.57023e+16
1.6418e+16
1.7197e+16
1.7807e+16
1.84147e+16
1.89868e+16
1.95038e+16
2.02642e+16
2.07117e+16
2.12465e+16
2.17611e+16
2.22071e+16
2.25662e+16
2.2859e+16
2.34273e+16
2.359e+16
2.39193e+16
2.41313e+16
2.43594e+16
2.46877e+16
2.45714e+16
2.46303e+16
2.48898e+16
2.4797e+16
2.49473e+16
2.50559e+16
2.47452e+16
2.46838e+16
2.46455e+16
2.44226e+16
2.41746e+16
2.39283e+16
2.3603e+16
2.32317e+16
2.29373e+16
2.25444e+16
2.2082e+16
2.17336e+16
2.11976e+16
2.07564e+16
2.01325e+16
1.94583e+16
1.88891e+16
1.82951e+16
1.75568e+16
1.70782e+16
1.62733e+16
1.56234e+16
1.47935e+16
1.4025e+16
1.32114e+16
1.23782e+16
1.15577e+16
1.08262e+16
9.95857e+15
9.09116e+15
8.20692e+15
7.40932e+15
6.35758e+15
5.48871e+15
4.47837e+15
3.55085e+15
2.54435e+15
1.53439e+15
1.52798e+15
2.57951e+15
3.60316e+15
4.54959e+15
5.50912e+15
6.44808e+15
7.3841e+15
8.23958e+15
9.14349e+15
1.01673e+16
1.0922e+16
1.18399e+16
1.27247e+16
1.34788e+16
1.43929e+16
1.50283e+16
1.58032e+16
1.66107e+16
1.76374e+16
1.81018e+16
1.87249e+16
1.92962e+16
1.97882e+16
2.05587e+16
2.10467e+16
2.15687e+16
2.19825e+16
2.24458e+16
2.29939e+16
2.30484e+16
2.35386e+16
2.38743e+16
2.43158e+16
2.45193e+16
2.47272e+16
2.49146e+16
2.50158e+16
2.51117e+16
2.53491e+16
2.5292e+16
2.54242e+16
2.51621e+16
2.51039e+16
2.49586e+16
2.49068e+16
2.47266e+16
2.45683e+16
2.41556e+16
2.37705e+16
2.36143e+16
2.32816e+16
2.26535e+16
2.23535e+16
2.19224e+16
2.15401e+16
2.07631e+16
2.03255e+16
1.98494e+16
1.93489e+16
1.86039e+16
1.78489e+16
1.71728e+16
1.63936e+16
1.57287e+16
1.50167e+16
1.41595e+16
1.32838e+16
1.25937e+16
1.17719e+16
1.08503e+16
1.01639e+16
9.18344e+15
8.29338e+15
7.47344e+15
6.48298e+15
5.52614e+15
4.5829e+15
3.54473e+15
2.57308e+15
1.58021e+15
1.58142e+15
2.61693e+15
3.60102e+15
4.63846e+15
5.50697e+15
6.50472e+15
7.46799e+15
8.38497e+15
9.33163e+15
1.01487e+16
1.10671e+16
1.20756e+16
1.28458e+16
1.37048e+16
1.45238e+16
1.52939e+16
1.60754e+16
1.69467e+16
1.75651e+16
1.84216e+16
1.89171e+16
1.97345e+16
2.01225e+16
2.07462e+16
2.13675e+16
2.18525e+16
2.22066e+16
2.26895e+16
2.28666e+16
2.35231e+16
2.37312e+16
2.43431e+16
2.45332e+16
2.46642e+16
2.51803e+16
2.52074e+16
2.52873e+16
2.54854e+16
2.57662e+16
2.54942e+16
2.57382e+16
2.54102e+16
2.54424e+16
2.53173e+16
2.51699e+16
2.49448e+16
2.47004e+16
2.44465e+16
2.41455e+16
2.37065e+16
2.34012e+16
2.29171e+16
2.26627e+16
2.21638e+16
2.17296e+16
2.1084e+16
2.06988e+16
1.99907e+16
1.9462e+16
1.86976e+16
1.80047e+16
1.72692e+16
1.66609e+16
1.59615e+16
1.50951e+16
1.44183e+16
1.3581e+16
1.276e+16
1.17995e+16
1.10663e+16
1.02096e+16
9.24128e+15
8.33892e+15
7.35947e+15
6.57201e+15
5.58136e+15
4.65868e+15
3.62189e+15
2.61603e+15
1.58313e+15
1.57426e+15
2.64125e+15
3.71592e+15
4.65424e+15
5.59576e+15
6.6115e+15
7.51536e+15
8.46391e+15
9.41983e+15
1.02867e+16
1.11473e+16
1.20707e+16
1.30008e+16
1.38829e+16
1.46306e+16
1.54439e+16
1.61428e+16
1.68664e+16
1.76797e+16
1.86123e+16
1.91228e+16
1.98565e+16
2.04056e+16
2.09917e+16
2.13757e+16
2.18015e+16
2.25026e+16
2.28999e+16
2.33284e+16
2.36653e+16
2.42215e+16
2.44281e+16
2.47662e+16
2.50697e+16
2.51141e+16
2.53164e+16
2.55549e+16
2.57333e+16
2.5834e+16
2.58433e+16
2.57329e+16
2.57926e+16
2.57483e+16
2.58035e+16
2.54352e+16
2.51747e+16
2.50671e+16
2.48608e+16
2.44353e+16
2.40375e+16
2.38268e+16
2.33072e+16
2.27711e+16
2.23292e+16
2.19934e+16
2.12782e+16
2.07093e+16
2.00427e+16
1.94437e+16
1.88413e+16
1.82831e+16
1.75895e+16
1.67265e+16
1.61214e+16
1.53285e+16
1.44961e+16
1.37159e+16
1.29185e+16
1.20581e+16
1.10596e+16
1.02989e+16
9.35613e+15
8.4235e+15
7.56228e+15
6.54375e+15
5.67589e+15
4.61277e+15
3.61965e+15
2.6492e+15
1.57521e+15
1.60923e+15
2.72793e+15
3.69734e+15
4.72505e+15
5.67703e+15
6.60407e+15
7.61691e+15
8.42896e+15
9.36273e+15
1.02908e+16
1.12861e+16
1.21252e+16
1.31437e+16
1.40769e+16
1.47375e+16
1.5504e+16
1.64156e+16
1.71164e+16
1.79608e+16
1.8448e+16
1.92587e+16
1.99445e+16
2.04381e+16
2.10732e+16
2.15232e+16
2.21341e+16
2.26597e+16
2.32436e+16
2.35803e+16
2.36442e+16
2.43996e+16
2.46693e+16
2.50121e+16
2.5347e+16
2.53763e+16
2.55039e+16
2.57729e+16
2.60146e+16
2.59618e+16
2.59648e+16
2.59823e+16
2.59099e+16
2.60637e+16
2.58773e+16
2.56657e+16
2.54793e+16
2.5279e+16
2.50741e+16
2.45566e+16
2.4473e+16
2.39524e+16
2.35747e+16
2.30107e+16
2.25856e+16
2.21237e+16
2.15497e+16
2.09344e+16
2.04111e+16
1.95717e+16
1.91562e+16
1.83461e+16
1.77362e+16
1.69898e+16
1.62238e+16
1.55085e+16
1.47518e+16
1.37991e+16
1.31073e+16
1.21007e+16
1.13506e+16
1.04014e+16
9.46258e+15
8.54523e+15
7.53678e+15
6.6603e+15
5.64447e+15
4.66699e+15
3.72366e+15
2.6869e+15
1.5721e+15
1.65106e+15
2.74264e+15
3.74005e+15
4.70689e+15
5.74909e+15
6.69827e+15
7.65241e+15
8.59848e+15
9.63737e+15
1.0503e+16
1.13233e+16
1.22394e+16
1.31143e+16
1.40242e+16
1.49225e+16
1.56305e+16
1.64613e+16
1.72829e+16
1.81096e+16
1.86099e+16
1.94589e+16
1.99914e+16
2.05946e+16
2.13276e+16
2.19205e+16
2.23908e+16
2.27143e+16
2.32791e+16
2.37693e+16
2.39976e+16
2.44169e+16
2.49849e+16
2.50838e+16
2.5521e+16
2.56518e+16
2.58744e+16
2.60962e+16
2.6218e+16
2.62315e+16
2.62917e+16
2.62536e+16
2.61279e+16
2.60036e+16
2.59274e+16
2.58945e+16
2.56485e+16
2.55532e+16
2.50967e+16
2.47174e+16
2.45036e+16
2.42272e+16
2.37769e+16
2.3313e+16
2.26746e+16
2.23918e+16
2.1841e+16
2.11308e+16
2.05446e+16
1.98203e+16
1.91707e+16
1.86125e+16
1.77463e+16
1.71599e+16
1.62084e+16
1.55564e+16
1.47853e+16
1.39838e+16
1.31297e+16
1.22348e+16
1.14172e+16
1.04499e+16
9.5677e+15
8.59054e+15
7.59824e+15
6.67103e+15
5.75129e+15
4.74647e+15
3.76824e+15
2.68095e+15
1.64062e+15
1.64289e+15
2.73815e+15
3.83183e+15
4.81986e+15
5.7395e+15
6.76262e+15
7.71015e+15
8.66897e+15
9.66659e+15
1.05174e+16
1.14066e+16
1.24178e+16
1.32135e+16
1.40889e+16
1.50024e+16
1.58731e+16
1.66778e+16
1.74174e+16
1.79136e+16
1.87674e+16
1.94373e+16
2.00509e+16
2.06562e+16
2.13954e+16
2.19586e+16
2.24386e+16
2.30357e+16
2.34529e+16
2.40073e+16
2.40795e+16
2.46212e+16
2.51885e+16
2.54182e+16
2.57827e+16
2.58761e+16
2.60365e+16
2.61669e+16
2.64132e+16
2.65041e+16
2.65181e+16
2.63474e+16
2.63685e+16
2.6143e+16
2.59734e+16
2.60375e+16
2.57745e+16
2.55493e+16
2.52581e+16
2.49554e+16
2.46448e+16
2.42477e+16
2.38606e+16
2.33285e+16
2.2905e+16
2.2499e+16
2.17811e+16
2.1258e+16
2.05371e+16
1.99999e+16
1.94034e+16
1.85916e+16
1.80467e+16
1.71478e+16
1.64679e+16
1.55618e+16
1.48273e+16
1.41917e+16
1.32506e+16
1.22696e+16
1.13722e+16
1.05218e+16
9.67269e+15
8.70176e+15
7.62301e+15
6.64791e+15
5.79362e+15
4.7883e+15
3.76451e+15
2.73712e+15
1.62709e+15
1.66073e+15
2.71309e+15
3.80471e+15
4.78537e+15
5.87228e+15
6.78023e+15
7.77359e+15
8.82633e+15
9.62829e+15
1.06576e+16
1.15962e+16
1.25671e+16
1.33492e+16
1.42101e+16
1.49282e+16
1.59021e+16
1.66792e+16
1.75727e+16
1.809e+16
1.8888e+16
1.94692e+16
2.01422e+16
2.09157e+16
2.1524e+16
2.20829e+16
2.24323e+16
2.29556e+16
2.35399e+16
2.40262e+16
2.4416e+16
2.48794e+16
2.5167e+16
2.54595e+16
2.57037e+16
2.59529e+16
2.60481e+16
2.62809e+16
2.64962e+16
2.66126e+16
2.64998e+16
2.65222e+16
2.63206e+16
2.62931e+16
2.60292e+16
2.60225e+16
2.58609e+16
2.56367e+16
2.53543e+16
2.48627e+16
2.46945e+16
2.42582e+16
2.38528e+16
2.34259e+16
2.29401e+16
2.23867e+16
2.19297e+16
2.12383e+16
2.06612e+16
2.01447e+16
1.95267e+16
1.87469e+16
1.79938e+16
1.72614e+16
1.64476e+16
1.57196e+16
1.49423e+16
1.40765e+16
1.31679e+16
1.24101e+16
1.1341e+16
1.05463e+16
9.60435e+15
8.74006e+15
7.8051e+15
6.71974e+15
5.79229e+15
4.78367e+15
3.73576e+15
2.747e+15
1.61466e+15
1.65332e+15
2.72442e+15
3.78738e+15
4.85393e+15
5.8089e+15
6.84729e+15
7.78244e+15
8.79363e+15
9.67475e+15
1.07339e+16
1.15862e+16
1.23762e+16
1.32698e+16
1.41414e+16
1.48896e+16
1.5925e+16
1.66975e+16
1.74223e+16
1.81727e+16
1.89557e+16
1.97499e+16
2.02028e+16
2.09127e+16
2.1537e+16
2.21194e+16
2.25636e+16
2.31042e+16
2.36364e+16
2.40135e+16
2.44986e+16
2.48059e+16
2.52163e+16
2.56171e+16
2.59325e+16
2.59837e+16
2.6258e+16
2.63073e+16
2.64166e+16
2.65851e+16
2.65344e+16
2.6645e+16
2.65155e+16
2.64511e+16
2.633e+16
2.60719e+16
2.58955e+16
2.58956e+16
2.55545e+16
2.5003e+16
2.48262e+16
2.45096e+16
2.40641e+16
2.35693e+16
2.30611e+16
2.242e+16
2.19873e+16
2.14146e+16
2.06907e+16
2.01193e+16
1.95457e+16
1.89119e+16
1.79772e+16
1.74073e+16
1.64334e+16
1.57954e+16
1.50466e+16
1.41225e+16
1.33182e+16
1.2437e+16
1.14389e+16
1.05795e+16
9.67723e+15
8.69144e+15
7.82179e+15
6.81188e+15
5.79954e+15
4.84907e+15
3.785e+15
2.74836e+15
1.64368e+15
1.65619e+15
2.80753e+15
3.76717e+15
4.84609e+15
5.89806e+15
6.89857e+15
7.80633e+15
8.789e+15
9.77676e+15
1.07064e+16
1.15696e+16
1.25042e+16
1.34408e+16
1.41366e+16
1.49907e+16
1.59247e+16
1.66711e+16
1.74498e+16
1.82256e+16
1.89114e+16
1.96092e+16
2.02866e+16
2.0831e+16
2.15014e+16
2.20391e+16
2.26047e+16
2.31474e+16
2.36082e+16
2.41807e+16
2.44811e+16
2.47118e+16
2.53133e+16
2.56714e+16
2.57029e+16
2.59346e+16
2.62303e+16
2.64222e+16
2.646e+16
2.66728e+16
2.65292e+16
2.65949e+16
2.66011e+16
2.64369e+16
2.63851e+16
2.6089e+16
2.60672e+16
2.58187e+16
2.53503e+16
2.51303e+16
2.4675e+16
2.4446e+16
2.39904e+16
2.34636e+16
2.31026e+16
2.25529e+16
2.19668e+16
2.13075e+16
2.08093e+16
2.01407e+16
1.95163e+16
1.87018e+16
1.8056e+16
1.72785e+16
1.65729e+16
1.57417e+16
1.49341e+16
1.40328e+16
1.33308e+16
1.24719e+16
1.14173e+16
1.05378e+16
9.67549e+15
8.73116e+15
7.72236e+15
6.76941e+15
5.76221e+15
4.81972e+15
3.74385e+15
2.74411e+15
1.59679e+15
1.66933e+15
2.70788e+15
3.76823e+15
4.79706e+15
5.8172e+15
6.81569e+15
7.76941e+15
8.81895e+15
9.78699e+15
1.0697e+16
1.15767e+16
1.24557e+16
1.34033e+16
1.42064e+16
1.50087e+16
1.58183e+16
1.65053e+16
1.72588e+16
1.80488e+16
1.87686e+16
1.94699e+16
2.02353e+16
2.08365e+16
2.14818e+16
2.20808e+16
2.26878e+16
2.31609e+16
2.37967e+16
2.42183e+16
2.46387e+16
2.49523e+16
2.53918e+16
2.55617e+16
2.59434e+16
2.58635e+16
2.60335e+16
2.62876e+16
2.64818e+16
2.6564e+16
2.66314e+16
2.65562e+16
2.65034e+16
2.63351e+16
2.63342e+16
2.61007e+16
2.58562e+16
2.57848e+16
2.54766e+16
2.51346e+16
2.48571e+16
2.43398e+16
2.4018e+16
2.35359e+16
2.30603e+16
2.2498e+16
2.20952e+16
2.14615e+16
2.08737e+16
2.00908e+16
1.94572e+16
1.87974e+16
1.81085e+16
1.73082e+16
1.6636e+16
1.57854e+16
1.50397e+16
1.42235e+16
1.32749e+16
1.23784e+16
1.15943e+16
1.06256e+16
9.61017e+15
8.79753e+15
7.80675e+15
6.82573e+15
5.80922e+15
4.76798e+15
3.71294e+15
2.75952e+15
1.57839e+15
1.6573e+15
2.73277e+15
3.78656e+15
4.75963e+15
5.795e+15
6.82615e+15
7.70561e+15
8.73924e+15
9.71594e+15
1.07496e+16
1.15714e+16
1.24388e+16
1.32125e+16
1.41448e+16
1.50898e+16
1.58034e+16
1.65064e+16
1.73705e+16
1.79666e+16
1.87282e+16
1.96721e+16
2.01049e+16
2.09092e+16
2.14585e+16
2.20109e+16
2.26464e+16
2.31424e+16
2.36488e+16
2.41387e+16
2.44469e+16
2.48473e+16
2.50344e+16
2.54705e+16
2.58929e+16
2.60832e+16
2.62365e+16
2.6312e+16
2.63477e+16
2.63722e+16
2.65315e+16
2.65325e+16
2.64228e+16
2.63788e+16
2.61366e+16
2.59313e+16
2.59009e+16
2.57202e+16
2.53556e+16
2.49459e+16
2.47396e+16
2.44851e+16
2.40813e+16
2.34992e+16
2.307e+16
2.25169e+16
2.2026e+16
2.13734e+16
2.07231e+16
1.9993e+16
1.94502e+16
1.88176e+16
1.79911e+16
1.7334e+16
1.65429e+16
1.58004e+16
1.49555e+16
1.41472e+16
1.32527e+16
1.23162e+16
1.15821e+16
1.06247e+16
9.59802e+15
8.67544e+15
7.75524e+15
6.83073e+15
5.87352e+15
4.87866e+15
3.74695e+15
2.69638e+15
1.62843e+15
1.60385e+15
2.77244e+15
3.75538e+15
4.77784e+15
5.83587e+15
6.8022e+15
7.82046e+15
8.80579e+15
9.67489e+15
1.07043e+16
1.15277e+16
1.24852e+16
1.34515e+16
1.41053e+16
1.50126e+16
1.57783e+16
1.65922e+16
1.73283e+16
1.79102e+16
1.88728e+16
1.96051e+16
2.03328e+16
2.09418e+16
2.14395e+16
2.20336e+16
2.25552e+16
2.31023e+16
2.33569e+16
2.39144e+16
2.43485e+16
2.49619e+16
2.51284e+16
2.53766e+16
2.58007e+16
2.5884e+16
2.62807e+16
2.64035e+16
2.6407e+16
2.64637e+16
2.65107e+16
2.64216e+16
2.64777e+16
2.62236e+16
2.6223e+16
2.61161e+16
2.59132e+16
2.56372e+16
2.53962e+16
2.4812e+16
2.47368e+16
2.43567e+16
2.38948e+16
2.34037e+16
2.28937e+16
2.23903e+16
2.18947e+16
2.11637e+16
2.06848e+16
2.01086e+16
1.94806e+16
1.88134e+16
1.79855e+16
1.72535e+16
1.63569e+16
1.56422e+16
1.49327e+16
1.40791e+16
1.32029e+16
1.24852e+16
1.14128e+16
1.06065e+16
9.65765e+15
8.75364e+15
7.75588e+15
6.83968e+15
5.78977e+15
4.83274e+15
3.76476e+15
2.71635e+15
1.6863e+15
1.67056e+15
2.76267e+15
3.78309e+15
4.76729e+15
5.75065e+15
6.75551e+15
7.74437e+15
8.62788e+15
9.61141e+15
1.05223e+16
1.15273e+16
1.24141e+16
1.32665e+16
1.42091e+16
1.49232e+16
1.57598e+16
1.64319e+16
1.71981e+16
1.8016e+16
1.87448e+16
1.9345e+16
2.01881e+16
2.07533e+16
2.12531e+16
2.17986e+16
2.24287e+16
2.28824e+16
2.34026e+16
2.38479e+16
2.43827e+16
2.47089e+16
2.49688e+16
2.52477e+16
2.55832e+16
2.58838e+16
2.61036e+16
2.62203e+16
2.62501e+16
2.62623e+16
2.61812e+16
2.64746e+16
2.625e+16
2.61499e+16
2.61605e+16
2.58421e+16
2.57266e+16
2.55788e+16
2.51741e+16
2.49898e+16
2.43932e+16
2.41773e+16
2.36682e+16
2.34949e+16
2.28963e+16
2.24483e+16
2.15641e+16
2.11959e+16
2.04989e+16
2.00263e+16
1.9395e+16
1.87434e+16
1.79118e+16
1.70784e+16
1.63441e+16
1.56945e+16
1.48075e+16
1.38364e+16
1.3127e+16
1.23423e+16
1.14656e+16
1.04757e+16
9.4407e+15
8.60714e+15
7.77024e+15
6.75198e+15
5.7562e+15
4.73271e+15
3.7624e+15
2.72234e+15
1.66296e+15
1.66582e+15
2.73632e+15
3.76337e+15
4.73909e+15
5.73652e+15
6.69401e+15
7.63457e+15
8.63173e+15
9.48203e+15
1.03991e+16
1.13443e+16
1.21738e+16
1.32036e+16
1.40757e+16
1.4807e+16
1.56962e+16
1.64419e+16
1.72771e+16
1.78238e+16
1.85469e+16
1.93214e+16
1.98729e+16
2.05638e+16
2.12054e+16
2.17389e+16
2.22446e+16
2.28414e+16
2.32973e+16
2.36986e+16
2.41135e+16
2.46206e+16
2.4918e+16
2.51269e+16
2.52411e+16
2.56235e+16
2.58223e+16
2.59828e+16
2.62406e+16
2.62441e+16
2.60885e+16
2.61711e+16
2.59828e+16
2.59744e+16
2.59499e+16
2.58789e+16
2.56618e+16
2.53729e+16
2.5023e+16
2.46272e+16
2.43493e+16
2.40064e+16
2.34402e+16
2.30919e+16
2.26913e+16
2.2306e+16
2.14498e+16
2.10602e+16
2.03657e+16
1.97046e+16
1.92598e+16
1.85995e+16
1.78703e+16
1.69079e+16
1.63007e+16
1.54265e+16
1.48335e+16
1.39953e+16
1.31125e+16
1.22618e+16
1.1327e+16
1.03659e+16
9.58059e+15
8.66897e+15
7.6852e+15
6.73001e+15
5.73487e+15
4.74248e+15
3.73922e+15
2.74018e+15
1.60581e+15
1.66438e+15
2.69632e+15
3.70095e+15
4.71634e+15
5.72327e+15
6.61085e+15
7.632e+15
8.51248e+15
9.35429e+15
1.04238e+16
1.12322e+16
1.21614e+16
1.30922e+16
1.38652e+16
1.48676e+16
1.54798e+16
1.63076e+16
1.72252e+16
1.77518e+16
1.8471e+16
1.90554e+16
1.96364e+16
2.02677e+16
2.10455e+16
2.15627e+16
2.21389e+16
2.2611e+16
2.29922e+16
2.36006e+16
2.41989e+16
2.44567e+16
2.47785e+16
2.50845e+16
2.51679e+16
2.54075e+16
2.55052e+16
2.57575e+16
2.58285e+16
2.58068e+16
2.57798e+16
2.58286e+16
2.58187e+16
2.58144e+16
2.57145e+16
2.56919e+16
2.53906e+16
2.52893e+16
2.49704e+16
2.44314e+16
2.41217e+16
2.37498e+16
2.32597e+16
2.29756e+16
2.23786e+16
2.19924e+16
2.14339e+16
2.09294e+16
2.02041e+16
1.97531e+16
1.90296e+16
1.83042e+16
1.76818e+16
1.69355e+16
1.62058e+16
1.53857e+16
1.46265e+16
1.37695e+16
1.29734e+16
1.21939e+16
1.13593e+16
1.03437e+16
9.47084e+15
8.495e+15
7.61315e+15
6.73593e+15
5.69676e+15
4.71253e+15
3.77921e+15
2.69982e+15
1.59685e+15
1.60412e+15
2.67161e+15
3.66129e+15
4.67277e+15
5.67428e+15
6.58856e+15
7.59205e+15
8.53793e+15
9.37713e+15
1.02605e+16
1.11089e+16
1.20545e+16
1.30302e+16
1.36908e+16
1.46498e+16
1.54657e+16
1.61941e+16
1.6854e+16
1.77e+16
1.82677e+16
1.88878e+16
1.96316e+16
2.00701e+16
2.07467e+16
2.14145e+16
2.18826e+16
2.23615e+16
2.28884e+16
2.32512e+16
2.37391e+16
2.42127e+16
2.44794e+16
2.48003e+16
2.50182e+16
2.52225e+16
2.54878e+16
2.55843e+16
2.57303e+16
2.5588e+16
2.559e+16
2.55933e+16
2.5724e+16
2.55853e+16
2.54849e+16
2.52626e+16
2.5027e+16
2.48693e+16
2.45961e+16
2.41171e+16
2.39365e+16
2.34892e+16
2.30765e+16
2.27451e+16
2.2353e+16
2.17387e+16
2.11009e+16
2.06194e+16
2.01406e+16
1.93552e+16
1.88225e+16
1.81484e+16
1.74687e+16
1.67468e+16
1.60216e+16
1.51895e+16
1.44699e+16
1.36683e+16
1.28985e+16
1.20675e+16
1.10782e+16
1.03707e+16
9.37709e+15
8.4546e+15
7.50459e+15
6.55889e+15
5.64429e+15
4.65786e+15
3.6326e+15
2.68233e+15
1.59144e+15
1.58297e+15
2.60975e+15
3.57723e+15
4.64979e+15
5.52893e+15
6.52128e+15
7.49619e+15
8.34291e+15
9.24692e+15
1.0239e+16
1.09964e+16
1.19189e+16
1.28418e+16
1.35565e+16
1.44047e+16
1.5285e+16
1.5878e+16
1.67062e+16
1.73555e+16
1.79596e+16
1.87211e+16
1.92607e+16
1.9896e+16
2.05475e+16
2.10614e+16
2.16097e+16
2.22088e+16
2.26653e+16
2.31836e+16
2.34962e+16
2.3936e+16
2.41246e+16
2.46797e+16
2.48374e+16
2.48742e+16
2.52299e+16
2.52371e+16
2.53395e+16
2.52675e+16
2.54242e+16
2.52961e+16
2.52909e+16
2.52153e+16
2.51914e+16
2.50511e+16
2.46276e+16
2.44789e+16
2.4186e+16
2.39415e+16
2.3688e+16
2.33371e+16
2.28788e+16
2.2278e+16
2.19803e+16
2.13943e+16
2.09215e+16
2.02985e+16
1.99827e+16
1.92455e+16
1.86532e+16
1.79904e+16
1.71708e+16
1.64938e+16
1.58074e+16
1.50227e+16
1.42899e+16
1.33897e+16
1.26287e+16
1.18289e+16
1.08795e+16
1.01929e+16
9.23059e+15
8.30003e+15
7.38424e+15
6.4384e+15
5.51215e+15
4.58837e+15
3.61623e+15
2.6294e+15
1.58648e+15
1.56693e+15
2.50392e+15
3.56063e+15
4.40696e+15
5.5216e+15
6.43556e+15
7.33034e+15
8.17615e+15
9.16652e+15
1.00476e+16
1.08649e+16
1.17643e+16
1.25651e+16
1.34158e+16
1.42502e+16
1.49931e+16
1.57509e+16
1.64872e+16
1.72037e+16
1.77377e+16
1.85156e+16
1.88578e+16
1.96151e+16
2.03271e+16
2.07784e+16
2.12884e+16
2.17908e+16
2.22811e+16
2.27144e+16
2.31564e+16
2.35705e+16
2.39089e+16
2.41322e+16
2.43685e+16
2.45291e+16
2.4867e+16
2.48783e+16
2.49024e+16
2.48333e+16
2.49466e+16
2.50648e+16
2.50383e+16
2.48434e+16
2.47767e+16
2.45782e+16
2.4295e+16
2.40728e+16
2.3862e+16
2.3702e+16
2.32038e+16
2.28239e+16
2.25598e+16
2.21088e+16
2.16399e+16
2.11219e+16
2.07627e+16
2.02038e+16
1.97172e+16
1.90634e+16
1.83905e+16
1.75469e+16
1.69929e+16
1.64314e+16
1.56711e+16
1.49436e+16
1.41501e+16
1.32628e+16
1.22827e+16
1.17342e+16
1.08665e+16
1.00583e+16
9.09139e+15
8.16413e+15
7.31291e+15
6.3569e+15
5.46073e+15
4.52903e+15
3.51279e+15
2.55739e+15
1.57658e+15
1.49312e+15
2.51982e+15
3.51581e+15
4.46508e+15
5.48408e+15
6.30599e+15
7.13078e+15
8.10272e+15
8.97283e+15
9.83235e+15
1.0714e+16
1.14371e+16
1.25219e+16
1.33175e+16
1.39057e+16
1.47461e+16
1.5411e+16
1.64137e+16
1.69109e+16
1.75106e+16
1.80941e+16
1.87593e+16
1.93673e+16
1.996e+16
2.05787e+16
2.09527e+16
2.1427e+16
2.1837e+16
2.22605e+16
2.27375e+16
2.32356e+16
2.32996e+16
2.35349e+16
2.3965e+16
2.41287e+16
2.42344e+16
2.43533e+16
2.46395e+16
2.45633e+16
2.45202e+16
2.45622e+16
2.45448e+16
2.43422e+16
2.44215e+16
2.4238e+16
2.41097e+16
2.37217e+16
2.34351e+16
2.3112e+16
2.2851e+16
2.24646e+16
2.22504e+16
2.17713e+16
2.12581e+16
2.08216e+16
2.03249e+16
1.98565e+16
1.91404e+16
1.86906e+16
1.79424e+16
1.73565e+16
1.67636e+16
1.59626e+16
1.53173e+16
1.46445e+16
1.38566e+16
1.30402e+16
1.22602e+16
1.14415e+16
1.06633e+16
9.84033e+15
8.94338e+15
7.99814e+15
7.11005e+15
6.24604e+15
5.40418e+15
4.45506e+15
3.47739e+15
2.55369e+15
1.54637e+15
1.49332e+15
2.47932e+15
3.36852e+15
4.41964e+15
5.25819e+15
6.17376e+15
7.10822e+15
7.90325e+15
8.76868e+15
9.70727e+15
1.04918e+16
1.13219e+16
1.22085e+16
1.28737e+16
1.38452e+16
1.4485e+16
1.51798e+16
1.59359e+16
1.66372e+16
1.72141e+16
1.78317e+16
1.84181e+16
1.89323e+16
1.9599e+16
2.00696e+16
2.06092e+16
2.10371e+16
2.14916e+16
2.18424e+16
2.23413e+16
2.2629e+16
2.28301e+16
2.35034e+16
2.35275e+16
2.38134e+16
2.38824e+16
2.40882e+16
2.4019e+16
2.41218e+16
2.41526e+16
2.40179e+16
2.40873e+16
2.39937e+16
2.38897e+16
2.39809e+16
2.3341e+16
2.32422e+16
2.30401e+16
2.26545e+16
2.23993e+16
2.19888e+16
2.15528e+16
2.13404e+16
2.087e+16
2.04303e+16
1.99981e+16
1.93652e+16
1.8728e+16
1.83641e+16
1.76255e+16
1.71372e+16
1.66363e+16
1.58203e+16
1.50172e+16
1.44753e+16
1.36406e+16
1.29208e+16
1.20556e+16
1.12444e+16
1.05158e+16
9.58476e+15
8.7807e+15
7.87224e+15
7.01016e+15
6.10578e+15
5.26035e+15
4.38429e+15
3.49475e+15
2.524e+15
1.48032e+15
1.4504e+15
2.41841e+15
3.37037e+15
4.22544e+15
5.17123e+15
5.97282e+15
6.86229e+15
7.79491e+15
8.54422e+15
9.41502e+15
1.01849e+16
1.1004e+16
1.18379e+16
1.26426e+16
1.33009e+16
1.43062e+16
1.49701e+16
1.57521e+16
1.62464e+16
1.67622e+16
1.72555e+16
1.78857e+16
1.85433e+16
1.90323e+16
1.9536e+16
2.01242e+16
2.06803e+16
2.09201e+16
2.14105e+16
2.18298e+16
2.22109e+16
2.2718e+16
2.28963e+16
2.29382e+16
2.33155e+16
2.33076e+16
2.34912e+16
2.35961e+16
2.3642e+16
2.37979e+16
2.37231e+16
2.35422e+16
2.34139e+16
2.31498e+16
2.31721e+16
2.30295e+16
2.2638e+16
2.25549e+16
2.22453e+16
2.20355e+16
2.17459e+16
2.12405e+16
2.08774e+16
2.05676e+16
1.99827e+16
1.95849e+16
1.91249e+16
1.85611e+16
1.79388e+16
1.7226e+16
1.66452e+16
1.60299e+16
1.54195e+16
1.46941e+16
1.40667e+16
1.33424e+16
1.25685e+16
1.18547e+16
1.1108e+16
1.02529e+16
9.41236e+15
8.53303e+15
7.75272e+15
6.88903e+15
6.00827e+15
5.17719e+15
4.29616e+15
3.35547e+15
2.42286e+15
1.45743e+15
1.42899e+15
2.34025e+15
3.26063e+15
4.13606e+15
4.98814e+15
5.84545e+15
6.7257e+15
7.55476e+15
8.31714e+15
9.1628e+15
1.00393e+16
1.07521e+16
1.15356e+16
1.23165e+16
1.30678e+16
1.38384e+16
1.44081e+16
1.52552e+16
1.58793e+16
1.64038e+16
1.69781e+16
1.7555e+16
1.80774e+16
1.8577e+16
1.90693e+16
1.97211e+16
1.99735e+16
2.04424e+16
2.09542e+16
2.13052e+16
2.17309e+16
2.19253e+16
2.22373e+16
2.24715e+16
2.27768e+16
2.28717e+16
2.30594e+16
2.30569e+16
2.32424e+16
2.30476e+16
2.30268e+16
2.3098e+16
2.27402e+16
2.27022e+16
2.25981e+16
2.24347e+16
2.2358e+16
2.20322e+16
2.18242e+16
2.16015e+16
2.10641e+16
2.06081e+16
2.04766e+16
1.9982e+16
1.95215e+16
1.90989e+16
1.86603e+16
1.81629e+16
1.7534e+16
1.6864e+16
1.62989e+16
1.57239e+16
1.50466e+16
1.44234e+16
1.3645e+16
1.30545e+16
1.2225e+16
1.13942e+16
1.07235e+16
9.95916e+15
9.12712e+15
8.35209e+15
7.49216e+15
6.73359e+15
5.86536e+15
4.99804e+15
4.17283e+15
3.1992e+15
2.30147e+15
1.39316e+15
1.38058e+15
2.33713e+15
3.19279e+15
4.04098e+15
4.85834e+15
5.84738e+15
6.60324e+15
7.35075e+15
8.17601e+15
8.9681e+15
9.77011e+15
1.04669e+16
1.12794e+16
1.20463e+16
1.27676e+16
1.33354e+16
1.41099e+16
1.48463e+16
1.54736e+16
1.59884e+16
1.66085e+16
1.71211e+16
1.76973e+16
1.82248e+16
1.87181e+16
1.92265e+16
1.94483e+16
2.00848e+16
2.03675e+16
2.08445e+16
2.11271e+16
2.12953e+16
2.15351e+16
2.19325e+16
2.20648e+16
2.22363e+16
2.22031e+16
2.2397e+16
2.25243e+16
2.24155e+16
2.25022e+16
2.242e+16
2.22734e+16
2.22196e+16
2.19777e+16
2.20126e+16
2.1752e+16
2.14331e+16
2.11616e+16
2.09631e+16
2.05581e+16
2.02724e+16
1.98864e+16
1.9506e+16
1.90834e+16
1.86754e+16
1.81899e+16
1.76639e+16
1.70575e+16
1.65428e+16
1.57822e+16
1.52884e+16
1.46717e+16
1.3945e+16
1.32918e+16
1.26072e+16
1.1862e+16
1.10977e+16
1.05717e+16
9.66003e+15
9.00888e+15
8.17335e+15
7.38433e+15
6.51119e+15
5.7002e+15
4.88833e+15
4.0624e+15
3.19921e+15
2.2965e+15
1.36246e+15
1.35158e+15
2.21969e+15
3.09351e+15
3.90274e+15
4.7012e+15
5.57544e+15
6.31699e+15
7.08318e+15
7.94503e+15
8.65659e+15
9.43653e+15
1.02216e+16
1.09325e+16
1.17364e+16
1.24364e+16
1.30398e+16
1.38278e+16
1.44254e+16
1.51139e+16
1.55531e+16
1.6158e+16
1.66395e+16
1.7101e+16
1.75677e+16
1.81373e+16
1.86726e+16
1.90468e+16
1.93946e+16
1.97628e+16
2.01593e+16
2.0435e+16
2.08165e+16
2.09992e+16
2.10949e+16
2.13535e+16
2.15777e+16
2.147e+16
2.17578e+16
2.18901e+16
2.17477e+16
2.18011e+16
2.18131e+16
2.16039e+16
2.13989e+16
2.15367e+16
2.1267e+16
2.10036e+16
2.09332e+16
2.06411e+16
2.0271e+16
2.00579e+16
1.96757e+16
1.92338e+16
1.88158e+16
1.84486e+16
1.8056e+16
1.75614e+16
1.70644e+16
1.64826e+16
1.59888e+16
1.53891e+16
1.48631e+16
1.42795e+16
1.36051e+16
1.29384e+16
1.21905e+16
1.15391e+16
1.08531e+16
1.00819e+16
9.42529e+15
8.72112e+15
7.99337e+15
7.15885e+15
6.42313e+15
5.59104e+15
4.76826e+15
3.91995e+15
3.06273e+15
2.20242e+15
1.29333e+15
1.28729e+15
2.1744e+15
3.06703e+15
3.81822e+15
4.65781e+15
5.45927e+15
6.19091e+15
6.91659e+15
7.69364e+15
8.40401e+15
9.14904e+15
9.84624e+15
1.0576e+16
1.1384e+16
1.18213e+16
1.26019e+16
1.33518e+16
1.40634e+16
1.4662e+16
1.51015e+16
1.56324e+16
1.59797e+16
1.65404e+16
1.70693e+16
1.7545e+16
1.7882e+16
1.82614e+16
1.88289e+16
1.92404e+16
1.95003e+16
1.97516e+16
1.99935e+16
2.01319e+16
2.04079e+16
2.07013e+16
2.08201e+16
2.08469e+16
2.10158e+16
2.10285e+16
2.11157e+16
2.10623e+16
2.1151e+16
2.09302e+16
2.08385e+16
2.06769e+16
2.06192e+16
2.04501e+16
2.02439e+16
2.00367e+16
1.96091e+16
1.9371e+16
1.89535e+16
1.86498e+16
1.83309e+16
1.78267e+16
1.75071e+16
1.70385e+16
1.65116e+16
1.6028e+16
1.53505e+16
1.49916e+16
1.43426e+16
1.37927e+16
1.3172e+16
1.25774e+16
1.17666e+16
1.11984e+16
1.0542e+16
9.72947e+15
9.09501e+15
8.34851e+15
7.59113e+15
6.95044e+15
6.15876e+15
5.44216e+15
4.56285e+15
3.74602e+15
2.93509e+15
2.16377e+15
1.29005e+15
1.23284e+15
2.12544e+15
2.91864e+15
3.67737e+15
4.4432e+15
5.19765e+15
5.96131e+15
6.66699e+15
7.40185e+15
8.13817e+15
8.92141e+15
9.53138e+15
1.03038e+16
1.09148e+16
1.1587e+16
1.23083e+16
1.28335e+16
1.34015e+16
1.40198e+16
1.46061e+16
1.49875e+16
1.54066e+16
1.61001e+16
1.64115e+16
1.68658e+16
1.73185e+16
1.76583e+16
1.8012e+16
1.84162e+16
1.86873e+16
1.92187e+16
1.906e+16
1.96359e+16
1.98941e+16
1.98129e+16
2.00512e+16
2.0292e+16
2.04015e+16
2.03955e+16
2.03267e+16
2.02641e+16
2.02757e+16
2.01321e+16
2.01253e+16
1.98548e+16
1.97301e+16
1.98191e+16
1.94622e+16
1.91445e+16
1.88898e+16
1.86409e+16
1.83555e+16
1.80193e+16
1.77022e+16
1.7261e+16
1.68657e+16
1.64337e+16
1.60436e+16
1.53661e+16
1.4992e+16
1.44556e+16
1.38259e+16
1.31928e+16
1.26822e+16
1.20106e+16
1.14426e+16
1.08712e+16
1.0105e+16
9.42369e+15
8.7652e+15
8.12845e+15
7.36988e+15
6.66562e+15
5.93035e+15
5.21737e+15
4.48248e+15
3.63679e+15
2.86191e+15
2.06751e+15
1.26333e+15
1.20511e+15
2.00734e+15
2.78985e+15
3.51944e+15
4.29686e+15
4.95309e+15
5.72111e+15
6.44386e+15
7.13381e+15
7.81349e+15
8.45184e+15
9.1734e+15
9.87275e+15
1.03902e+16
1.10841e+16
1.16468e+16
1.22833e+16
1.2879e+16
1.33576e+16
1.37773e+16
1.44214e+16
1.47978e+16
1.54127e+16
1.56905e+16
1.62446e+16
1.66079e+16
1.70169e+16
1.72901e+16
1.77095e+16
1.78501e+16
1.82054e+16
1.85159e+16
1.87592e+16
1.88326e+16
1.90155e+16
1.9173e+16
1.92339e+16
1.9327e+16
1.95439e+16
1.96221e+16
1.94446e+16
1.94106e+16
1.93261e+16
1.92703e+16
1.90482e+16
1.90872e+16
1.8825e+16
1.87575e+16
1.84357e+16
1.82884e+16
1.80021e+16
1.74626e+16
1.7176e+16
1.69029e+16
1.65958e+16
1.61445e+16
1.56969e+16
1.53518e+16
1.48387e+16
1.43799e+16
1.37533e+16
1.32972e+16
1.27064e+16
1.20999e+16
1.14985e+16
1.08642e+16
1.0297e+16
9.62476e+15
9.07892e+15
8.36975e+15
7.73712e+15
7.10927e+15
6.36795e+15
5.69501e+15
4.99745e+15
4.24304e+15
3.47268e+15
2.72101e+15
1.98533e+15
1.18153e+15
1.152e+15
1.92253e+15
2.66541e+15
3.36465e+15
4.06288e+15
4.75665e+15
5.44862e+15
6.115e+15
6.89146e+15
7.47404e+15
8.07722e+15
8.72107e+15
9.36415e+15
1.0008e+16
1.06128e+16
1.1161e+16
1.17114e+16
1.23423e+16
1.2778e+16
1.33196e+16
1.38211e+16
1.43192e+16
1.46433e+16
1.49998e+16
1.55905e+16
1.59432e+16
1.62388e+16
1.65844e+16
1.68997e+16
1.72962e+16
1.74584e+16
1.77629e+16
1.7844e+16
1.80092e+16
1.82631e+16
1.83037e+16
1.84112e+16
1.84952e+16
1.86133e+16
1.86364e+16
1.86662e+16
1.85177e+16
1.84841e+16
1.83241e+16
1.82224e+16
1.80865e+16
1.79357e+16
1.78068e+16
1.76258e+16
1.74788e+16
1.71325e+16
1.68364e+16
1.6569e+16
1.61595e+16
1.58248e+16
1.54433e+16
1.50633e+16
1.44727e+16
1.42078e+16
1.35752e+16
1.31823e+16
1.27916e+16
1.21011e+16
1.15557e+16
1.10158e+16
1.04631e+16
9.85069e+15
9.31563e+15
8.54908e+15
8.06171e+15
7.4107e+15
6.82394e+15
6.10753e+15
5.37905e+15
4.71684e+15
4.02819e+15
3.34503e+15
2.63404e+15
1.89575e+15
1.16128e+15
1.07892e+15
1.86124e+15
2.53471e+15
3.17699e+15
3.82319e+15
4.43238e+15
5.16192e+15
5.82582e+15
6.49871e+15
7.07354e+15
7.72905e+15
8.38717e+15
8.94407e+15
9.49253e+15
1.00836e+16
1.0611e+16
1.11784e+16
1.1755e+16
1.21024e+16
1.25884e+16
1.31341e+16
1.36753e+16
1.39419e+16
1.43913e+16
1.4863e+16
1.52169e+16
1.54677e+16
1.57853e+16
1.60232e+16
1.64468e+16
1.65778e+16
1.6931e+16
1.70228e+16
1.70986e+16
1.73191e+16
1.75365e+16
1.76014e+16
1.76e+16
1.76107e+16
1.74794e+16
1.76319e+16
1.77173e+16
1.76274e+16
1.7496e+16
1.74263e+16
1.71658e+16
1.7102e+16
1.68626e+16
1.67464e+16
1.63667e+16
1.63678e+16
1.6064e+16
1.57474e+16
1.54298e+16
1.51953e+16
1.47826e+16
1.43511e+16
1.38351e+16
1.34403e+16
1.29086e+16
1.2615e+16
1.21072e+16
1.16387e+16
1.10142e+16
1.05406e+16
9.97334e+15
9.42951e+15
8.75359e+15
8.19055e+15
7.70392e+15
7.07042e+15
6.35933e+15
5.76285e+15
5.15357e+15
4.45907e+15
3.78543e+15
3.15527e+15
2.45613e+15
1.84233e+15
1.10795e+15
1.02967e+15
1.75107e+15
2.45792e+15
3.09052e+15
3.60387e+15
4.24358e+15
4.94149e+15
5.50265e+15
6.13229e+15
6.69827e+15
7.24724e+15
7.89348e+15
8.42721e+15
8.98356e+15
9.596e+15
1.00377e+16
1.05615e+16
1.10356e+16
1.15978e+16
1.19901e+16
1.24007e+16
1.27516e+16
1.3257e+16
1.3658e+16
1.40623e+16
1.43691e+16
1.45675e+16
1.48935e+16
1.5176e+16
1.54561e+16
1.57286e+16
1.59446e+16
1.62176e+16
1.61727e+16
1.64981e+16
1.66376e+16
1.66933e+16
1.66512e+16
1.66107e+16
1.66247e+16
1.67161e+16
1.66769e+16
1.65938e+16
1.66058e+16
1.6466e+16
1.63122e+16
1.61734e+16
1.59264e+16
1.57735e+16
1.55239e+16
1.53946e+16
1.51448e+16
1.48564e+16
1.44498e+16
1.41704e+16
1.38022e+16
1.35378e+16
1.31533e+16
1.26552e+16
1.22357e+16
1.1936e+16
1.15152e+16
1.10201e+16
1.04119e+16
9.89789e+15
9.42048e+15
8.88601e+15
8.38956e+15
7.7102e+15
7.21962e+15
6.63324e+15
6.02024e+15
5.52747e+15
4.88388e+15
4.25399e+15
3.58338e+15
2.95291e+15
2.38777e+15
1.74563e+15
9.97054e+14
9.71805e+14
1.64502e+15
2.24479e+15
2.90829e+15
3.471e+15
3.97687e+15
4.61575e+15
5.16435e+15
5.73868e+15
6.26338e+15
6.87614e+15
7.36089e+15
7.94233e+15
8.61719e+15
8.98842e+15
9.40493e+15
9.88064e+15
1.03656e+16
1.08074e+16
1.12294e+16
1.16585e+16
1.193e+16
1.24902e+16
1.28454e+16
1.33404e+16
1.34625e+16
1.37477e+16
1.40929e+16
1.4252e+16
1.4595e+16
1.47584e+16
1.49131e+16
1.51094e+16
1.52514e+16
1.54524e+16
1.54598e+16
1.55726e+16
1.56684e+16
1.56032e+16
1.57853e+16
1.57419e+16
1.57058e+16
1.56026e+16
1.54175e+16
1.54337e+16
1.5334e+16
1.51969e+16
1.51209e+16
1.47837e+16
1.47535e+16
1.45054e+16
1.42735e+16
1.38663e+16
1.36648e+16
1.33691e+16
1.29694e+16
1.27251e+16
1.2353e+16
1.18764e+16
1.15348e+16
1.12137e+16
1.08062e+16
1.04286e+16
9.70745e+15
9.23738e+15
8.85367e+15
8.40387e+15
7.85917e+15
7.36873e+15
6.84417e+15
6.29782e+15
5.7268e+15
5.07643e+15
4.55561e+15
3.9735e+15
3.36467e+15
2.7783e+15
2.2508e+15
1.63414e+15
9.72878e+14
8.78097e+14
1.5263e+15
2.13478e+15
2.69538e+15
3.18137e+15
3.74244e+15
4.31788e+15
4.8099e+15
5.42188e+15
5.90402e+15
6.46138e+15
6.93751e+15
7.41896e+15
7.90641e+15
8.33819e+15
8.80414e+15
9.20775e+15
9.67622e+15
1.00668e+16
1.04348e+16
1.09286e+16
1.12373e+16
1.15461e+16
1.20375e+16
1.22927e+16
1.25494e+16
1.2853e+16
1.30791e+16
1.3346e+16
1.35613e+16
1.36123e+16
1.38508e+16
1.41115e+16
1.42399e+16
1.42804e+16
1.43886e+16
1.45572e+16
1.46921e+16
1.46015e+16
1.46191e+16
1.46778e+16
1.47299e+16
1.45829e+16
1.44875e+16
1.44354e+16
1.44557e+16
1.42208e+16
1.40327e+16
1.39811e+16
1.37076e+16
1.35727e+16
1.32862e+16
1.30456e+16
1.26801e+16
1.23388e+16
1.21647e+16
1.19468e+16
1.15642e+16
1.11352e+16
1.0778e+16
1.03414e+16
1.00876e+16
9.63907e+15
9.28655e+15
8.70085e+15
8.30159e+15
7.87032e+15
7.34663e+15
6.93806e+15
6.40661e+15
5.7722e+15
5.27603e+15
4.7706e+15
4.24153e+15
3.72228e+15
3.16593e+15
2.58559e+15
2.06233e+15
1.52032e+15
9.32287e+14
8.38855e+14
1.39944e+15
2.00604e+15
2.49979e+15
2.97404e+15
3.50641e+15
3.97429e+15
4.48563e+15
5.00639e+15
5.37322e+15
5.97809e+15
6.46826e+15
6.90343e+15
7.2881e+15
7.72424e+15
8.08134e+15
8.4995e+15
8.84656e+15
9.31072e+15
9.68241e+15
1.00632e+16
1.04465e+16
1.06601e+16
1.10672e+16
1.12357e+16
1.15883e+16
1.17704e+16
1.2017e+16
1.22496e+16
1.24047e+16
1.26477e+16
1.27677e+16
1.295e+16
1.31414e+16
1.32809e+16
1.3369e+16
1.34984e+16
1.34699e+16
1.3525e+16
1.35381e+16
1.3649e+16
1.36658e+16
1.35307e+16
1.34474e+16
1.32778e+16
1.31848e+16
1.30511e+16
1.30483e+16
1.28211e+16
1.25565e+16
1.24669e+16
1.22522e+16
1.19369e+16
1.17062e+16
1.14678e+16
1.12317e+16
1.10136e+16
1.06892e+16
1.02745e+16
9.93031e+15
9.69136e+15
9.24619e+15
8.8539e+15
8.50849e+15
8.12248e+15
7.7329e+15
7.31466e+15
6.84119e+15
6.34896e+15
5.88457e+15
5.41601e+15
4.91553e+15
4.43041e+15
3.96015e+15
3.42109e+15
2.91359e+15
2.39565e+15
1.89825e+15
1.37861e+15
8.28788e+14
7.7047e+14
1.29636e+15
1.81152e+15
2.30032e+15
2.69765e+15
3.21468e+15
3.67027e+15
4.11564e+15
4.54526e+15
5.04955e+15
5.48555e+15
5.89049e+15
6.27558e+15
6.6087e+15
7.01208e+15
7.43038e+15
7.83991e+15
8.13083e+15
8.55311e+15
8.82198e+15
9.26829e+15
9.59366e+15
9.80451e+15
1.01163e+16
1.03591e+16
1.0565e+16
1.08992e+16
1.09814e+16
1.1246e+16
1.14518e+16
1.16348e+16
1.17566e+16
1.19329e+16
1.21687e+16
1.21052e+16
1.22965e+16
1.24414e+16
1.25428e+16
1.25446e+16
1.25228e+16
1.23783e+16
1.24549e+16
1.23834e+16
1.22623e+16
1.22938e+16
1.21507e+16
1.196e+16
1.19122e+16
1.17084e+16
1.15816e+16
1.14155e+16
1.12962e+16
1.10117e+16
1.08066e+16
1.05995e+16
1.0308e+16
1.00619e+16
9.79726e+15
9.51399e+15
9.17959e+15
8.90733e+15
8.44015e+15
8.11643e+15
7.82051e+15
7.44276e+15
6.99635e+15
6.62076e+15
6.17683e+15
5.79202e+15
5.38533e+15
4.9552e+15
4.49827e+15
4.03612e+15
3.56636e+15
3.13728e+15
2.69091e+15
2.21541e+15
1.73828e+15
1.28081e+15
7.40442e+14
6.88228e+14
1.17853e+15
1.61554e+15
2.04665e+15
2.47725e+15
2.8405e+15
3.2854e+15
3.69033e+15
4.14218e+15
4.49065e+15
4.9298e+15
5.25769e+15
5.66327e+15
5.99387e+15
6.36355e+15
6.76436e+15
7.11845e+15
7.38456e+15
7.68346e+15
8.07185e+15
8.33328e+15
8.591e+15
8.85037e+15
9.11584e+15
9.37576e+15
9.49363e+15
9.86583e+15
1.00392e+16
1.01718e+16
1.03977e+16
1.04457e+16
1.05969e+16
1.07558e+16
1.09042e+16
1.09786e+16
1.1121e+16
1.13153e+16
1.12586e+16
1.11245e+16
1.12022e+16
1.12567e+16
1.12223e+16
1.12366e+16
1.11512e+16
1.10462e+16
1.10192e+16
1.09032e+16
1.08189e+16
1.06475e+16
1.05471e+16
1.03619e+16
1.01437e+16
9.9455e+15
9.83019e+15
9.60265e+15
9.37333e+15
9.11698e+15
8.8883e+15
8.67507e+15
8.24829e+15
8.04094e+15
7.69754e+15
7.4235e+15
7.05923e+15
6.72189e+15
6.39166e+15
6.02176e+15
5.62305e+15
5.25062e+15
4.8882e+15
4.49376e+15
4.13648e+15
3.70487e+15
3.22473e+15
2.88652e+15
2.37868e+15
1.99128e+15
1.60289e+15
1.14597e+15
6.59081e+14
5.9026e+14
1.03613e+15
1.42137e+15
1.82746e+15
2.2161e+15
2.5829e+15
2.97705e+15
3.32062e+15
3.67467e+15
4.01229e+15
4.41113e+15
4.67075e+15
5.05207e+15
5.41418e+15
5.72065e+15
6.04492e+15
6.3036e+15
6.6248e+15
6.9104e+15
7.09625e+15
7.42662e+15
7.66787e+15
7.98975e+15
8.19867e+15
8.35846e+15
8.52454e+15
8.76222e+15
8.92958e+15
9.06855e+15
9.17899e+15
9.34402e+15
9.45487e+15
9.66058e+15
9.63893e+15
9.77047e+15
9.85042e+15
9.88945e+15
9.9809e+15
1.00557e+16
9.99902e+15
1.00212e+16
1.00016e+16
9.98604e+15
9.96283e+15
9.94155e+15
9.80689e+15
9.75048e+15
9.58628e+15
9.54248e+15
9.41736e+15
9.22724e+15
9.05121e+15
8.88981e+15
8.69076e+15
8.48069e+15
8.40112e+15
8.20935e+15
8.01319e+15
7.69878e+15
7.43854e+15
7.17082e+15
6.91297e+15
6.50908e+15
6.20352e+15
5.91471e+15
5.66112e+15
5.32043e+15
5.00845e+15
4.60424e+15
4.349e+15
3.98415e+15
3.61084e+15
3.29987e+15
2.92656e+15
2.51841e+15
2.21494e+15
1.75076e+15
1.43713e+15
1.00532e+15
6.16642e+14
5.60585e+14
9.06103e+14
1.23159e+15
1.6185e+15
1.90223e+15
2.23342e+15
2.62597e+15
2.89155e+15
3.22487e+15
3.49789e+15
3.74529e+15
4.18197e+15
4.44469e+15
4.66121e+15
4.98809e+15
5.21499e+15
5.57067e+15
5.81376e+15
5.95897e+15
6.19206e+15
6.52692e+15
6.75047e+15
6.96081e+15
7.14009e+15
7.25407e+15
7.50238e+15
7.65759e+15
7.80675e+15
7.95242e+15
8.05768e+15
8.12661e+15
8.23839e+15
8.39066e+15
8.49725e+15
8.50074e+15
8.68924e+15
8.60109e+15
8.75391e+15
8.81707e+15
8.88399e+15
8.94109e+15
8.89417e+15
8.74107e+15
8.79923e+15
8.69828e+15
8.7995e+15
8.5516e+15
8.4607e+15
8.39483e+15
8.27471e+15
8.10414e+15
7.9032e+15
7.80468e+15
7.63186e+15
7.54559e+15
7.28388e+15
7.13431e+15
6.98649e+15
6.74721e+15
6.49766e+15
6.26824e+15
6.08221e+15
5.70937e+15
5.531e+15
5.17664e+15
4.98126e+15
4.73693e+15
4.40804e+15
4.06091e+15
3.82661e+15
3.52227e+15
3.17671e+15
2.84597e+15
2.53434e+15
2.20405e+15
1.92006e+15
1.55985e+15
1.20738e+15
8.9726e+14
5.30199e+14
4.71148e+14
7.6187e+14
1.10172e+15
1.36588e+15
1.65372e+15
1.94023e+15
2.19217e+15
2.45921e+15
2.68718e+15
2.97386e+15
3.232e+15
3.49813e+15
3.73719e+15
3.98761e+15
4.21129e+15
4.40654e+15
4.61952e+15
4.90365e+15
5.15614e+15
5.36231e+15
5.51692e+15
5.72643e+15
5.88412e+15
6.05097e+15
6.25329e+15
6.37932e+15
6.49513e+15
6.71864e+15
6.80468e+15
6.92333e+15
6.98282e+15
7.06029e+15
7.16495e+15
7.21256e+15
7.29604e+15
7.34328e+15
7.40442e+15
7.39644e+15
7.55421e+15
7.55467e+15
7.48496e+15
7.56348e+15
7.465e+15
7.42675e+15
7.42813e+15
7.43616e+15
7.30145e+15
7.24292e+15
7.13317e+15
7.00869e+15
6.93054e+15
6.71744e+15
6.63058e+15
6.52403e+15
6.36598e+15
6.20306e+15
6.09257e+15
5.93007e+15
5.70506e+15
5.53077e+15
5.30896e+15
5.17673e+15
4.93305e+15
4.72111e+15
4.44062e+15
4.26823e+15
4.10042e+15
3.79731e+15
3.48098e+15
3.2384e+15
2.97042e+15
2.69047e+15
2.3909e+15
2.18171e+15
1.85911e+15
1.63191e+15
1.32384e+15
1.04998e+15
7.54421e+14
4.54716e+14
3.77208e+14
6.47349e+14
8.91852e+14
1.09874e+15
1.31412e+15
1.54049e+15
1.79157e+15
2.01836e+15
2.23079e+15
2.4277e+15
2.64715e+15
2.83355e+15
3.01983e+15
3.29689e+15
3.51441e+15
3.62744e+15
3.8037e+15
4.02044e+15
4.23145e+15
4.35008e+15
4.56359e+15
4.71606e+15
4.77289e+15
5.00231e+15
5.15261e+15
5.32121e+15
5.40047e+15
5.48046e+15
5.55875e+15
5.64988e+15
5.69873e+15
5.76996e+15
5.86435e+15
5.95218e+15
6.03841e+15
6.03006e+15
6.15481e+15
6.13009e+15
6.16055e+15
6.19485e+15
6.17009e+15
6.16798e+15
6.0695e+15
6.16179e+15
6.11445e+15
6.049e+15
5.95989e+15
5.85646e+15
5.77711e+15
5.826e+15
5.57952e+15
5.51284e+15
5.39868e+15
5.30263e+15
5.18545e+15
5.10138e+15
4.96594e+15
4.84283e+15
4.7051e+15
4.63323e+15
4.42396e+15
4.29002e+15
4.03826e+15
3.87757e+15
3.67009e+15
3.50341e+15
3.29021e+15
3.10768e+15
2.90186e+15
2.68019e+15
2.43192e+15
2.22359e+15
2.0214e+15
1.78172e+15
1.55219e+15
1.34352e+15
1.11e+15
8.57531e+14
6.06024e+14
3.78837e+14
2.95447e+14
4.80688e+14
6.62282e+14
8.48184e+14
1.05219e+15
1.25765e+15
1.41641e+15
1.60686e+15
1.75041e+15
1.9249e+15
2.089e+15
2.22631e+15
2.39201e+15
2.54611e+15
2.65432e+15
2.83437e+15
2.98572e+15
3.11702e+15
3.26268e+15
3.37128e+15
3.51418e+15
3.62109e+15
3.71818e+15
3.84597e+15
4.03809e+15
4.13052e+15
4.19708e+15
4.22674e+15
4.35391e+15
4.41251e+15
4.41831e+15
4.51384e+15
4.60016e+15
4.62341e+15
4.69175e+15
4.74422e+15
4.77968e+15
4.81866e+15
4.82426e+15
4.83953e+15
4.7928e+15
4.7633e+15
4.78876e+15
4.72932e+15
4.76161e+15
4.71771e+15
4.61346e+15
4.61534e+15
4.51375e+15
4.41407e+15
4.43404e+15
4.3766e+15
4.18848e+15
4.14587e+15
4.00426e+15
3.88325e+15
3.83937e+15
3.8096e+15
3.67018e+15
3.58217e+15
3.41257e+15
3.25417e+15
3.15667e+15
3.02183e+15
2.84408e+15
2.74417e+15
2.58048e+15
2.39828e+15
2.29163e+15
2.07251e+15
1.91585e+15
1.76975e+15
1.565e+15
1.35312e+15
1.17844e+15
1.02683e+15
8.46226e+14
6.77487e+14
4.95635e+14
2.83987e+14
2.06961e+14
3.47825e+14
4.78555e+14
6.0895e+14
7.35419e+14
8.76359e+14
1.00498e+15
1.15889e+15
1.23604e+15
1.36047e+15
1.47367e+15
1.57491e+15
1.65461e+15
1.76469e+15
1.88882e+15
2.02262e+15
2.10699e+15
2.18877e+15
2.28225e+15
2.43937e+15
2.48818e+15
2.61502e+15
2.65407e+15
2.75448e+15
2.80632e+15
2.93675e+15
2.98741e+15
3.03541e+15
3.13145e+15
3.10659e+15
3.15289e+15
3.22271e+15
3.19491e+15
3.22763e+15
3.30535e+15
3.30427e+15
3.37781e+15
3.39381e+15
3.41071e+15
3.40494e+15
3.40157e+15
3.40255e+15
3.35419e+15
3.39879e+15
3.30689e+15
3.27701e+15
3.26506e+15
3.24998e+15
3.18507e+15
3.16898e+15
3.10015e+15
3.07284e+15
2.95812e+15
2.86657e+15
2.86664e+15
2.74625e+15
2.72312e+15
2.63948e+15
2.56932e+15
2.50469e+15
2.3922e+15
2.27521e+15
2.20568e+15
2.13455e+15
2.00161e+15
1.89269e+15
1.75777e+15
1.7203e+15
1.58613e+15
1.46694e+15
1.28135e+15
1.18681e+15
1.08751e+15
9.773e+14
8.77529e+14
7.53064e+14
5.85018e+14
4.71602e+14
3.44732e+14
2.07606e+14
1.11122e+14
1.99145e+14
2.78904e+14
3.48687e+14
4.039e+14
4.80311e+14
5.27906e+14
6.07271e+14
6.74836e+14
7.41547e+14
8.2754e+14
8.8889e+14
9.43419e+14
9.84556e+14
1.02697e+15
1.12881e+15
1.1955e+15
1.22005e+15
1.31e+15
1.35479e+15
1.42467e+15
1.4089e+15
1.48049e+15
1.52052e+15
1.54955e+15
1.61813e+15
1.65467e+15
1.66288e+15
1.72073e+15
1.7292e+15
1.78864e+15
1.78784e+15
1.78255e+15
1.82588e+15
1.8574e+15
1.85966e+15
1.8696e+15
1.91567e+15
1.86252e+15
1.90577e+15
1.89076e+15
1.88568e+15
1.83622e+15
1.85497e+15
1.82946e+15
1.82258e+15
1.79064e+15
1.79517e+15
1.77183e+15
1.7244e+15
1.71857e+15
1.66939e+15
1.66706e+15
1.6269e+15
1.57547e+15
1.52141e+15
1.4893e+15
1.49011e+15
1.42017e+15
1.38871e+15
1.35526e+15
1.28433e+15
1.23513e+15
1.15687e+15
1.10721e+15
1.06314e+15
9.97641e+14
9.38328e+14
9.04736e+14
8.09098e+14
7.41616e+14
6.93173e+14
6.16678e+14
5.54765e+14
4.87095e+14
4.15528e+14
3.44502e+14
2.63892e+14
1.90174e+14
1.22802e+14
)
;

boundaryField
{
    movingWall
    {
        type            fixedValue;
        value           uniform 0;
    }
    fixedWalls
    {
        type            fixedValue;
        value           uniform 0;
    }
    frontAndBack
    {
        type            empty;
    }
}


// ************************************************************************* //
