/*--------------------------------*- C++ -*----------------------------------*\
  =========                 |
  \\      /  F ield         | OpenFOAM: The Open Source CFD Toolbox
   \\    /   O peration     | Website:  https://openfoam.org
    \\  /    A nd           | Version:  6
     \\/     M anipulation  |
\*---------------------------------------------------------------------------*/
FoamFile
{
    version     2.0;
    format      ascii;
    class       volScalarField;
    location    "600";
    object      dnp8;
}
// * * * * * * * * * * * * * * * * * * * * * * * * * * * * * * * * * * * * * //

dimensions      [0 -3 0 0 0 0 0];

internalField   nonuniform List<scalar> 
6400
(
5.6418e+12
9.74829e+12
1.3393e+13
1.70983e+13
2.13857e+13
2.49997e+13
2.77691e+13
3.18239e+13
3.52803e+13
3.88254e+13
4.13929e+13
4.6228e+13
4.84488e+13
5.08888e+13
5.51295e+13
5.79438e+13
6.21989e+13
6.31948e+13
6.71335e+13
6.86155e+13
7.27744e+13
7.43635e+13
7.45413e+13
7.66037e+13
8.00408e+13
8.03028e+13
8.31482e+13
8.39658e+13
8.66288e+13
8.82388e+13
9.32162e+13
9.0151e+13
9.2227e+13
9.3041e+13
9.46425e+13
9.26396e+13
9.61045e+13
9.43053e+13
9.47705e+13
9.34895e+13
9.7398e+13
9.44363e+13
9.64272e+13
9.30292e+13
9.22946e+13
9.17177e+13
9.29379e+13
9.1809e+13
8.87987e+13
9.04408e+13
8.72772e+13
8.92001e+13
8.47595e+13
8.30236e+13
8.06068e+13
7.89894e+13
7.65952e+13
7.53238e+13
7.19804e+13
6.96016e+13
6.67288e+13
6.44459e+13
6.17366e+13
5.88471e+13
5.69278e+13
5.31439e+13
5.15942e+13
4.66021e+13
4.56391e+13
4.17859e+13
3.85503e+13
3.50307e+13
3.07884e+13
2.80741e+13
2.44028e+13
2.22746e+13
1.75811e+13
1.38374e+13
1.06913e+13
5.70064e+12
9.8934e+12
1.68964e+13
2.44944e+13
3.20157e+13
3.77754e+13
4.45568e+13
4.9506e+13
5.64985e+13
6.45086e+13
6.76969e+13
7.35793e+13
8.01159e+13
8.78354e+13
9.01655e+13
9.74396e+13
1.04782e+14
1.08934e+14
1.14111e+14
1.17226e+14
1.22521e+14
1.25737e+14
1.3223e+14
1.32744e+14
1.36318e+14
1.42682e+14
1.44701e+14
1.4869e+14
1.50602e+14
1.57333e+14
1.56475e+14
1.60269e+14
1.59448e+14
1.67043e+14
1.63126e+14
1.65941e+14
1.6651e+14
1.68979e+14
1.68884e+14
1.71071e+14
1.70167e+14
1.72204e+14
1.72617e+14
1.71379e+14
1.68246e+14
1.65306e+14
1.64231e+14
1.66206e+14
1.61611e+14
1.61387e+14
1.60068e+14
1.58295e+14
1.56463e+14
1.53857e+14
1.48896e+14
1.44299e+14
1.40355e+14
1.36575e+14
1.33073e+14
1.30776e+14
1.24568e+14
1.19241e+14
1.14952e+14
1.09851e+14
1.03576e+14
1.01707e+14
9.7123e+13
9.07289e+13
8.47233e+13
7.89394e+13
7.59102e+13
6.91032e+13
6.22564e+13
5.47426e+13
4.97072e+13
4.4236e+13
3.7321e+13
3.1096e+13
2.4109e+13
1.93959e+13
9.74943e+12
1.35185e+13
2.36012e+13
3.24473e+13
4.31813e+13
4.96188e+13
5.82519e+13
6.63463e+13
7.53247e+13
8.51739e+13
9.03015e+13
9.74437e+13
1.05628e+14
1.15498e+14
1.20829e+14
1.31995e+14
1.39658e+14
1.44546e+14
1.50665e+14
1.57788e+14
1.6505e+14
1.68261e+14
1.77389e+14
1.77298e+14
1.82993e+14
1.90585e+14
1.94637e+14
1.99651e+14
2.07885e+14
2.08857e+14
2.08894e+14
2.13207e+14
2.18254e+14
2.19846e+14
2.21274e+14
2.23344e+14
2.26025e+14
2.27896e+14
2.28525e+14
2.23788e+14
2.25737e+14
2.25363e+14
2.28127e+14
2.27695e+14
2.26813e+14
2.22433e+14
2.19437e+14
2.19616e+14
2.16565e+14
2.1368e+14
2.13303e+14
2.11885e+14
2.07569e+14
2.049e+14
1.99009e+14
1.93153e+14
1.88526e+14
1.81207e+14
1.79838e+14
1.75224e+14
1.67896e+14
1.58634e+14
1.555e+14
1.48536e+14
1.38661e+14
1.34493e+14
1.29543e+14
1.20952e+14
1.13828e+14
1.04953e+14
1.00996e+14
9.35396e+13
8.56667e+13
7.41723e+13
6.96623e+13
5.93071e+13
5.02594e+13
4.30923e+13
3.28195e+13
2.47496e+13
1.35992e+13
1.65136e+13
2.92026e+13
4.17678e+13
5.34944e+13
6.36193e+13
7.36617e+13
8.39265e+13
9.38068e+13
1.07058e+14
1.15466e+14
1.23125e+14
1.33403e+14
1.40866e+14
1.54243e+14
1.62674e+14
1.71799e+14
1.79874e+14
1.87222e+14
1.97824e+14
2.03437e+14
2.138e+14
2.19762e+14
2.22727e+14
2.31304e+14
2.3761e+14
2.45406e+14
2.4418e+14
2.51938e+14
2.57832e+14
2.59724e+14
2.68068e+14
2.69925e+14
2.70658e+14
2.76283e+14
2.76995e+14
2.79884e+14
2.82857e+14
2.84031e+14
2.81011e+14
2.81326e+14
2.82988e+14
2.84984e+14
2.82913e+14
2.77278e+14
2.76326e+14
2.72419e+14
2.70334e+14
2.70837e+14
2.68078e+14
2.64557e+14
2.61738e+14
2.57592e+14
2.53222e+14
2.47294e+14
2.41413e+14
2.35521e+14
2.29799e+14
2.22335e+14
2.15175e+14
2.09691e+14
1.99732e+14
1.91905e+14
1.82728e+14
1.74683e+14
1.69103e+14
1.59275e+14
1.50843e+14
1.44378e+14
1.32502e+14
1.24414e+14
1.15559e+14
1.05569e+14
9.44379e+13
8.47225e+13
7.45154e+13
6.25762e+13
5.3145e+13
4.15057e+13
2.92922e+13
1.66855e+13
1.96249e+13
3.7523e+13
4.89564e+13
6.29397e+13
7.48887e+13
8.88817e+13
1.00823e+14
1.13334e+14
1.25616e+14
1.38083e+14
1.49934e+14
1.58149e+14
1.68459e+14
1.84081e+14
1.96952e+14
2.06272e+14
2.16478e+14
2.25801e+14
2.3243e+14
2.43015e+14
2.50659e+14
2.598e+14
2.67462e+14
2.76051e+14
2.85427e+14
2.92735e+14
2.96766e+14
3.02452e+14
3.07311e+14
3.1448e+14
3.15852e+14
3.18373e+14
3.24637e+14
3.2362e+14
3.29331e+14
3.31262e+14
3.34678e+14
3.41747e+14
3.40831e+14
3.42221e+14
3.39842e+14
3.4137e+14
3.39738e+14
3.34129e+14
3.26858e+14
3.29526e+14
3.28228e+14
3.22787e+14
3.24214e+14
3.16618e+14
3.13898e+14
3.03637e+14
3.01763e+14
3.02538e+14
2.9298e+14
2.84837e+14
2.77712e+14
2.67092e+14
2.57875e+14
2.51861e+14
2.42021e+14
2.27636e+14
2.186e+14
2.0877e+14
2.00678e+14
1.91267e+14
1.82279e+14
1.74379e+14
1.58426e+14
1.48961e+14
1.3604e+14
1.23426e+14
1.13784e+14
9.87261e+13
8.56204e+13
7.46589e+13
6.26919e+13
5.01159e+13
3.44583e+13
1.94153e+13
2.33257e+13
4.27488e+13
5.85815e+13
7.46374e+13
8.65129e+13
1.01915e+14
1.16545e+14
1.32395e+14
1.45855e+14
1.59748e+14
1.72463e+14
1.84047e+14
1.97834e+14
2.14534e+14
2.27744e+14
2.35461e+14
2.50295e+14
2.59237e+14
2.68393e+14
2.84179e+14
2.95053e+14
3.02988e+14
3.09635e+14
3.20496e+14
3.29159e+14
3.39372e+14
3.45064e+14
3.51887e+14
3.57945e+14
3.65058e+14
3.64709e+14
3.71284e+14
3.78816e+14
3.82007e+14
3.86169e+14
3.89131e+14
3.93315e+14
3.98669e+14
4.01541e+14
3.93911e+14
3.9642e+14
3.96489e+14
3.91893e+14
3.91641e+14
3.8815e+14
3.87949e+14
3.83118e+14
3.78888e+14
3.75985e+14
3.69808e+14
3.64967e+14
3.57413e+14
3.49922e+14
3.46036e+14
3.384e+14
3.31756e+14
3.23701e+14
3.10981e+14
3.00486e+14
2.94539e+14
2.84477e+14
2.6927e+14
2.58832e+14
2.43623e+14
2.34001e+14
2.23958e+14
2.14437e+14
1.99105e+14
1.84687e+14
1.73318e+14
1.58427e+14
1.43639e+14
1.29917e+14
1.14543e+14
9.95435e+13
8.75758e+13
7.30589e+13
5.85315e+13
4.0315e+13
2.31477e+13
2.60696e+13
4.72574e+13
6.6736e+13
8.44863e+13
9.82211e+13
1.15166e+14
1.31874e+14
1.49283e+14
1.64731e+14
1.82512e+14
1.95792e+14
2.10446e+14
2.26705e+14
2.41451e+14
2.54045e+14
2.69814e+14
2.80169e+14
2.96449e+14
3.11888e+14
3.24266e+14
3.3322e+14
3.45791e+14
3.52188e+14
3.60423e+14
3.72347e+14
3.86226e+14
3.99306e+14
4.03275e+14
4.03193e+14
4.15577e+14
4.20795e+14
4.25772e+14
4.29944e+14
4.33362e+14
4.40358e+14
4.43653e+14
4.524e+14
4.52023e+14
4.48274e+14
4.50438e+14
4.51649e+14
4.52558e+14
4.50051e+14
4.50073e+14
4.42872e+14
4.40484e+14
4.40199e+14
4.35922e+14
4.28565e+14
4.21894e+14
4.13319e+14
4.08077e+14
4.07439e+14
3.90822e+14
3.8224e+14
3.81963e+14
3.71467e+14
3.55941e+14
3.41094e+14
3.36608e+14
3.2549e+14
3.1076e+14
2.93685e+14
2.79121e+14
2.67401e+14
2.53507e+14
2.4741e+14
2.30357e+14
2.11543e+14
1.99188e+14
1.79703e+14
1.6407e+14
1.48111e+14
1.31288e+14
1.12662e+14
9.86965e+13
8.07996e+13
6.74519e+13
4.84554e+13
2.76055e+13
2.92769e+13
5.40414e+13
7.58174e+13
9.47506e+13
1.11537e+14
1.31292e+14
1.5002e+14
1.65645e+14
1.86659e+14
2.04564e+14
2.19778e+14
2.36744e+14
2.5695e+14
2.69001e+14
2.85404e+14
3.03596e+14
3.1912e+14
3.34963e+14
3.46852e+14
3.62409e+14
3.72246e+14
3.84478e+14
3.98197e+14
4.08101e+14
4.19107e+14
4.30092e+14
4.45278e+14
4.45745e+14
4.62305e+14
4.71068e+14
4.70967e+14
4.76242e+14
4.81575e+14
4.87005e+14
4.94485e+14
4.94738e+14
5.0307e+14
5.06877e+14
5.08586e+14
5.08499e+14
5.09038e+14
5.0567e+14
5.03777e+14
5.0936e+14
4.97768e+14
4.89988e+14
4.93344e+14
4.86392e+14
4.81968e+14
4.70174e+14
4.66791e+14
4.62032e+14
4.47393e+14
4.38711e+14
4.29346e+14
4.23183e+14
4.13584e+14
4.05785e+14
3.89957e+14
3.73003e+14
3.59921e+14
3.44611e+14
3.29232e+14
3.11483e+14
3.01184e+14
2.86017e+14
2.72355e+14
2.57957e+14
2.41803e+14
2.21781e+14
2.02936e+14
1.84042e+14
1.67461e+14
1.46147e+14
1.28968e+14
1.09747e+14
9.07474e+13
7.55686e+13
5.48095e+13
3.02606e+13
3.19043e+13
5.881e+13
8.47368e+13
1.05312e+14
1.26724e+14
1.43364e+14
1.66278e+14
1.86697e+14
2.04813e+14
2.25406e+14
2.4684e+14
2.59811e+14
2.82964e+14
3.0477e+14
3.22811e+14
3.30724e+14
3.51434e+14
3.75851e+14
3.86528e+14
4.00783e+14
4.1609e+14
4.26962e+14
4.37049e+14
4.5603e+14
4.64232e+14
4.77028e+14
4.91727e+14
4.96488e+14
5.06237e+14
5.16316e+14
5.26066e+14
5.31564e+14
5.4319e+14
5.4491e+14
5.47063e+14
5.52127e+14
5.58917e+14
5.64156e+14
5.6701e+14
5.65497e+14
5.63949e+14
5.62923e+14
5.56792e+14
5.55248e+14
5.52104e+14
5.43288e+14
5.40974e+14
5.34304e+14
5.33666e+14
5.25953e+14
5.15767e+14
5.05798e+14
4.95392e+14
4.89038e+14
4.77723e+14
4.69473e+14
4.59888e+14
4.46511e+14
4.28421e+14
4.15969e+14
3.95836e+14
3.86533e+14
3.7007e+14
3.50994e+14
3.29074e+14
3.14516e+14
3.01862e+14
2.81884e+14
2.64711e+14
2.43786e+14
2.27317e+14
2.082e+14
1.8474e+14
1.62282e+14
1.42724e+14
1.22926e+14
1.01427e+14
8.24525e+13
5.83551e+13
3.35837e+13
3.56222e+13
6.27859e+13
9.07017e+13
1.14553e+14
1.38315e+14
1.58713e+14
1.82034e+14
2.02201e+14
2.25571e+14
2.48507e+14
2.7282e+14
2.89583e+14
3.06063e+14
3.32478e+14
3.52364e+14
3.70227e+14
3.89484e+14
4.08283e+14
4.25251e+14
4.42171e+14
4.60378e+14
4.70003e+14
4.84806e+14
5.02044e+14
5.16175e+14
5.3198e+14
5.41577e+14
5.51928e+14
5.62981e+14
5.70881e+14
5.80837e+14
5.87853e+14
5.96022e+14
5.99178e+14
6.07721e+14
6.06718e+14
6.14518e+14
6.14974e+14
6.14926e+14
6.2027e+14
6.23325e+14
6.18102e+14
6.16669e+14
6.10756e+14
6.08246e+14
5.99947e+14
5.96193e+14
5.89583e+14
5.8558e+14
5.77727e+14
5.70388e+14
5.60112e+14
5.50083e+14
5.39946e+14
5.25187e+14
5.20558e+14
5.01432e+14
4.8303e+14
4.72451e+14
4.55359e+14
4.36185e+14
4.15327e+14
3.97463e+14
3.80794e+14
3.65384e+14
3.51081e+14
3.30415e+14
3.10674e+14
2.84816e+14
2.68147e+14
2.47943e+14
2.2498e+14
1.9719e+14
1.76989e+14
1.54868e+14
1.34633e+14
1.10951e+14
8.82059e+13
6.48859e+13
3.54969e+13
4.01342e+13
6.88059e+13
9.80333e+13
1.23298e+14
1.46018e+14
1.72534e+14
1.97831e+14
2.19687e+14
2.4703e+14
2.71126e+14
3.00768e+14
3.15823e+14
3.30849e+14
3.57429e+14
3.81044e+14
4.00489e+14
4.22329e+14
4.41497e+14
4.62339e+14
4.85189e+14
5.01267e+14
5.18201e+14
5.282e+14
5.36805e+14
5.5848e+14
5.76201e+14
5.91509e+14
5.98439e+14
6.1481e+14
6.19998e+14
6.28263e+14
6.3422e+14
6.43308e+14
6.53073e+14
6.61607e+14
6.63964e+14
6.67633e+14
6.74951e+14
6.71937e+14
6.83922e+14
6.79213e+14
6.74611e+14
6.76011e+14
6.66983e+14
6.61795e+14
6.50983e+14
6.52353e+14
6.4594e+14
6.37669e+14
6.31489e+14
6.23616e+14
6.09087e+14
5.96958e+14
5.85441e+14
5.75551e+14
5.63078e+14
5.38328e+14
5.29375e+14
5.12398e+14
4.96386e+14
4.79657e+14
4.53501e+14
4.38279e+14
4.17082e+14
3.99053e+14
3.84593e+14
3.59167e+14
3.33966e+14
3.14838e+14
2.89914e+14
2.68874e+14
2.43839e+14
2.17256e+14
1.94165e+14
1.70636e+14
1.46492e+14
1.18914e+14
9.63073e+13
6.95098e+13
3.83046e+13
4.53909e+13
7.57386e+13
1.04314e+14
1.33387e+14
1.60029e+14
1.85658e+14
2.13563e+14
2.37832e+14
2.6184e+14
2.90218e+14
3.18164e+14
3.4138e+14
3.57735e+14
3.8434e+14
4.09469e+14
4.36229e+14
4.61076e+14
4.79853e+14
5.00676e+14
5.20599e+14
5.38217e+14
5.61647e+14
5.68042e+14
5.88419e+14
6.08756e+14
6.22907e+14
6.38905e+14
6.47911e+14
6.5583e+14
6.7341e+14
6.84887e+14
6.94457e+14
7.06522e+14
7.09409e+14
7.11781e+14
7.1877e+14
7.30554e+14
7.29171e+14
7.2329e+14
7.305e+14
7.31286e+14
7.34138e+14
7.27447e+14
7.20458e+14
7.12586e+14
7.10777e+14
7.0393e+14
6.94609e+14
6.91074e+14
6.8145e+14
6.74049e+14
6.60739e+14
6.46967e+14
6.38988e+14
6.25149e+14
6.06727e+14
5.92534e+14
5.71488e+14
5.52673e+14
5.39648e+14
5.22935e+14
4.99117e+14
4.78343e+14
4.56113e+14
4.33935e+14
4.10768e+14
3.88911e+14
3.60935e+14
3.36837e+14
3.13824e+14
2.88431e+14
2.66093e+14
2.35628e+14
2.09088e+14
1.83099e+14
1.56501e+14
1.31609e+14
1.03745e+14
7.45378e+13
4.18531e+13
4.75894e+13
8.23638e+13
1.13381e+14
1.41831e+14
1.71652e+14
2.0092e+14
2.28883e+14
2.6163e+14
2.81904e+14
3.1186e+14
3.4093e+14
3.67399e+14
3.92603e+14
4.17722e+14
4.39169e+14
4.68934e+14
4.90062e+14
5.10903e+14
5.33652e+14
5.55074e+14
5.78061e+14
6.06838e+14
6.17479e+14
6.37546e+14
6.62132e+14
6.74187e+14
6.88852e+14
6.99633e+14
7.12496e+14
7.26692e+14
7.37381e+14
7.42758e+14
7.54193e+14
7.70977e+14
7.6766e+14
7.79024e+14
7.80142e+14
7.79593e+14
7.83655e+14
7.83987e+14
7.8998e+14
7.82781e+14
7.86238e+14
7.80112e+14
7.78263e+14
7.69233e+14
7.62049e+14
7.5676e+14
7.47989e+14
7.38983e+14
7.289e+14
7.14963e+14
7.02846e+14
6.85037e+14
6.71841e+14
6.56175e+14
6.38553e+14
6.18391e+14
5.97335e+14
5.78315e+14
5.60207e+14
5.45312e+14
5.15515e+14
4.96001e+14
4.67932e+14
4.43281e+14
4.16674e+14
3.86126e+14
3.66741e+14
3.37013e+14
3.08747e+14
2.83691e+14
2.53698e+14
2.21437e+14
1.96565e+14
1.65637e+14
1.39689e+14
1.10845e+14
8.10068e+13
4.41752e+13
5.02129e+13
8.99291e+13
1.21538e+14
1.51641e+14
1.85568e+14
2.16613e+14
2.44119e+14
2.74712e+14
2.98601e+14
3.35191e+14
3.65967e+14
3.93457e+14
4.24416e+14
4.50763e+14
4.71071e+14
4.97551e+14
5.31688e+14
5.49371e+14
5.80276e+14
5.99198e+14
6.27714e+14
6.40592e+14
6.6121e+14
6.81019e+14
7.06984e+14
7.29391e+14
7.37784e+14
7.54131e+14
7.59311e+14
7.79114e+14
7.85939e+14
8.00458e+14
8.14139e+14
8.22552e+14
8.20506e+14
8.34814e+14
8.3879e+14
8.39698e+14
8.46155e+14
8.44117e+14
8.49009e+14
8.44929e+14
8.40898e+14
8.33326e+14
8.25015e+14
8.1721e+14
8.13867e+14
8.07343e+14
8.02302e+14
7.90471e+14
7.79713e+14
7.69458e+14
7.48089e+14
7.35985e+14
7.20004e+14
7.01606e+14
6.8212e+14
6.67599e+14
6.40652e+14
6.1969e+14
6.01902e+14
5.7954e+14
5.53304e+14
5.28508e+14
4.98187e+14
4.70492e+14
4.45594e+14
4.20472e+14
3.94404e+14
3.63406e+14
3.28499e+14
3.03448e+14
2.72799e+14
2.39152e+14
2.06691e+14
1.80243e+14
1.45881e+14
1.16793e+14
8.49605e+13
4.7978e+13
5.02234e+13
9.38242e+13
1.27917e+14
1.6432e+14
1.97233e+14
2.3115e+14
2.6412e+14
2.93763e+14
3.20843e+14
3.56557e+14
3.83092e+14
4.18694e+14
4.52894e+14
4.80569e+14
5.0516e+14
5.32954e+14
5.6337e+14
5.85075e+14
6.10637e+14
6.38782e+14
6.67067e+14
6.82043e+14
7.0369e+14
7.25949e+14
7.53481e+14
7.65595e+14
7.86916e+14
8.06977e+14
8.15914e+14
8.31379e+14
8.48884e+14
8.55447e+14
8.69135e+14
8.78427e+14
8.85246e+14
8.85916e+14
8.95932e+14
8.94166e+14
9.06054e+14
9.00858e+14
9.00111e+14
8.99673e+14
8.99726e+14
8.8579e+14
8.85379e+14
8.74599e+14
8.66855e+14
8.58981e+14
8.54417e+14
8.44413e+14
8.32491e+14
8.17013e+14
8.00869e+14
7.86473e+14
7.69267e+14
7.4436e+14
7.20099e+14
7.0554e+14
6.81946e+14
6.60838e+14
6.39009e+14
6.13145e+14
5.87024e+14
5.57213e+14
5.29715e+14
5.01519e+14
4.7576e+14
4.48353e+14
4.20034e+14
3.82285e+14
3.5619e+14
3.23628e+14
2.87967e+14
2.57841e+14
2.25122e+14
1.94496e+14
1.57376e+14
1.25929e+14
9.15099e+13
5.16035e+13
5.30494e+13
9.93392e+13
1.35283e+14
1.71222e+14
2.05399e+14
2.4437e+14
2.80729e+14
3.14519e+14
3.41523e+14
3.74532e+14
4.09787e+14
4.44212e+14
4.74943e+14
5.07524e+14
5.37292e+14
5.71146e+14
5.96222e+14
6.20603e+14
6.50266e+14
6.74487e+14
7.06662e+14
7.24921e+14
7.51702e+14
7.78812e+14
8.01146e+14
8.16851e+14
8.42744e+14
8.40127e+14
8.64401e+14
8.79988e+14
8.91202e+14
9.09792e+14
9.16414e+14
9.35014e+14
9.34493e+14
9.44983e+14
9.52634e+14
9.45051e+14
9.57073e+14
9.52295e+14
9.50194e+14
9.56898e+14
9.52549e+14
9.46739e+14
9.4592e+14
9.36174e+14
9.23858e+14
9.0937e+14
9.0859e+14
8.96826e+14
8.78865e+14
8.71651e+14
8.49194e+14
8.26737e+14
8.08932e+14
7.90125e+14
7.61514e+14
7.52809e+14
7.24949e+14
6.98851e+14
6.7737e+14
6.55565e+14
6.3068e+14
5.89185e+14
5.66837e+14
5.33897e+14
5.04061e+14
4.73015e+14
4.40515e+14
4.09795e+14
3.73661e+14
3.41501e+14
3.10824e+14
2.74043e+14
2.38136e+14
2.08084e+14
1.67323e+14
1.33569e+14
9.63577e+13
5.37047e+13
5.4079e+13
1.04563e+14
1.44226e+14
1.82412e+14
2.15991e+14
2.53233e+14
2.95575e+14
3.32442e+14
3.65544e+14
4.00228e+14
4.37699e+14
4.7387e+14
5.01174e+14
5.37158e+14
5.71726e+14
6.03281e+14
6.32705e+14
6.5816e+14
6.9371e+14
7.16007e+14
7.4327e+14
7.68792e+14
7.95289e+14
8.22008e+14
8.44315e+14
8.61942e+14
8.88229e+14
8.95554e+14
9.17621e+14
9.36032e+14
9.44767e+14
9.60762e+14
9.66314e+14
9.79002e+14
9.88725e+14
9.97177e+14
1.00304e+15
9.99912e+14
1.0109e+15
1.01095e+15
1.00905e+15
1.00538e+15
1.00643e+15
1.0017e+15
9.92642e+14
9.89295e+14
9.78624e+14
9.60108e+14
9.56781e+14
9.44543e+14
9.33279e+14
9.18322e+14
9.00366e+14
8.77456e+14
8.51642e+14
8.33145e+14
8.05677e+14
7.89441e+14
7.66798e+14
7.42438e+14
7.15481e+14
6.86468e+14
6.62028e+14
6.21965e+14
5.90402e+14
5.65527e+14
5.32223e+14
5.01066e+14
4.66799e+14
4.27684e+14
3.98084e+14
3.63869e+14
3.26373e+14
2.92111e+14
2.53605e+14
2.16016e+14
1.78785e+14
1.39079e+14
1.01872e+14
5.73965e+13
5.98372e+13
1.11382e+14
1.50642e+14
1.93099e+14
2.31764e+14
2.70704e+14
3.09805e+14
3.51674e+14
3.84791e+14
4.21312e+14
4.58152e+14
4.94794e+14
5.2892e+14
5.70184e+14
6.05235e+14
6.34799e+14
6.70623e+14
6.92558e+14
7.3328e+14
7.61566e+14
7.82077e+14
8.09261e+14
8.32711e+14
8.64361e+14
8.86167e+14
9.03321e+14
9.33358e+14
9.45754e+14
9.59267e+14
9.87608e+14
9.93144e+14
1.00531e+15
1.02548e+15
1.02703e+15
1.03539e+15
1.04778e+15
1.05549e+15
1.05957e+15
1.05901e+15
1.06175e+15
1.06068e+15
1.06601e+15
1.06099e+15
1.0479e+15
1.04878e+15
1.04268e+15
1.03158e+15
1.01954e+15
1.01533e+15
9.93461e+14
9.77257e+14
9.6091e+14
9.41967e+14
9.20321e+14
9.01564e+14
8.81245e+14
8.57733e+14
8.29124e+14
8.07957e+14
7.74812e+14
7.48851e+14
7.22943e+14
6.86395e+14
6.58993e+14
6.26033e+14
5.98036e+14
5.59831e+14
5.25545e+14
4.90936e+14
4.52365e+14
4.25101e+14
3.83732e+14
3.41082e+14
3.05481e+14
2.68446e+14
2.28768e+14
1.87865e+14
1.45742e+14
1.06129e+14
6.05968e+13
6.39394e+13
1.14145e+14
1.5862e+14
2.02033e+14
2.45844e+14
2.87567e+14
3.25512e+14
3.64399e+14
4.00404e+14
4.42297e+14
4.86235e+14
5.16249e+14
5.59032e+14
5.96972e+14
6.30582e+14
6.63497e+14
7.02535e+14
7.29949e+14
7.64479e+14
7.97598e+14
8.2394e+14
8.54468e+14
8.82644e+14
9.01645e+14
9.25347e+14
9.53745e+14
9.76656e+14
1.00182e+15
1.01068e+15
1.03675e+15
1.04954e+15
1.0633e+15
1.07465e+15
1.07796e+15
1.08852e+15
1.09624e+15
1.11443e+15
1.11605e+15
1.11871e+15
1.1202e+15
1.12454e+15
1.11602e+15
1.11474e+15
1.09967e+15
1.10033e+15
1.09194e+15
1.08297e+15
1.07033e+15
1.06621e+15
1.04144e+15
1.02818e+15
1.00571e+15
9.96521e+14
9.75368e+14
9.52751e+14
9.30171e+14
8.99449e+14
8.66698e+14
8.40855e+14
8.15953e+14
7.96553e+14
7.52718e+14
7.23462e+14
6.9422e+14
6.58957e+14
6.23924e+14
5.91039e+14
5.48171e+14
5.19075e+14
4.84671e+14
4.46378e+14
4.00583e+14
3.59012e+14
3.19239e+14
2.79738e+14
2.36928e+14
1.95098e+14
1.53764e+14
1.11283e+14
6.43597e+13
6.70468e+13
1.20297e+14
1.66124e+14
2.12533e+14
2.53305e+14
2.98035e+14
3.36321e+14
3.76165e+14
4.19918e+14
4.69998e+14
5.08063e+14
5.39318e+14
5.85966e+14
6.28333e+14
6.65951e+14
6.99505e+14
7.36087e+14
7.70218e+14
8.01714e+14
8.33438e+14
8.70402e+14
8.92184e+14
9.21618e+14
9.47053e+14
9.78124e+14
1.00043e+15
1.02486e+15
1.04675e+15
1.0633e+15
1.09418e+15
1.09476e+15
1.11312e+15
1.12137e+15
1.12423e+15
1.13945e+15
1.14739e+15
1.16118e+15
1.16238e+15
1.16953e+15
1.17058e+15
1.16826e+15
1.17091e+15
1.16469e+15
1.15592e+15
1.15013e+15
1.13661e+15
1.14047e+15
1.12407e+15
1.11025e+15
1.08937e+15
1.07101e+15
1.05971e+15
1.03977e+15
1.01634e+15
9.97035e+14
9.68746e+14
9.42674e+14
9.11233e+14
8.85819e+14
8.58895e+14
8.25744e+14
7.88448e+14
7.5875e+14
7.31457e+14
6.95106e+14
6.50564e+14
6.14943e+14
5.83003e+14
5.40434e+14
5.04227e+14
4.66674e+14
4.18282e+14
3.79312e+14
3.40051e+14
2.91649e+14
2.47703e+14
2.01202e+14
1.61311e+14
1.17596e+14
6.8096e+13
7.1825e+13
1.28769e+14
1.72462e+14
2.2026e+14
2.60304e+14
3.11926e+14
3.56746e+14
3.94611e+14
4.47802e+14
4.88942e+14
5.23467e+14
5.68449e+14
6.07351e+14
6.57615e+14
6.98544e+14
7.31865e+14
7.73064e+14
8.06389e+14
8.36711e+14
8.72034e+14
8.98824e+14
9.29647e+14
9.5769e+14
1.00149e+15
1.02551e+15
1.04146e+15
1.06334e+15
1.0873e+15
1.10618e+15
1.1318e+15
1.14132e+15
1.16038e+15
1.16957e+15
1.18478e+15
1.19106e+15
1.20104e+15
1.21029e+15
1.21825e+15
1.21168e+15
1.21906e+15
1.21541e+15
1.21412e+15
1.22205e+15
1.2041e+15
1.20616e+15
1.19351e+15
1.19281e+15
1.17616e+15
1.15782e+15
1.13512e+15
1.12025e+15
1.106e+15
1.09061e+15
1.06397e+15
1.03595e+15
1.01678e+15
9.81763e+14
9.56925e+14
9.23296e+14
8.99017e+14
8.60031e+14
8.24337e+14
7.88128e+14
7.66957e+14
7.28486e+14
6.86501e+14
6.49524e+14
6.12267e+14
5.63612e+14
5.25763e+14
4.84786e+14
4.37271e+14
3.93819e+14
3.51889e+14
3.06198e+14
2.58111e+14
2.14202e+14
1.68054e+14
1.20914e+14
7.08875e+13
7.22152e+13
1.3394e+14
1.85506e+14
2.2713e+14
2.73701e+14
3.25979e+14
3.695e+14
4.16935e+14
4.61697e+14
5.07704e+14
5.4668e+14
5.92144e+14
6.38795e+14
6.81803e+14
7.25007e+14
7.64489e+14
8.07801e+14
8.42657e+14
8.79454e+14
9.13203e+14
9.4013e+14
9.70608e+14
9.94466e+14
1.0383e+15
1.0653e+15
1.08455e+15
1.10913e+15
1.13142e+15
1.15153e+15
1.17911e+15
1.19423e+15
1.21168e+15
1.218e+15
1.22596e+15
1.24343e+15
1.25632e+15
1.26457e+15
1.26199e+15
1.26831e+15
1.26705e+15
1.26488e+15
1.27104e+15
1.27088e+15
1.26505e+15
1.25614e+15
1.24115e+15
1.22991e+15
1.21368e+15
1.2019e+15
1.18607e+15
1.17579e+15
1.15257e+15
1.13462e+15
1.10806e+15
1.07894e+15
1.05881e+15
1.02561e+15
1.0016e+15
9.65737e+14
9.37161e+14
9.0617e+14
8.68755e+14
8.2882e+14
7.96654e+14
7.62026e+14
7.19078e+14
6.80438e+14
6.37024e+14
5.90572e+14
5.49138e+14
5.10037e+14
4.54083e+14
4.11481e+14
3.61417e+14
3.17997e+14
2.6959e+14
2.23541e+14
1.74855e+14
1.26471e+14
7.4501e+13
7.67554e+13
1.41027e+14
1.89743e+14
2.3591e+14
2.90387e+14
3.39486e+14
3.84744e+14
4.32188e+14
4.73244e+14
5.24339e+14
5.66887e+14
6.13789e+14
6.64317e+14
7.05921e+14
7.53639e+14
7.99419e+14
8.37287e+14
8.79633e+14
9.12382e+14
9.43527e+14
9.78137e+14
1.01086e+15
1.04218e+15
1.07438e+15
1.10837e+15
1.13935e+15
1.15382e+15
1.17714e+15
1.20211e+15
1.22742e+15
1.24177e+15
1.25416e+15
1.2775e+15
1.29059e+15
1.29516e+15
1.31026e+15
1.31207e+15
1.32236e+15
1.31952e+15
1.31997e+15
1.31744e+15
1.32109e+15
1.31956e+15
1.32068e+15
1.30061e+15
1.29649e+15
1.27324e+15
1.26115e+15
1.25105e+15
1.2398e+15
1.22222e+15
1.19226e+15
1.16762e+15
1.14527e+15
1.12056e+15
1.09097e+15
1.05786e+15
1.03296e+15
1.00142e+15
9.70915e+14
9.38445e+14
9.02898e+14
8.57896e+14
8.31981e+14
7.86637e+14
7.43967e+14
7.01045e+14
6.61888e+14
6.12383e+14
5.72863e+14
5.25583e+14
4.73633e+14
4.29631e+14
3.78163e+14
3.3316e+14
2.80473e+14
2.28681e+14
1.80543e+14
1.33107e+14
7.77981e+13
8.01033e+13
1.45365e+14
1.99098e+14
2.50707e+14
2.99021e+14
3.52401e+14
3.98644e+14
4.46167e+14
4.95196e+14
5.51673e+14
5.94234e+14
6.46987e+14
6.93836e+14
7.32364e+14
7.80557e+14
8.19043e+14
8.66556e+14
9.08442e+14
9.44121e+14
9.77389e+14
1.01649e+15
1.05266e+15
1.08882e+15
1.12076e+15
1.14704e+15
1.17727e+15
1.20693e+15
1.22184e+15
1.24051e+15
1.26039e+15
1.29069e+15
1.29947e+15
1.31693e+15
1.33721e+15
1.34814e+15
1.35664e+15
1.35841e+15
1.37066e+15
1.37025e+15
1.37755e+15
1.36996e+15
1.36657e+15
1.36017e+15
1.36361e+15
1.3515e+15
1.34181e+15
1.32038e+15
1.30634e+15
1.30285e+15
1.27878e+15
1.26312e+15
1.24058e+15
1.21938e+15
1.18628e+15
1.16637e+15
1.13993e+15
1.0955e+15
1.06884e+15
1.04505e+15
1.00747e+15
9.73401e+14
9.39658e+14
8.93124e+14
8.64668e+14
8.22673e+14
7.76292e+14
7.28267e+14
6.84311e+14
6.4018e+14
5.8976e+14
5.40564e+14
4.9539e+14
4.49778e+14
3.93117e+14
3.49279e+14
2.91929e+14
2.40447e+14
1.89619e+14
1.37869e+14
7.65554e+13
8.27781e+13
1.47475e+14
2.05399e+14
2.55474e+14
3.0917e+14
3.64443e+14
4.17135e+14
4.66662e+14
5.17409e+14
5.68202e+14
6.13766e+14
6.65267e+14
7.1341e+14
7.61706e+14
8.10013e+14
8.56877e+14
8.99921e+14
9.3147e+14
9.75499e+14
1.01581e+15
1.0574e+15
1.08972e+15
1.12575e+15
1.15854e+15
1.18278e+15
1.21251e+15
1.24271e+15
1.2651e+15
1.28231e+15
1.3106e+15
1.32801e+15
1.34523e+15
1.36456e+15
1.38172e+15
1.3963e+15
1.41082e+15
1.41031e+15
1.41501e+15
1.41741e+15
1.41479e+15
1.41807e+15
1.42258e+15
1.42246e+15
1.41424e+15
1.40891e+15
1.39758e+15
1.37113e+15
1.35604e+15
1.34252e+15
1.32239e+15
1.30782e+15
1.28816e+15
1.26199e+15
1.237e+15
1.20508e+15
1.18652e+15
1.14443e+15
1.11218e+15
1.07756e+15
1.04074e+15
1.0016e+15
9.75361e+14
9.26001e+14
8.8814e+14
8.45556e+14
8.06094e+14
7.57101e+14
7.08388e+14
6.61357e+14
6.1328e+14
5.62299e+14
5.11942e+14
4.55085e+14
4.05123e+14
3.56369e+14
2.99887e+14
2.49989e+14
1.96373e+14
1.42432e+14
7.90795e+13
8.49905e+13
1.51771e+14
2.09557e+14
2.6599e+14
3.20551e+14
3.76129e+14
4.29998e+14
4.8412e+14
5.31497e+14
5.86114e+14
6.42686e+14
6.9128e+14
7.39892e+14
7.87144e+14
8.35245e+14
8.80449e+14
9.23915e+14
9.58979e+14
1.01301e+15
1.0457e+15
1.07595e+15
1.12136e+15
1.15556e+15
1.18894e+15
1.22243e+15
1.25314e+15
1.28636e+15
1.30891e+15
1.33045e+15
1.35298e+15
1.38149e+15
1.40379e+15
1.41362e+15
1.42509e+15
1.44512e+15
1.44778e+15
1.4638e+15
1.46933e+15
1.47186e+15
1.47604e+15
1.47081e+15
1.47179e+15
1.4628e+15
1.46771e+15
1.45308e+15
1.43659e+15
1.42423e+15
1.41081e+15
1.39816e+15
1.37634e+15
1.35076e+15
1.33019e+15
1.30167e+15
1.27299e+15
1.2506e+15
1.21894e+15
1.18532e+15
1.14389e+15
1.11238e+15
1.07053e+15
1.02756e+15
9.98432e+14
9.57237e+14
9.16223e+14
8.75252e+14
8.31566e+14
7.88605e+14
7.37122e+14
6.89628e+14
6.32914e+14
5.79954e+14
5.30437e+14
4.69716e+14
4.22826e+14
3.66771e+14
3.11032e+14
2.56481e+14
2.02412e+14
1.47149e+14
8.31781e+13
8.7662e+13
1.54599e+14
2.1607e+14
2.76172e+14
3.31618e+14
3.84366e+14
4.406e+14
4.96361e+14
5.53775e+14
6.00495e+14
6.54726e+14
7.09504e+14
7.59158e+14
8.12989e+14
8.6307e+14
9.03913e+14
9.51995e+14
9.90629e+14
1.03495e+15
1.08012e+15
1.12109e+15
1.15609e+15
1.1963e+15
1.2292e+15
1.27083e+15
1.29038e+15
1.32525e+15
1.34853e+15
1.36772e+15
1.39437e+15
1.41727e+15
1.43811e+15
1.46084e+15
1.47376e+15
1.4758e+15
1.4971e+15
1.50133e+15
1.51897e+15
1.51709e+15
1.52052e+15
1.52122e+15
1.51857e+15
1.51158e+15
1.50889e+15
1.50615e+15
1.49253e+15
1.46048e+15
1.4618e+15
1.43552e+15
1.42119e+15
1.39587e+15
1.37697e+15
1.3398e+15
1.31101e+15
1.28397e+15
1.25644e+15
1.2213e+15
1.18748e+15
1.15083e+15
1.11131e+15
1.07179e+15
1.03175e+15
9.89479e+14
9.38771e+14
8.96773e+14
8.53268e+14
8.04764e+14
7.54752e+14
7.00966e+14
6.47084e+14
5.89762e+14
5.48313e+14
4.89101e+14
4.3465e+14
3.79118e+14
3.23665e+14
2.67721e+14
2.0909e+14
1.495e+14
8.59149e+13
8.94914e+13
1.59295e+14
2.21274e+14
2.83502e+14
3.40258e+14
3.94547e+14
4.54542e+14
5.11803e+14
5.69855e+14
6.23926e+14
6.82579e+14
7.30455e+14
7.87997e+14
8.33594e+14
8.79568e+14
9.32963e+14
9.75995e+14
1.02511e+15
1.06691e+15
1.11722e+15
1.15425e+15
1.18621e+15
1.22857e+15
1.26921e+15
1.29988e+15
1.33843e+15
1.37015e+15
1.38973e+15
1.41808e+15
1.43741e+15
1.46766e+15
1.49326e+15
1.50363e+15
1.51515e+15
1.52123e+15
1.54324e+15
1.54986e+15
1.55231e+15
1.55846e+15
1.57395e+15
1.57129e+15
1.55993e+15
1.55845e+15
1.56325e+15
1.54485e+15
1.53007e+15
1.49895e+15
1.50215e+15
1.48588e+15
1.46122e+15
1.4382e+15
1.41521e+15
1.38376e+15
1.35298e+15
1.31886e+15
1.29407e+15
1.25696e+15
1.2192e+15
1.18447e+15
1.14824e+15
1.10298e+15
1.05631e+15
1.01725e+15
9.71491e+14
9.21871e+14
8.84504e+14
8.34649e+14
7.73382e+14
7.22703e+14
6.69879e+14
6.14832e+14
5.61677e+14
5.05463e+14
4.45953e+14
3.93177e+14
3.315e+14
2.754e+14
2.13419e+14
1.53751e+14
8.67913e+13
9.16728e+13
1.64508e+14
2.29011e+14
2.90641e+14
3.48969e+14
4.07626e+14
4.70617e+14
5.30554e+14
5.8411e+14
6.48615e+14
7.02553e+14
7.51319e+14
8.07641e+14
8.57693e+14
9.05529e+14
9.58716e+14
1.00374e+15
1.04802e+15
1.10016e+15
1.14406e+15
1.18409e+15
1.2232e+15
1.26689e+15
1.3126e+15
1.33638e+15
1.36756e+15
1.40709e+15
1.4268e+15
1.45161e+15
1.4771e+15
1.50022e+15
1.52036e+15
1.54468e+15
1.55772e+15
1.57919e+15
1.59068e+15
1.60324e+15
1.60391e+15
1.60973e+15
1.62105e+15
1.61575e+15
1.60683e+15
1.6066e+15
1.59568e+15
1.57881e+15
1.5677e+15
1.55703e+15
1.53927e+15
1.52613e+15
1.4995e+15
1.48101e+15
1.4474e+15
1.42079e+15
1.39614e+15
1.36355e+15
1.32082e+15
1.29432e+15
1.25718e+15
1.21945e+15
1.17992e+15
1.13067e+15
1.09007e+15
1.05116e+15
1.0028e+15
9.57063e+14
9.03144e+14
8.44068e+14
7.98429e+14
7.38819e+14
6.83748e+14
6.29989e+14
5.80665e+14
5.21422e+14
4.65629e+14
4.08148e+14
3.40359e+14
2.84608e+14
2.24252e+14
1.61079e+14
8.97911e+13
9.34654e+13
1.69927e+14
2.38888e+14
2.98033e+14
3.61078e+14
4.25341e+14
4.85018e+14
5.51479e+14
6.05369e+14
6.62474e+14
7.22011e+14
7.75425e+14
8.35634e+14
8.77524e+14
9.33393e+14
9.87755e+14
1.03269e+15
1.08193e+15
1.13006e+15
1.17412e+15
1.21889e+15
1.26025e+15
1.31062e+15
1.3407e+15
1.37382e+15
1.41205e+15
1.45009e+15
1.46528e+15
1.49113e+15
1.52969e+15
1.54568e+15
1.56854e+15
1.58794e+15
1.60669e+15
1.6269e+15
1.64471e+15
1.64871e+15
1.64773e+15
1.64886e+15
1.64863e+15
1.658e+15
1.65525e+15
1.64524e+15
1.63185e+15
1.62193e+15
1.61009e+15
1.59704e+15
1.58444e+15
1.55819e+15
1.53655e+15
1.50897e+15
1.48783e+15
1.45788e+15
1.42874e+15
1.40175e+15
1.3638e+15
1.32143e+15
1.28407e+15
1.24678e+15
1.20371e+15
1.16509e+15
1.11994e+15
1.079e+15
1.0351e+15
9.77687e+14
9.29327e+14
8.73858e+14
8.18079e+14
7.53698e+14
7.00617e+14
6.42965e+14
5.94375e+14
5.39293e+14
4.78148e+14
4.16088e+14
3.52019e+14
2.94001e+14
2.29087e+14
1.63991e+14
9.25049e+13
9.507e+13
1.76196e+14
2.43007e+14
3.08872e+14
3.72752e+14
4.32455e+14
4.95311e+14
5.62617e+14
6.1964e+14
6.78142e+14
7.38772e+14
8.03756e+14
8.55066e+14
9.06973e+14
9.63663e+14
1.01316e+15
1.0607e+15
1.10995e+15
1.15896e+15
1.20628e+15
1.24403e+15
1.29498e+15
1.3325e+15
1.37742e+15
1.40893e+15
1.44195e+15
1.48159e+15
1.50678e+15
1.54147e+15
1.57113e+15
1.59533e+15
1.60895e+15
1.62933e+15
1.65909e+15
1.6623e+15
1.67929e+15
1.68264e+15
1.68889e+15
1.68998e+15
1.6842e+15
1.6952e+15
1.68262e+15
1.68372e+15
1.67624e+15
1.66602e+15
1.65126e+15
1.62702e+15
1.6124e+15
1.60154e+15
1.578e+15
1.5567e+15
1.52388e+15
1.49809e+15
1.46346e+15
1.43227e+15
1.39018e+15
1.34874e+15
1.31343e+15
1.27729e+15
1.23549e+15
1.19208e+15
1.13853e+15
1.1007e+15
1.05829e+15
9.9864e+14
9.49753e+14
9.04847e+14
8.36951e+14
7.73508e+14
7.25401e+14
6.61889e+14
6.09946e+14
5.51023e+14
4.9412e+14
4.30951e+14
3.59743e+14
3.01186e+14
2.33269e+14
1.68952e+14
9.56513e+13
9.70455e+13
1.77711e+14
2.44262e+14
3.12776e+14
3.75677e+14
4.41246e+14
5.09349e+14
5.74178e+14
6.3582e+14
6.92409e+14
7.51019e+14
8.16788e+14
8.73581e+14
9.31046e+14
9.92109e+14
1.03693e+15
1.0917e+15
1.14157e+15
1.18993e+15
1.24043e+15
1.2812e+15
1.31817e+15
1.35757e+15
1.40504e+15
1.4332e+15
1.46585e+15
1.50821e+15
1.54092e+15
1.58445e+15
1.59498e+15
1.62019e+15
1.64223e+15
1.66783e+15
1.68366e+15
1.69537e+15
1.70988e+15
1.71709e+15
1.73197e+15
1.73677e+15
1.7413e+15
1.73643e+15
1.72208e+15
1.72183e+15
1.70905e+15
1.69739e+15
1.68616e+15
1.66318e+15
1.6408e+15
1.6248e+15
1.61368e+15
1.58365e+15
1.55637e+15
1.53438e+15
1.49691e+15
1.46102e+15
1.41432e+15
1.38035e+15
1.34911e+15
1.29699e+15
1.26249e+15
1.21871e+15
1.16748e+15
1.12583e+15
1.07019e+15
1.02085e+15
9.73351e+14
9.07336e+14
8.57829e+14
7.96674e+14
7.43098e+14
6.80509e+14
6.20616e+14
5.64913e+14
5.04151e+14
4.36652e+14
3.67316e+14
3.02321e+14
2.37794e+14
1.7568e+14
9.61234e+13
9.75778e+13
1.7856e+14
2.47949e+14
3.17599e+14
3.82357e+14
4.48298e+14
5.1825e+14
5.8543e+14
6.46005e+14
7.0669e+14
7.74831e+14
8.26979e+14
8.9013e+14
9.57544e+14
1.00548e+15
1.06775e+15
1.1168e+15
1.16459e+15
1.21779e+15
1.26522e+15
1.30114e+15
1.35339e+15
1.39918e+15
1.43136e+15
1.47837e+15
1.5102e+15
1.55269e+15
1.58222e+15
1.61686e+15
1.64125e+15
1.66427e+15
1.6867e+15
1.70825e+15
1.72439e+15
1.73517e+15
1.75007e+15
1.75464e+15
1.76495e+15
1.76673e+15
1.77759e+15
1.76895e+15
1.75546e+15
1.75459e+15
1.73869e+15
1.72762e+15
1.71391e+15
1.70442e+15
1.68167e+15
1.65875e+15
1.65136e+15
1.61846e+15
1.59327e+15
1.56204e+15
1.53109e+15
1.48898e+15
1.44818e+15
1.41543e+15
1.37086e+15
1.33018e+15
1.28591e+15
1.23431e+15
1.18505e+15
1.13745e+15
1.08003e+15
1.03613e+15
9.91684e+14
9.29642e+14
8.74946e+14
8.25524e+14
7.59124e+14
6.93554e+14
6.36228e+14
5.71803e+14
5.16375e+14
4.43192e+14
3.76411e+14
3.10488e+14
2.45088e+14
1.77382e+14
9.88311e+13
9.99571e+13
1.80475e+14
2.51221e+14
3.24014e+14
3.86874e+14
4.56488e+14
5.31418e+14
5.99834e+14
6.64281e+14
7.29217e+14
7.86567e+14
8.55714e+14
9.1849e+14
9.7822e+14
1.03021e+15
1.09467e+15
1.1423e+15
1.19578e+15
1.24595e+15
1.28664e+15
1.33716e+15
1.38183e+15
1.42961e+15
1.46606e+15
1.51034e+15
1.54787e+15
1.58134e+15
1.61422e+15
1.65275e+15
1.67997e+15
1.69668e+15
1.71317e+15
1.74383e+15
1.75204e+15
1.76402e+15
1.78458e+15
1.78319e+15
1.79252e+15
1.79408e+15
1.80381e+15
1.79841e+15
1.79728e+15
1.78341e+15
1.7829e+15
1.76429e+15
1.74578e+15
1.74126e+15
1.72447e+15
1.70214e+15
1.67948e+15
1.66477e+15
1.62296e+15
1.59303e+15
1.55672e+15
1.52693e+15
1.48792e+15
1.44706e+15
1.39935e+15
1.35457e+15
1.31716e+15
1.27116e+15
1.21781e+15
1.16809e+15
1.11266e+15
1.05921e+15
1.00485e+15
9.45682e+14
8.93907e+14
8.29306e+14
7.6969e+14
7.04713e+14
6.52085e+14
5.84181e+14
5.1747e+14
4.49383e+14
3.81575e+14
3.13777e+14
2.49874e+14
1.79008e+14
1.0385e+14
1.01658e+14
1.86428e+14
2.58548e+14
3.32719e+14
3.95882e+14
4.68572e+14
5.36632e+14
6.04311e+14
6.77604e+14
7.40812e+14
8.0538e+14
8.75072e+14
9.30444e+14
1.00173e+15
1.04579e+15
1.11324e+15
1.15771e+15
1.21341e+15
1.26278e+15
1.32074e+15
1.36416e+15
1.41309e+15
1.45491e+15
1.49434e+15
1.54033e+15
1.57378e+15
1.61102e+15
1.64105e+15
1.67347e+15
1.70248e+15
1.73336e+15
1.74939e+15
1.77714e+15
1.78924e+15
1.79882e+15
1.81756e+15
1.81957e+15
1.82082e+15
1.8225e+15
1.82848e+15
1.83211e+15
1.83289e+15
1.82334e+15
1.81468e+15
1.79523e+15
1.78462e+15
1.76608e+15
1.75304e+15
1.72293e+15
1.71075e+15
1.68209e+15
1.65385e+15
1.61508e+15
1.58065e+15
1.55605e+15
1.51087e+15
1.47496e+15
1.42994e+15
1.37589e+15
1.33486e+15
1.28498e+15
1.23922e+15
1.19601e+15
1.14024e+15
1.07642e+15
1.02421e+15
9.65222e+14
9.02668e+14
8.41164e+14
7.79751e+14
7.19096e+14
6.64253e+14
5.95721e+14
5.26947e+14
4.57664e+14
3.92913e+14
3.18003e+14
2.51347e+14
1.84148e+14
1.03332e+14
1.03867e+14
1.91425e+14
2.57412e+14
3.34448e+14
4.05286e+14
4.72409e+14
5.43977e+14
6.19881e+14
6.90243e+14
7.53013e+14
8.18916e+14
8.90504e+14
9.44819e+14
1.01244e+15
1.07101e+15
1.1326e+15
1.17961e+15
1.23388e+15
1.29141e+15
1.34509e+15
1.39896e+15
1.44423e+15
1.47997e+15
1.52303e+15
1.56104e+15
1.60746e+15
1.63947e+15
1.67171e+15
1.70837e+15
1.73695e+15
1.76427e+15
1.78112e+15
1.79739e+15
1.81865e+15
1.82545e+15
1.83701e+15
1.8527e+15
1.8537e+15
1.85969e+15
1.85738e+15
1.86062e+15
1.85615e+15
1.85531e+15
1.83781e+15
1.83736e+15
1.81596e+15
1.80105e+15
1.7858e+15
1.76429e+15
1.73466e+15
1.70703e+15
1.67888e+15
1.64768e+15
1.60685e+15
1.57237e+15
1.53242e+15
1.49665e+15
1.44628e+15
1.40455e+15
1.35064e+15
1.3066e+15
1.26469e+15
1.20288e+15
1.15358e+15
1.08998e+15
1.04357e+15
9.82233e+14
9.16239e+14
8.59223e+14
7.9914e+14
7.3927e+14
6.756e+14
6.08628e+14
5.38691e+14
4.68229e+14
4.02149e+14
3.2804e+14
2.54895e+14
1.86036e+14
1.0581e+14
1.07247e+14
1.93947e+14
2.66479e+14
3.36712e+14
4.08424e+14
4.84807e+14
5.53802e+14
6.30284e+14
6.93708e+14
7.65328e+14
8.35663e+14
8.95773e+14
9.58416e+14
1.03122e+15
1.08768e+15
1.14429e+15
1.20578e+15
1.25469e+15
1.30879e+15
1.373e+15
1.41852e+15
1.46675e+15
1.50946e+15
1.54816e+15
1.59315e+15
1.6317e+15
1.66953e+15
1.70655e+15
1.73625e+15
1.7589e+15
1.78505e+15
1.81195e+15
1.82368e+15
1.84723e+15
1.86829e+15
1.87046e+15
1.87282e+15
1.88839e+15
1.89411e+15
1.89595e+15
1.89501e+15
1.8893e+15
1.88477e+15
1.87366e+15
1.85269e+15
1.84625e+15
1.82826e+15
1.81159e+15
1.78833e+15
1.76706e+15
1.73534e+15
1.70064e+15
1.67024e+15
1.63587e+15
1.59336e+15
1.55793e+15
1.51749e+15
1.47121e+15
1.42178e+15
1.3752e+15
1.3284e+15
1.28016e+15
1.22525e+15
1.17161e+15
1.11007e+15
1.06159e+15
9.97536e+14
9.38391e+14
8.77108e+14
8.13106e+14
7.50167e+14
6.86057e+14
6.17712e+14
5.52642e+14
4.78278e+14
4.12298e+14
3.36947e+14
2.60512e+14
1.90615e+14
1.07764e+14
1.10482e+14
1.97795e+14
2.73261e+14
3.43098e+14
4.16504e+14
4.88367e+14
5.6302e+14
6.35409e+14
7.00683e+14
7.75948e+14
8.48055e+14
9.17042e+14
9.82429e+14
1.04872e+15
1.10391e+15
1.15932e+15
1.22595e+15
1.27921e+15
1.33653e+15
1.39e+15
1.43642e+15
1.48259e+15
1.52601e+15
1.57793e+15
1.6153e+15
1.65704e+15
1.69567e+15
1.7285e+15
1.75596e+15
1.78387e+15
1.81868e+15
1.83264e+15
1.85613e+15
1.8736e+15
1.89125e+15
1.90485e+15
1.89992e+15
1.91237e+15
1.92423e+15
1.91999e+15
1.92952e+15
1.92522e+15
1.90707e+15
1.9044e+15
1.89465e+15
1.87517e+15
1.85575e+15
1.83326e+15
1.80775e+15
1.78137e+15
1.75536e+15
1.72251e+15
1.69105e+15
1.65973e+15
1.6191e+15
1.57923e+15
1.53453e+15
1.48708e+15
1.44454e+15
1.39395e+15
1.34072e+15
1.29908e+15
1.2395e+15
1.18981e+15
1.12823e+15
1.0678e+15
1.00676e+15
9.46076e+14
8.83982e+14
8.26388e+14
7.62394e+14
6.94246e+14
6.27426e+14
5.64291e+14
4.85861e+14
4.16719e+14
3.4013e+14
2.67232e+14
1.90829e+14
1.08418e+14
1.0834e+14
1.98086e+14
2.7644e+14
3.49512e+14
4.24226e+14
4.97501e+14
5.70903e+14
6.39704e+14
7.10635e+14
7.89911e+14
8.52837e+14
9.24081e+14
9.93204e+14
1.0548e+15
1.12111e+15
1.1733e+15
1.23703e+15
1.29988e+15
1.37173e+15
1.40939e+15
1.4592e+15
1.50273e+15
1.54799e+15
1.60361e+15
1.63949e+15
1.68121e+15
1.71573e+15
1.75141e+15
1.78488e+15
1.79655e+15
1.83689e+15
1.8581e+15
1.88847e+15
1.90133e+15
1.91726e+15
1.92962e+15
1.93627e+15
1.94703e+15
1.95824e+15
1.95307e+15
1.95665e+15
1.93795e+15
1.93543e+15
1.92372e+15
1.91603e+15
1.89842e+15
1.88003e+15
1.8492e+15
1.82543e+15
1.8068e+15
1.77395e+15
1.73332e+15
1.7109e+15
1.67321e+15
1.63783e+15
1.58387e+15
1.55438e+15
1.51192e+15
1.46907e+15
1.41124e+15
1.35748e+15
1.30414e+15
1.25003e+15
1.19838e+15
1.14189e+15
1.08005e+15
1.01641e+15
9.61767e+14
8.96583e+14
8.30323e+14
7.74425e+14
7.00343e+14
6.32668e+14
5.67108e+14
4.94317e+14
4.20371e+14
3.4725e+14
2.67942e+14
1.92953e+14
1.11071e+14
1.11345e+14
2.00596e+14
2.77144e+14
3.55847e+14
4.25747e+14
5.02716e+14
5.7827e+14
6.50004e+14
7.23473e+14
7.92387e+14
8.64191e+14
9.40724e+14
1.00339e+15
1.06983e+15
1.13493e+15
1.19416e+15
1.2591e+15
1.32511e+15
1.37846e+15
1.43413e+15
1.47897e+15
1.53455e+15
1.57053e+15
1.62359e+15
1.66748e+15
1.7031e+15
1.73137e+15
1.76708e+15
1.78862e+15
1.83079e+15
1.85331e+15
1.89238e+15
1.90473e+15
1.92235e+15
1.95124e+15
1.95092e+15
1.96275e+15
1.9766e+15
1.98497e+15
1.97045e+15
1.981e+15
1.95862e+15
1.96186e+15
1.94703e+15
1.93315e+15
1.91492e+15
1.8958e+15
1.87348e+15
1.84629e+15
1.8154e+15
1.79012e+15
1.75447e+15
1.72886e+15
1.69e+15
1.65355e+15
1.60588e+15
1.5695e+15
1.5157e+15
1.47357e+15
1.42036e+15
1.36987e+15
1.31607e+15
1.26661e+15
1.21281e+15
1.15002e+15
1.09725e+15
1.03476e+15
9.71581e+14
9.01557e+14
8.43354e+14
7.77363e+14
7.05444e+14
6.36117e+14
5.63108e+14
4.99411e+14
4.24987e+14
3.51872e+14
2.73047e+14
1.9598e+14
1.1136e+14
1.11323e+14
2.02776e+14
2.84413e+14
3.58297e+14
4.31763e+14
5.10729e+14
5.83088e+14
6.58525e+14
7.33557e+14
8.02084e+14
8.71107e+14
9.45804e+14
1.01521e+15
1.08334e+15
1.14579e+15
1.20804e+15
1.26538e+15
1.32724e+15
1.38991e+15
1.45666e+15
1.49645e+15
1.55334e+15
1.59444e+15
1.63989e+15
1.67253e+15
1.70902e+15
1.7552e+15
1.78486e+15
1.81808e+15
1.85028e+15
1.88293e+15
1.90298e+15
1.9256e+15
1.94382e+15
1.9528e+15
1.96831e+15
1.98366e+15
1.99319e+15
1.99634e+15
1.99325e+15
1.98956e+15
1.99086e+15
1.98519e+15
1.97727e+15
1.95056e+15
1.93674e+15
1.92309e+15
1.89933e+15
1.86771e+15
1.8428e+15
1.81547e+15
1.77481e+15
1.73628e+15
1.70478e+15
1.66926e+15
1.61567e+15
1.57222e+15
1.52437e+15
1.47704e+15
1.43558e+15
1.38644e+15
1.33311e+15
1.27112e+15
1.22268e+15
1.16486e+15
1.10232e+15
1.04255e+15
9.83478e+14
9.16488e+14
8.45765e+14
7.84725e+14
7.14172e+14
6.43652e+14
5.75534e+14
4.99401e+14
4.30306e+14
3.49988e+14
2.73845e+14
1.98235e+14
1.10926e+14
1.13678e+14
2.08379e+14
2.84768e+14
3.63421e+14
4.37681e+14
5.12164e+14
5.89818e+14
6.56975e+14
7.30648e+14
8.04248e+14
8.81484e+14
9.51426e+14
1.0295e+15
1.09929e+15
1.15393e+15
1.21778e+15
1.28437e+15
1.34133e+15
1.40494e+15
1.45363e+15
1.50992e+15
1.56295e+15
1.60131e+15
1.64795e+15
1.68399e+15
1.73196e+15
1.77377e+15
1.80962e+15
1.83379e+15
1.85537e+15
1.90482e+15
1.91976e+15
1.94682e+15
1.96285e+15
1.96804e+15
1.98387e+15
2.00144e+15
2.01017e+15
2.00567e+15
2.00726e+15
2.00645e+15
2.0032e+15
2.00459e+15
1.98565e+15
1.97119e+15
1.95478e+15
1.93627e+15
1.91239e+15
1.88128e+15
1.86664e+15
1.82436e+15
1.79453e+15
1.75273e+15
1.71928e+15
1.68177e+15
1.63592e+15
1.5894e+15
1.54548e+15
1.4877e+15
1.44975e+15
1.38994e+15
1.34151e+15
1.28655e+15
1.22596e+15
1.17456e+15
1.1166e+15
1.04913e+15
9.91938e+14
9.19963e+14
8.62968e+14
7.90562e+14
7.21522e+14
6.50603e+14
5.74233e+14
5.06562e+14
4.30019e+14
3.54739e+14
2.8084e+14
2.0084e+14
1.10998e+14
1.16287e+14
2.10114e+14
2.87345e+14
3.63325e+14
4.43606e+14
5.18309e+14
5.94234e+14
6.67986e+14
7.47276e+14
8.17801e+14
8.86639e+14
9.5839e+14
1.03156e+15
1.10238e+15
1.1666e+15
1.22561e+15
1.29299e+15
1.35724e+15
1.42043e+15
1.46218e+15
1.52634e+15
1.56972e+15
1.61681e+15
1.66904e+15
1.7102e+15
1.74773e+15
1.77893e+15
1.82138e+15
1.85096e+15
1.87504e+15
1.91176e+15
1.94127e+15
1.95486e+15
1.98247e+15
1.99104e+15
2.00964e+15
2.02195e+15
2.02655e+15
2.02653e+15
2.02793e+15
2.02118e+15
2.01215e+15
2.0039e+15
1.9967e+15
1.98702e+15
1.96579e+15
1.94978e+15
1.91498e+15
1.89257e+15
1.871e+15
1.8425e+15
1.8052e+15
1.7679e+15
1.72599e+15
1.69706e+15
1.64721e+15
1.59788e+15
1.55179e+15
1.50233e+15
1.45133e+15
1.40388e+15
1.34305e+15
1.2921e+15
1.22714e+15
1.17478e+15
1.11797e+15
1.0602e+15
9.92471e+14
9.26894e+14
8.61897e+14
7.94078e+14
7.27934e+14
6.54295e+14
5.78932e+14
5.07089e+14
4.37419e+14
3.60214e+14
2.83638e+14
2.01157e+14
1.14772e+14
1.16026e+14
2.10385e+14
2.93748e+14
3.70573e+14
4.44181e+14
5.23742e+14
5.98852e+14
6.74211e+14
7.53968e+14
8.21404e+14
8.91957e+14
9.68863e+14
1.03645e+15
1.10753e+15
1.1786e+15
1.24314e+15
1.30735e+15
1.36448e+15
1.41461e+15
1.47469e+15
1.52991e+15
1.57483e+15
1.62426e+15
1.6799e+15
1.72094e+15
1.7605e+15
1.80098e+15
1.83417e+15
1.86811e+15
1.88396e+15
1.93016e+15
1.96264e+15
1.97806e+15
2.00212e+15
2.00756e+15
2.02293e+15
2.03269e+15
2.04505e+15
2.04497e+15
2.04123e+15
2.03018e+15
2.02673e+15
2.00999e+15
2.00205e+15
1.99663e+15
1.97189e+15
1.95324e+15
1.928e+15
1.90261e+15
1.87582e+15
1.84173e+15
1.80971e+15
1.76998e+15
1.73616e+15
1.69516e+15
1.64596e+15
1.60346e+15
1.55379e+15
1.51342e+15
1.46229e+15
1.40234e+15
1.3574e+15
1.29225e+15
1.24018e+15
1.17619e+15
1.12129e+15
1.06615e+15
9.97486e+14
9.28132e+14
8.58859e+14
7.97867e+14
7.3207e+14
6.6083e+14
5.82374e+14
5.0706e+14
4.39534e+14
3.62585e+14
2.83489e+14
2.04501e+14
1.14126e+14
1.16936e+14
2.08914e+14
2.92938e+14
3.70052e+14
4.52847e+14
5.26401e+14
6.04827e+14
6.85418e+14
7.5444e+14
8.31588e+14
9.06785e+14
9.84517e+14
1.04788e+15
1.11663e+15
1.17998e+15
1.25147e+15
1.3145e+15
1.37839e+15
1.42178e+15
1.48323e+15
1.53101e+15
1.58619e+15
1.64176e+15
1.68925e+15
1.72883e+15
1.76175e+15
1.80457e+15
1.84526e+15
1.87962e+15
1.90738e+15
1.94418e+15
1.96353e+15
1.98382e+15
2.00226e+15
2.01679e+15
2.02694e+15
2.04347e+15
2.0523e+15
2.05215e+15
2.04362e+15
2.04053e+15
2.02635e+15
2.02073e+15
2.00353e+15
1.99877e+15
1.97946e+15
1.95844e+15
1.93045e+15
1.89917e+15
1.88156e+15
1.84368e+15
1.81143e+15
1.77497e+15
1.73449e+15
1.69255e+15
1.65506e+15
1.60201e+15
1.56042e+15
1.51639e+15
1.46666e+15
1.40851e+15
1.34983e+15
1.29909e+15
1.23551e+15
1.18525e+15
1.12346e+15
1.05674e+15
9.952e+14
9.35184e+14
8.5814e+14
7.9749e+14
7.27783e+14
6.61957e+14
5.92797e+14
5.12486e+14
4.39445e+14
3.62793e+14
2.8225e+14
2.04991e+14
1.13391e+14
1.166e+14
2.0937e+14
2.92152e+14
3.73977e+14
4.507e+14
5.30691e+14
6.06907e+14
6.8687e+14
7.5736e+14
8.39575e+14
9.09451e+14
9.76325e+14
1.04552e+15
1.11586e+15
1.17792e+15
1.25588e+15
1.31646e+15
1.37509e+15
1.43069e+15
1.49349e+15
1.54831e+15
1.59176e+15
1.64909e+15
1.69444e+15
1.73623e+15
1.77108e+15
1.81485e+15
1.85317e+15
1.88302e+15
1.9186e+15
1.94407e+15
1.97166e+15
1.99775e+15
2.01482e+15
2.0209e+15
2.03803e+15
2.04168e+15
2.05053e+15
2.05518e+15
2.05063e+15
2.05258e+15
2.03954e+15
2.03276e+15
2.01813e+15
2.00034e+15
1.98829e+15
1.97322e+15
1.93955e+15
1.90831e+15
1.88909e+15
1.8577e+15
1.81928e+15
1.7806e+15
1.74054e+15
1.69384e+15
1.65655e+15
1.60854e+15
1.55733e+15
1.51158e+15
1.46527e+15
1.41152e+15
1.35031e+15
1.30119e+15
1.23616e+15
1.18372e+15
1.12582e+15
1.06005e+15
1.00154e+15
9.33913e+14
8.63317e+14
7.98017e+14
7.31198e+14
6.58748e+14
5.90757e+14
5.16603e+14
4.39813e+14
3.66493e+14
2.85031e+14
2.05191e+14
1.14725e+14
1.17013e+14
2.14521e+14
2.91216e+14
3.74879e+14
4.5668e+14
5.35851e+14
6.09299e+14
6.87388e+14
7.64169e+14
8.40806e+14
9.10318e+14
9.82798e+14
1.05375e+15
1.11535e+15
1.18436e+15
1.25951e+15
1.31946e+15
1.38055e+15
1.43893e+15
1.4959e+15
1.54951e+15
1.59726e+15
1.64627e+15
1.69417e+15
1.73497e+15
1.77676e+15
1.81842e+15
1.85343e+15
1.89123e+15
1.91461e+15
1.94111e+15
1.98013e+15
1.99778e+15
2.00452e+15
2.0251e+15
2.04101e+15
2.04855e+15
2.05259e+15
2.05978e+15
2.04961e+15
2.05337e+15
2.04462e+15
2.03194e+15
2.022e+15
2.00098e+15
1.99167e+15
1.96288e+15
1.93229e+15
1.91118e+15
1.87612e+15
1.85176e+15
1.81327e+15
1.77534e+15
1.74266e+15
1.69721e+15
1.65229e+15
1.60359e+15
1.56234e+15
1.50721e+15
1.45876e+15
1.4004e+15
1.35172e+15
1.2926e+15
1.24142e+15
1.17716e+15
1.11809e+15
1.05467e+15
9.96999e+14
9.33157e+14
8.62246e+14
7.95109e+14
7.28376e+14
6.61203e+14
5.85782e+14
5.14038e+14
4.38021e+14
3.63825e+14
2.82084e+14
2.0467e+14
1.11858e+14
1.17488e+14
2.0901e+14
2.9072e+14
3.72164e+14
4.53077e+14
5.32204e+14
6.09167e+14
6.90966e+14
7.67488e+14
8.4029e+14
9.11532e+14
9.84097e+14
1.05866e+15
1.11925e+15
1.18527e+15
1.25384e+15
1.31034e+15
1.37052e+15
1.43336e+15
1.48883e+15
1.54223e+15
1.60024e+15
1.64479e+15
1.69592e+15
1.74e+15
1.78411e+15
1.82371e+15
1.86703e+15
1.89864e+15
1.92835e+15
1.95412e+15
1.98397e+15
1.9933e+15
2.01264e+15
2.01348e+15
2.03228e+15
2.04588e+15
2.05396e+15
2.0557e+15
2.05383e+15
2.04632e+15
2.03853e+15
2.02599e+15
2.01834e+15
1.99723e+15
1.98144e+15
1.966e+15
1.93695e+15
1.91078e+15
1.88418e+15
1.8448e+15
1.81614e+15
1.77432e+15
1.73639e+15
1.69449e+15
1.65734e+15
1.60559e+15
1.55761e+15
1.50316e+15
1.45684e+15
1.40456e+15
1.34724e+15
1.29256e+15
1.23738e+15
1.17922e+15
1.1215e+15
1.05978e+15
9.90494e+14
9.27258e+14
8.69739e+14
7.97595e+14
7.23617e+14
6.62088e+14
5.9047e+14
5.1777e+14
4.41544e+14
3.62224e+14
2.80768e+14
2.05065e+14
1.10819e+14
1.16802e+14
2.09935e+14
2.9179e+14
3.69322e+14
4.50661e+14
5.31697e+14
6.03812e+14
6.86218e+14
7.6547e+14
8.43694e+14
9.11958e+14
9.808e+14
1.04665e+15
1.1206e+15
1.19022e+15
1.24991e+15
1.3066e+15
1.37311e+15
1.4264e+15
1.48398e+15
1.54886e+15
1.5905e+15
1.64899e+15
1.69369e+15
1.73857e+15
1.78641e+15
1.82472e+15
1.86556e+15
1.89483e+15
1.91898e+15
1.94569e+15
1.96719e+15
1.99501e+15
2.01672e+15
2.02501e+15
2.03531e+15
2.04024e+15
2.04311e+15
2.04579e+15
2.05039e+15
2.0428e+15
2.03314e+15
2.0233e+15
2.00495e+15
1.99202e+15
1.98053e+15
1.95584e+15
1.92661e+15
1.89927e+15
1.88081e+15
1.84947e+15
1.811e+15
1.76897e+15
1.73148e+15
1.68725e+15
1.64366e+15
1.59528e+15
1.54815e+15
1.49879e+15
1.4522e+15
1.39798e+15
1.33669e+15
1.28556e+15
1.2256e+15
1.17178e+15
1.10972e+15
1.049e+15
9.88072e+14
9.23587e+14
8.60457e+14
7.93946e+14
7.21863e+14
6.53905e+14
5.8566e+14
5.16694e+14
4.43596e+14
3.68327e+14
2.83128e+14
2.01682e+14
1.13604e+14
1.1387e+14
2.12242e+14
2.90191e+14
3.70201e+14
4.53404e+14
5.31416e+14
6.10507e+14
6.90995e+14
7.63455e+14
8.44042e+14
9.09742e+14
9.847e+14
1.05747e+15
1.11629e+15
1.18943e+15
1.2496e+15
1.31283e+15
1.3715e+15
1.42166e+15
1.49479e+15
1.55293e+15
1.60176e+15
1.65381e+15
1.69481e+15
1.74082e+15
1.78144e+15
1.81943e+15
1.84535e+15
1.88587e+15
1.91641e+15
1.95338e+15
1.96521e+15
1.99019e+15
2.01311e+15
2.02069e+15
2.0434e+15
2.044e+15
2.04543e+15
2.04771e+15
2.04602e+15
2.0381e+15
2.03459e+15
2.01724e+15
2.01347e+15
1.99563e+15
1.97565e+15
1.9504e+15
1.92385e+15
1.8882e+15
1.87197e+15
1.83497e+15
1.79833e+15
1.76149e+15
1.71696e+15
1.67692e+15
1.62985e+15
1.58522e+15
1.54303e+15
1.49958e+15
1.44682e+15
1.39278e+15
1.33095e+15
1.27321e+15
1.21475e+15
1.16103e+15
1.10499e+15
1.04003e+15
9.8209e+14
9.25863e+14
8.49952e+14
7.88384e+14
7.20582e+14
6.5603e+14
5.84957e+14
5.14457e+14
4.36828e+14
3.63334e+14
2.83891e+14
2.03219e+14
1.16812e+14
1.17517e+14
2.12257e+14
2.91738e+14
3.69793e+14
4.4908e+14
5.29098e+14
6.08419e+14
6.81829e+14
7.60349e+14
8.36883e+14
9.12272e+14
9.8512e+14
1.05272e+15
1.12214e+15
1.18562e+15
1.24716e+15
1.30522e+15
1.36622e+15
1.42882e+15
1.49021e+15
1.54082e+15
1.60159e+15
1.64362e+15
1.68398e+15
1.72945e+15
1.77359e+15
1.8073e+15
1.84548e+15
1.88229e+15
1.91598e+15
1.9385e+15
1.95797e+15
1.98227e+15
2.00443e+15
2.01907e+15
2.03149e+15
2.03297e+15
2.03342e+15
2.03353e+15
2.03158e+15
2.03849e+15
2.01808e+15
2.01274e+15
2.0019e+15
1.97813e+15
1.96562e+15
1.94201e+15
1.9107e+15
1.88724e+15
1.84526e+15
1.82454e+15
1.78505e+15
1.76216e+15
1.71126e+15
1.67002e+15
1.60968e+15
1.58056e+15
1.52223e+15
1.48534e+15
1.43534e+15
1.38151e+15
1.32142e+15
1.26081e+15
1.21112e+15
1.15429e+15
1.0932e+15
1.02695e+15
9.728e+14
9.11794e+14
8.48951e+14
7.76516e+14
7.07838e+14
6.45244e+14
5.8194e+14
5.08144e+14
4.34504e+14
3.57737e+14
2.83302e+14
2.0347e+14
1.15158e+14
1.17399e+14
2.10707e+14
2.90966e+14
3.68132e+14
4.47246e+14
5.25391e+14
6.01789e+14
6.80754e+14
7.52926e+14
8.26104e+14
9.03297e+14
9.72471e+14
1.04999e+15
1.11843e+15
1.17754e+15
1.24779e+15
1.3045e+15
1.36665e+15
1.42075e+15
1.47984e+15
1.53792e+15
1.58656e+15
1.63443e+15
1.67896e+15
1.72223e+15
1.76253e+15
1.80441e+15
1.83791e+15
1.86802e+15
1.90098e+15
1.93232e+15
1.94953e+15
1.96727e+15
1.9829e+15
2.00586e+15
2.01539e+15
2.02409e+15
2.03274e+15
2.02537e+15
2.01779e+15
2.01806e+15
2.00296e+15
2.00188e+15
1.99126e+15
1.97648e+15
1.95228e+15
1.92607e+15
1.89524e+15
1.865e+15
1.83957e+15
1.80251e+15
1.76382e+15
1.73359e+15
1.69661e+15
1.65702e+15
1.60157e+15
1.56415e+15
1.51037e+15
1.46261e+15
1.42056e+15
1.36637e+15
1.31277e+15
1.24842e+15
1.198e+15
1.13552e+15
1.08966e+15
1.02729e+15
9.64614e+14
9.0365e+14
8.36402e+14
7.7198e+14
7.12692e+14
6.43845e+14
5.73635e+14
5.05914e+14
4.32056e+14
3.58063e+14
2.82059e+14
2.03898e+14
1.11668e+14
1.17103e+14
2.07925e+14
2.87104e+14
3.66664e+14
4.45971e+14
5.19703e+14
5.99306e+14
6.71999e+14
7.43344e+14
8.26088e+14
8.9528e+14
9.68157e+14
1.04286e+15
1.10922e+15
1.17865e+15
1.2353e+15
1.30035e+15
1.36793e+15
1.41094e+15
1.47204e+15
1.52036e+15
1.56705e+15
1.6203e+15
1.67156e+15
1.71094e+15
1.75509e+15
1.79084e+15
1.82386e+15
1.86795e+15
1.90168e+15
1.92061e+15
1.94265e+15
1.95928e+15
1.96787e+15
1.98538e+15
1.99144e+15
2.00472e+15
2.00319e+15
1.9998e+15
1.99741e+15
1.99764e+15
1.99182e+15
1.98627e+15
1.97365e+15
1.96104e+15
1.93554e+15
1.91849e+15
1.88316e+15
1.84706e+15
1.82151e+15
1.78596e+15
1.75099e+15
1.71915e+15
1.67261e+15
1.63684e+15
1.59348e+15
1.54928e+15
1.49895e+15
1.45324e+15
1.39798e+15
1.34514e+15
1.29653e+15
1.24268e+15
1.18465e+15
1.12515e+15
1.06525e+15
1.00526e+15
9.50788e+14
8.93022e+14
8.30417e+14
7.65426e+14
6.96656e+14
6.29429e+14
5.6622e+14
5.00816e+14
4.27594e+14
3.54585e+14
2.82316e+14
2.01086e+14
1.1079e+14
1.13461e+14
2.05906e+14
2.84309e+14
3.63671e+14
4.44139e+14
5.17644e+14
5.97668e+14
6.73161e+14
7.423e+14
8.16243e+14
8.87224e+14
9.62607e+14
1.03749e+15
1.0982e+15
1.17213e+15
1.23193e+15
1.29505e+15
1.35122e+15
1.41025e+15
1.45928e+15
1.50778e+15
1.5614e+15
1.60324e+15
1.65629e+15
1.70096e+15
1.73727e+15
1.77324e+15
1.81132e+15
1.84376e+15
1.87984e+15
1.90518e+15
1.92416e+15
1.94239e+15
1.95785e+15
1.97305e+15
1.98475e+15
1.9897e+15
1.99082e+15
1.98139e+15
1.9829e+15
1.98148e+15
1.9801e+15
1.96355e+15
1.95031e+15
1.92837e+15
1.90837e+15
1.88869e+15
1.85973e+15
1.82794e+15
1.80518e+15
1.76615e+15
1.73357e+15
1.69983e+15
1.66258e+15
1.6107e+15
1.56857e+15
1.52791e+15
1.48554e+15
1.42433e+15
1.38444e+15
1.32855e+15
1.27478e+15
1.2219e+15
1.16746e+15
1.10803e+15
1.05333e+15
9.92133e+14
9.35399e+14
8.7617e+14
8.08353e+14
7.59121e+14
6.8778e+14
6.22883e+14
5.55205e+14
4.86854e+14
4.21389e+14
3.49282e+14
2.72505e+14
1.99097e+14
1.10184e+14
1.1175e+14
2.01781e+14
2.78816e+14
3.63048e+14
4.35227e+14
5.13662e+14
5.9286e+14
6.64478e+14
7.35484e+14
8.13282e+14
8.79076e+14
9.54529e+14
1.02972e+15
1.08703e+15
1.15732e+15
1.22357e+15
1.27616e+15
1.3392e+15
1.39025e+15
1.4412e+15
1.49577e+15
1.54492e+15
1.58906e+15
1.6398e+15
1.68125e+15
1.72143e+15
1.76356e+15
1.79804e+15
1.83331e+15
1.85836e+15
1.88629e+15
1.90358e+15
1.93607e+15
1.94083e+15
1.9501e+15
1.96723e+15
1.96428e+15
1.96771e+15
1.96162e+15
1.96629e+15
1.954e+15
1.95124e+15
1.93933e+15
1.92853e+15
1.90603e+15
1.87744e+15
1.86232e+15
1.83529e+15
1.81238e+15
1.7823e+15
1.74948e+15
1.70919e+15
1.66645e+15
1.63668e+15
1.59155e+15
1.55303e+15
1.50482e+15
1.46954e+15
1.41264e+15
1.36104e+15
1.30977e+15
1.25434e+15
1.20342e+15
1.14985e+15
1.093e+15
1.03294e+15
9.69266e+14
9.1245e+14
8.60253e+14
7.96436e+14
7.39749e+14
6.73364e+14
6.08193e+14
5.45643e+14
4.78632e+14
4.12145e+14
3.43916e+14
2.70628e+14
1.95115e+14
1.09479e+14
1.10276e+14
1.94517e+14
2.75775e+14
3.47745e+14
4.3195e+14
5.08595e+14
5.83954e+14
6.52702e+14
7.30935e+14
8.04662e+14
8.70899e+14
9.46118e+14
1.01007e+15
1.07644e+15
1.14844e+15
1.20617e+15
1.26438e+15
1.32122e+15
1.37854e+15
1.42455e+15
1.48143e+15
1.51504e+15
1.57282e+15
1.62277e+15
1.65763e+15
1.70079e+15
1.73915e+15
1.77498e+15
1.80644e+15
1.83584e+15
1.86398e+15
1.8867e+15
1.90267e+15
1.91318e+15
1.92676e+15
1.94161e+15
1.93472e+15
1.9354e+15
1.93249e+15
1.93867e+15
1.93591e+15
1.92569e+15
1.90913e+15
1.89768e+15
1.87502e+15
1.85258e+15
1.83193e+15
1.81015e+15
1.78449e+15
1.74609e+15
1.71854e+15
1.69035e+15
1.64881e+15
1.60913e+15
1.57074e+15
1.533e+15
1.4856e+15
1.43875e+15
1.39114e+15
1.33483e+15
1.28273e+15
1.23813e+15
1.18498e+15
1.13124e+15
1.07795e+15
1.01735e+15
9.56564e+14
8.92458e+14
8.45927e+14
7.86164e+14
7.25447e+14
6.60564e+14
5.96345e+14
5.35833e+14
4.70582e+14
4.07572e+14
3.38575e+14
2.63502e+14
1.90489e+14
1.08362e+14
1.05871e+14
1.94389e+14
2.73617e+14
3.48149e+14
4.30918e+14
4.99837e+14
5.69386e+14
6.46959e+14
7.19876e+14
7.90055e+14
8.60116e+14
9.2657e+14
1.00533e+15
1.06956e+15
1.12341e+15
1.19145e+15
1.24738e+15
1.31559e+15
1.35705e+15
1.40555e+15
1.45531e+15
1.50271e+15
1.55516e+15
1.59928e+15
1.64137e+15
1.67366e+15
1.71111e+15
1.74229e+15
1.77599e+15
1.80807e+15
1.83605e+15
1.8414e+15
1.8598e+15
1.88505e+15
1.89065e+15
1.89946e+15
1.9047e+15
1.91537e+15
1.90452e+15
1.90395e+15
1.90071e+15
1.89124e+15
1.87725e+15
1.8737e+15
1.85083e+15
1.83095e+15
1.79977e+15
1.77531e+15
1.74699e+15
1.72192e+15
1.6881e+15
1.66181e+15
1.62106e+15
1.58007e+15
1.54212e+15
1.49818e+15
1.45331e+15
1.40171e+15
1.36299e+15
1.30679e+15
1.26596e+15
1.21134e+15
1.1507e+15
1.10223e+15
1.05185e+15
9.92665e+14
9.37139e+14
8.81483e+14
8.20133e+14
7.65266e+14
7.05146e+14
6.45738e+14
5.82073e+14
5.20488e+14
4.59894e+14
3.99805e+14
3.32474e+14
2.61562e+14
1.89786e+14
1.06085e+14
1.05411e+14
1.91548e+14
2.64182e+14
3.46173e+14
4.1784e+14
4.91859e+14
5.65569e+14
6.33936e+14
7.07438e+14
7.81534e+14
8.48789e+14
9.16376e+14
9.89721e+14
1.04762e+15
1.11683e+15
1.16857e+15
1.22654e+15
1.28964e+15
1.34062e+15
1.38856e+15
1.43839e+15
1.48261e+15
1.5272e+15
1.57597e+15
1.6114e+15
1.6475e+15
1.68048e+15
1.71539e+15
1.74228e+15
1.77503e+15
1.79265e+15
1.80954e+15
1.84947e+15
1.85093e+15
1.86625e+15
1.87032e+15
1.87769e+15
1.87252e+15
1.87484e+15
1.87041e+15
1.86171e+15
1.86042e+15
1.84688e+15
1.83592e+15
1.82205e+15
1.7792e+15
1.77124e+15
1.74411e+15
1.71322e+15
1.6873e+15
1.65077e+15
1.61818e+15
1.59396e+15
1.55159e+15
1.51366e+15
1.47438e+15
1.42321e+15
1.37707e+15
1.33421e+15
1.28054e+15
1.23924e+15
1.19349e+15
1.1343e+15
1.0768e+15
1.03086e+15
9.71693e+14
9.16235e+14
8.57994e+14
8.05254e+14
7.47516e+14
6.85932e+14
6.29278e+14
5.70494e+14
5.11252e+14
4.48226e+14
3.88272e+14
3.2584e+14
2.59337e+14
1.86213e+14
1.01782e+14
1.02664e+14
1.87562e+14
2.62516e+14
3.34749e+14
4.10381e+14
4.79261e+14
5.52294e+14
6.2592e+14
6.9297e+14
7.64588e+14
8.28158e+14
8.97394e+14
9.67356e+14
1.02828e+15
1.08877e+15
1.15775e+15
1.21447e+15
1.27209e+15
1.31356e+15
1.35781e+15
1.40154e+15
1.4503e+15
1.49891e+15
1.53853e+15
1.57565e+15
1.61639e+15
1.65394e+15
1.6753e+15
1.70944e+15
1.73994e+15
1.76432e+15
1.79427e+15
1.8059e+15
1.80957e+15
1.83005e+15
1.82752e+15
1.83891e+15
1.84059e+15
1.84218e+15
1.84432e+15
1.82984e+15
1.81507e+15
1.80078e+15
1.78285e+15
1.7766e+15
1.75412e+15
1.72756e+15
1.71387e+15
1.68531e+15
1.66166e+15
1.62788e+15
1.5899e+15
1.55968e+15
1.52411e+15
1.47959e+15
1.44549e+15
1.40346e+15
1.35354e+15
1.29989e+15
1.2483e+15
1.19939e+15
1.15081e+15
1.10212e+15
1.04853e+15
9.9509e+14
9.44221e+14
8.85799e+14
8.34689e+14
7.82744e+14
7.23465e+14
6.68786e+14
6.09454e+14
5.55067e+14
4.97617e+14
4.38209e+14
3.79199e+14
3.16866e+14
2.47558e+14
1.78235e+14
9.95823e+13
1.00911e+14
1.81744e+14
2.55355e+14
3.26556e+14
3.97773e+14
4.6611e+14
5.39878e+14
6.10789e+14
6.75407e+14
7.46161e+14
8.14746e+14
8.78662e+14
9.43953e+14
1.00658e+15
1.06881e+15
1.13338e+15
1.18151e+15
1.24324e+15
1.28694e+15
1.32929e+15
1.37382e+15
1.42014e+15
1.46095e+15
1.49956e+15
1.53931e+15
1.58315e+15
1.60663e+15
1.637e+15
1.67534e+15
1.69963e+15
1.72843e+15
1.74493e+15
1.76173e+15
1.77388e+15
1.79327e+15
1.79467e+15
1.80545e+15
1.80163e+15
1.80632e+15
1.79035e+15
1.78606e+15
1.77837e+15
1.75308e+15
1.74862e+15
1.73388e+15
1.71807e+15
1.70158e+15
1.67252e+15
1.65148e+15
1.62156e+15
1.57953e+15
1.5502e+15
1.52574e+15
1.48229e+15
1.44655e+15
1.40712e+15
1.36604e+15
1.32188e+15
1.27181e+15
1.22293e+15
1.17456e+15
1.12853e+15
1.07345e+15
1.0222e+15
9.66498e+14
9.16602e+14
8.59116e+14
8.01269e+14
7.55197e+14
7.00539e+14
6.47123e+14
5.93391e+14
5.35548e+14
4.82306e+14
4.24379e+14
3.65054e+14
3.06592e+14
2.3847e+14
1.70684e+14
9.51881e+13
9.7921e+13
1.80884e+14
2.50426e+14
3.19944e+14
3.89254e+14
4.65821e+14
5.32514e+14
5.97567e+14
6.6348e+14
7.31934e+14
7.97735e+14
8.57228e+14
9.23817e+14
9.84408e+14
1.04266e+15
1.09809e+15
1.15431e+15
1.21373e+15
1.25652e+15
1.29951e+15
1.34572e+15
1.38825e+15
1.43236e+15
1.47103e+15
1.507e+15
1.54309e+15
1.56475e+15
1.60909e+15
1.63242e+15
1.66226e+15
1.68068e+15
1.69235e+15
1.71279e+15
1.735e+15
1.74094e+15
1.74705e+15
1.74725e+15
1.75444e+15
1.75575e+15
1.74498e+15
1.74546e+15
1.73246e+15
1.7187e+15
1.70923e+15
1.69049e+15
1.68278e+15
1.65462e+15
1.62933e+15
1.60445e+15
1.58069e+15
1.54789e+15
1.51799e+15
1.48153e+15
1.44884e+15
1.41111e+15
1.37341e+15
1.32845e+15
1.28321e+15
1.23541e+15
1.19117e+15
1.13583e+15
1.09313e+15
1.04335e+15
9.87739e+14
9.37899e+14
8.82959e+14
8.33876e+14
7.80686e+14
7.32772e+14
6.77063e+14
6.29822e+14
5.74161e+14
5.22212e+14
4.65209e+14
4.1141e+14
3.55332e+14
2.96822e+14
2.36246e+14
1.69484e+14
9.28519e+13
9.56224e+13
1.73249e+14
2.42691e+14
3.09853e+14
3.76506e+14
4.50031e+14
5.14086e+14
5.79281e+14
6.48713e+14
7.1224e+14
7.77532e+14
8.3978e+14
9.01824e+14
9.64134e+14
1.024e+15
1.07217e+15
1.13004e+15
1.18013e+15
1.22895e+15
1.26789e+15
1.31422e+15
1.35456e+15
1.39105e+15
1.42733e+15
1.46919e+15
1.50631e+15
1.52927e+15
1.5588e+15
1.5848e+15
1.61395e+15
1.63233e+15
1.65361e+15
1.66665e+15
1.67449e+15
1.6878e+15
1.69659e+15
1.6912e+15
1.70786e+15
1.70704e+15
1.69441e+15
1.69558e+15
1.68626e+15
1.6677e+15
1.65504e+15
1.65372e+15
1.62707e+15
1.60743e+15
1.5929e+15
1.56274e+15
1.532e+15
1.50869e+15
1.47131e+15
1.43629e+15
1.40062e+15
1.36599e+15
1.32996e+15
1.28662e+15
1.24331e+15
1.19645e+15
1.15331e+15
1.10957e+15
1.05891e+15
1.01189e+15
9.61235e+14
9.08088e+14
8.53735e+14
8.06012e+14
7.52397e+14
6.96834e+14
6.53627e+14
6.00788e+14
5.52016e+14
4.99991e+14
4.51646e+14
3.98441e+14
3.41818e+14
2.83993e+14
2.24404e+14
1.6227e+14
8.83631e+13
9.1513e+13
1.69306e+14
2.40323e+14
3.03733e+14
3.72564e+14
4.40979e+14
5.02913e+14
5.66032e+14
6.32016e+14
6.92292e+14
7.54419e+14
8.15611e+14
8.75269e+14
9.38119e+14
9.82316e+14
1.04034e+15
1.10197e+15
1.15358e+15
1.19688e+15
1.23205e+15
1.27729e+15
1.30719e+15
1.34701e+15
1.3875e+15
1.42305e+15
1.44993e+15
1.47899e+15
1.5167e+15
1.54165e+15
1.5607e+15
1.5763e+15
1.59601e+15
1.60045e+15
1.61927e+15
1.63711e+15
1.63897e+15
1.63821e+15
1.64925e+15
1.64662e+15
1.64702e+15
1.64109e+15
1.63853e+15
1.61819e+15
1.6081e+15
1.5933e+15
1.58268e+15
1.56423e+15
1.5418e+15
1.5177e+15
1.48371e+15
1.45922e+15
1.42496e+15
1.3979e+15
1.36548e+15
1.32379e+15
1.2921e+15
1.25041e+15
1.20692e+15
1.16149e+15
1.1134e+15
1.07419e+15
1.02099e+15
9.73032e+14
9.25648e+14
8.76592e+14
8.23085e+14
7.7732e+14
7.25089e+14
6.7341e+14
6.24799e+14
5.75376e+14
5.23784e+14
4.79315e+14
4.27358e+14
3.81361e+14
3.26417e+14
2.71448e+14
2.15956e+14
1.58727e+14
8.77059e+13
8.78566e+13
1.65733e+14
2.31576e+14
2.94748e+14
3.59892e+14
4.26161e+14
4.88386e+14
5.49104e+14
6.13359e+14
6.74279e+14
7.37684e+14
7.91533e+14
8.53802e+14
9.09975e+14
9.58931e+14
1.01759e+15
1.06515e+15
1.11283e+15
1.1593e+15
1.19905e+15
1.22973e+15
1.26396e+15
1.30912e+15
1.33871e+15
1.3714e+15
1.40163e+15
1.42713e+15
1.45791e+15
1.48343e+15
1.50463e+15
1.53023e+15
1.52599e+15
1.56035e+15
1.57412e+15
1.57158e+15
1.58557e+15
1.59685e+15
1.60043e+15
1.59419e+15
1.58698e+15
1.58047e+15
1.57588e+15
1.56112e+15
1.55378e+15
1.53126e+15
1.52126e+15
1.51596e+15
1.48399e+15
1.45739e+15
1.43524e+15
1.40925e+15
1.3798e+15
1.34968e+15
1.31929e+15
1.28255e+15
1.24445e+15
1.20708e+15
1.16936e+15
1.11889e+15
1.08337e+15
1.03383e+15
9.86819e+14
9.33828e+14
8.88805e+14
8.38203e+14
7.93847e+14
7.45123e+14
6.91493e+14
6.45408e+14
5.98854e+14
5.52773e+14
5.04474e+14
4.54164e+14
4.08469e+14
3.61263e+14
3.14737e+14
2.61185e+14
2.08531e+14
1.51218e+14
8.51303e+13
8.55891e+13
1.57875e+14
2.22231e+14
2.84033e+14
3.49185e+14
4.08464e+14
4.72924e+14
5.33864e+14
5.92726e+14
6.52909e+14
7.11517e+14
7.68687e+14
8.26246e+14
8.7246e+14
9.25846e+14
9.76709e+14
1.0252e+15
1.06939e+15
1.10849e+15
1.14277e+15
1.18441e+15
1.21537e+15
1.26167e+15
1.28398e+15
1.32016e+15
1.34727e+15
1.37526e+15
1.39747e+15
1.42404e+15
1.43516e+15
1.46133e+15
1.47486e+15
1.49584e+15
1.49965e+15
1.50713e+15
1.51777e+15
1.52082e+15
1.52529e+15
1.53384e+15
1.53226e+15
1.51713e+15
1.51148e+15
1.50084e+15
1.49153e+15
1.47287e+15
1.46873e+15
1.44618e+15
1.43443e+15
1.40773e+15
1.39039e+15
1.36026e+15
1.31882e+15
1.29359e+15
1.2653e+15
1.23547e+15
1.19584e+15
1.15715e+15
1.1198e+15
1.08099e+15
1.03417e+15
9.92623e+14
9.51741e+14
9.00331e+14
8.50457e+14
8.05203e+14
7.54728e+14
7.09009e+14
6.61365e+14
6.14634e+14
5.6913e+14
5.21283e+14
4.78242e+14
4.3096e+14
3.85437e+14
3.40795e+14
2.93222e+14
2.47077e+14
1.97488e+14
1.44879e+14
7.98398e+13
8.2034e+13
1.51183e+14
2.1344e+14
2.73736e+14
3.35133e+14
3.95624e+14
4.55666e+14
5.1394e+14
5.76245e+14
6.29479e+14
6.81928e+14
7.36838e+14
7.91377e+14
8.41061e+14
8.91388e+14
9.36753e+14
9.81356e+14
1.0269e+15
1.06382e+15
1.10072e+15
1.13749e+15
1.17036e+15
1.20327e+15
1.22722e+15
1.26757e+15
1.29175e+15
1.31517e+15
1.33886e+15
1.36262e+15
1.38311e+15
1.39879e+15
1.41542e+15
1.4241e+15
1.43322e+15
1.44645e+15
1.44785e+15
1.45286e+15
1.45727e+15
1.46359e+15
1.4625e+15
1.4578e+15
1.44431e+15
1.43713e+15
1.42242e+15
1.41037e+15
1.39628e+15
1.38095e+15
1.36599e+15
1.34841e+15
1.32951e+15
1.30239e+15
1.27713e+15
1.24989e+15
1.21451e+15
1.18471e+15
1.15026e+15
1.11381e+15
1.0656e+15
1.03511e+15
9.87114e+14
9.56227e+14
9.14455e+14
8.62684e+14
8.15516e+14
7.72657e+14
7.28692e+14
6.79868e+14
6.3314e+14
5.81555e+14
5.44634e+14
4.96124e+14
4.51127e+14
4.07417e+14
3.62072e+14
3.18862e+14
2.76514e+14
2.34639e+14
1.89104e+14
1.38462e+14
7.79385e+13
7.7293e+13
1.46274e+14
2.0317e+14
2.59823e+14
3.18995e+14
3.74139e+14
4.35261e+14
4.93748e+14
5.5181e+14
6.02494e+14
6.57357e+14
7.09893e+14
7.59559e+14
8.05413e+14
8.50874e+14
8.94633e+14
9.38568e+14
9.8116e+14
1.00843e+15
1.04751e+15
1.08721e+15
1.12322e+15
1.14458e+15
1.1751e+15
1.21124e+15
1.2343e+15
1.25422e+15
1.27601e+15
1.29399e+15
1.32064e+15
1.32964e+15
1.35122e+15
1.3551e+15
1.36131e+15
1.37378e+15
1.38465e+15
1.38782e+15
1.38698e+15
1.38641e+15
1.3756e+15
1.38049e+15
1.3821e+15
1.37334e+15
1.36023e+15
1.35079e+15
1.32943e+15
1.31906e+15
1.29814e+15
1.28365e+15
1.25312e+15
1.24599e+15
1.22023e+15
1.19132e+15
1.16214e+15
1.13736e+15
1.10101e+15
1.06566e+15
1.02582e+15
9.84852e+14
9.45493e+14
9.14657e+14
8.7205e+14
8.31237e+14
7.77642e+14
7.36018e+14
6.9176e+14
6.47891e+14
5.98221e+14
5.55775e+14
5.12662e+14
4.66984e+14
4.20222e+14
3.81676e+14
3.42068e+14
2.98976e+14
2.56789e+14
2.17779e+14
1.76302e+14
1.33114e+14
7.3685e+13
7.37551e+13
1.39201e+14
1.98056e+14
2.51594e+14
3.01665e+14
3.59315e+14
4.19141e+14
4.71994e+14
5.27683e+14
5.76181e+14
6.24779e+14
6.77658e+14
7.20513e+14
7.63667e+14
8.12984e+14
8.50956e+14
8.91849e+14
9.29166e+14
9.64458e+14
9.96396e+14
1.02969e+15
1.059e+15
1.08718e+15
1.11693e+15
1.14554e+15
1.16865e+15
1.18305e+15
1.20402e+15
1.22389e+15
1.24377e+15
1.25969e+15
1.27608e+15
1.29106e+15
1.28785e+15
1.30586e+15
1.31648e+15
1.31938e+15
1.31448e+15
1.30949e+15
1.30464e+15
1.30815e+15
1.30484e+15
1.29591e+15
1.29223e+15
1.28044e+15
1.26559e+15
1.25184e+15
1.23138e+15
1.21434e+15
1.19357e+15
1.17762e+15
1.15606e+15
1.12929e+15
1.09577e+15
1.06757e+15
1.03522e+15
1.01106e+15
9.7841e+14
9.35963e+14
9.00418e+14
8.69068e+14
8.32775e+14
7.89283e+14
7.39504e+14
6.95598e+14
6.5771e+14
6.14385e+14
5.72401e+14
5.23543e+14
4.82553e+14
4.38479e+14
3.97448e+14
3.57654e+14
3.17378e+14
2.79683e+14
2.40149e+14
2.02435e+14
1.68723e+14
1.24565e+14
6.66842e+13
6.98684e+13
1.31547e+14
1.85019e+14
2.41243e+14
2.91592e+14
3.41337e+14
3.98214e+14
4.48393e+14
4.98068e+14
5.43895e+14
5.94096e+14
6.39297e+14
6.84739e+14
7.32591e+14
7.67738e+14
8.00629e+14
8.38901e+14
8.73899e+14
9.07374e+14
9.38057e+14
9.66935e+14
9.90054e+14
1.02708e+15
1.0516e+15
1.08512e+15
1.09686e+15
1.11319e+15
1.13641e+15
1.14843e+15
1.17046e+15
1.18426e+15
1.19481e+15
1.20694e+15
1.21202e+15
1.2264e+15
1.22858e+15
1.23282e+15
1.23662e+15
1.22961e+15
1.23658e+15
1.23457e+15
1.23025e+15
1.22227e+15
1.20646e+15
1.20093e+15
1.19212e+15
1.17872e+15
1.17047e+15
1.14521e+15
1.13505e+15
1.11569e+15
1.09566e+15
1.06339e+15
1.04121e+15
1.01438e+15
9.82095e+14
9.57886e+14
9.26339e+14
8.8733e+14
8.543e+14
8.21012e+14
7.86176e+14
7.50168e+14
7.01239e+14
6.59085e+14
6.22413e+14
5.82713e+14
5.36699e+14
4.9994e+14
4.55371e+14
4.11641e+14
3.70287e+14
3.27702e+14
2.93169e+14
2.56811e+14
2.21425e+14
1.86896e+14
1.54472e+14
1.15622e+14
6.46195e+13
6.37323e+13
1.23326e+14
1.75652e+14
2.27626e+14
2.74099e+14
3.24578e+14
3.77885e+14
4.23254e+14
4.73863e+14
5.1827e+14
5.62149e+14
6.02299e+14
6.43572e+14
6.85015e+14
7.17276e+14
7.51946e+14
7.84235e+14
8.18526e+14
8.46336e+14
8.73087e+14
9.05933e+14
9.2641e+14
9.53625e+14
9.84316e+14
1.00799e+15
1.02174e+15
1.04114e+15
1.05791e+15
1.07345e+15
1.09096e+15
1.09506e+15
1.10696e+15
1.12332e+15
1.13243e+15
1.13621e+15
1.14009e+15
1.147e+15
1.15736e+15
1.15242e+15
1.15057e+15
1.15007e+15
1.15265e+15
1.14438e+15
1.13442e+15
1.12474e+15
1.12303e+15
1.10928e+15
1.09092e+15
1.08281e+15
1.06172e+15
1.04706e+15
1.02468e+15
1.00402e+15
9.7553e+14
9.44205e+14
9.23306e+14
9.03432e+14
8.74155e+14
8.39067e+14
8.04969e+14
7.69445e+14
7.39996e+14
7.00397e+14
6.7123e+14
6.26523e+14
5.87979e+14
5.48554e+14
5.05889e+14
4.65464e+14
4.24694e+14
3.80466e+14
3.42937e+14
3.07379e+14
2.6984e+14
2.36571e+14
2.03442e+14
1.70478e+14
1.40008e+14
1.06033e+14
6.07717e+13
6.06368e+13
1.14601e+14
1.67186e+14
2.141e+14
2.59626e+14
3.07163e+14
3.5398e+14
3.99014e+14
4.45009e+14
4.79521e+14
5.27258e+14
5.65621e+14
6.02076e+14
6.35663e+14
6.66481e+14
6.94178e+14
7.23999e+14
7.52035e+14
7.81544e+14
8.08584e+14
8.35152e+14
8.58953e+14
8.76665e+14
9.05436e+14
9.1975e+14
9.41177e+14
9.53627e+14
9.69923e+14
9.85481e+14
9.96602e+14
1.00988e+15
1.01798e+15
1.02935e+15
1.0402e+15
1.05019e+15
1.05492e+15
1.06335e+15
1.06376e+15
1.06527e+15
1.06334e+15
1.06612e+15
1.06955e+15
1.06256e+15
1.05617e+15
1.04312e+15
1.03381e+15
1.01934e+15
1.01352e+15
1.00104e+15
9.80163e+14
9.65686e+14
9.50649e+14
9.27163e+14
9.04945e+14
8.84251e+14
8.61782e+14
8.40292e+14
8.14681e+14
7.83493e+14
7.50803e+14
7.28713e+14
6.90125e+14
6.55001e+14
6.20698e+14
5.88121e+14
5.51094e+14
5.1338e+14
4.72734e+14
4.32141e+14
3.94992e+14
3.58721e+14
3.18873e+14
2.81025e+14
2.47169e+14
2.13834e+14
1.83391e+14
1.54586e+14
1.26991e+14
9.53088e+13
5.35069e+13
5.62867e+13
1.07102e+14
1.5575e+14
2.01377e+14
2.42459e+14
2.90492e+14
3.32327e+14
3.73079e+14
4.12055e+14
4.51125e+14
4.89752e+14
5.22523e+14
5.52804e+14
5.80246e+14
6.08707e+14
6.36225e+14
6.64121e+14
6.86539e+14
7.16364e+14
7.34837e+14
7.6414e+14
7.8817e+14
8.02251e+14
8.24624e+14
8.40319e+14
8.54768e+14
8.75465e+14
8.82827e+14
8.98122e+14
9.10792e+14
9.24133e+14
9.33419e+14
9.41102e+14
9.58186e+14
9.59182e+14
9.66294e+14
9.74176e+14
9.81927e+14
9.83967e+14
9.86355e+14
9.77639e+14
9.76559e+14
9.74051e+14
9.64431e+14
9.60484e+14
9.54485e+14
9.39717e+14
9.32196e+14
9.17759e+14
9.05773e+14
8.90185e+14
8.78997e+14
8.60008e+14
8.40901e+14
8.23167e+14
8.00607e+14
7.78153e+14
7.53781e+14
7.31496e+14
7.03223e+14
6.77329e+14
6.41827e+14
6.10809e+14
5.81974e+14
5.47266e+14
5.09256e+14
4.74222e+14
4.36785e+14
4.01513e+14
3.66346e+14
3.28925e+14
2.93688e+14
2.58118e+14
2.22527e+14
1.94451e+14
1.65283e+14
1.38082e+14
1.13822e+14
8.66453e+13
4.75353e+13
5.11506e+13
9.93512e+13
1.43001e+14
1.85568e+14
2.25443e+14
2.6552e+14
3.05602e+14
3.42365e+14
3.79615e+14
4.10758e+14
4.44642e+14
4.729e+14
5.00395e+14
5.22829e+14
5.49144e+14
5.75908e+14
6.0183e+14
6.19918e+14
6.40717e+14
6.65337e+14
6.85636e+14
7.04886e+14
7.20071e+14
7.36757e+14
7.56006e+14
7.63448e+14
7.84398e+14
7.99343e+14
8.08115e+14
8.23327e+14
8.30064e+14
8.38706e+14
8.46258e+14
8.57172e+14
8.63732e+14
8.69245e+14
8.80261e+14
8.86707e+14
8.8211e+14
8.80937e+14
8.8241e+14
8.80147e+14
8.79296e+14
8.76405e+14
8.68468e+14
8.64136e+14
8.55467e+14
8.48869e+14
8.37017e+14
8.27116e+14
8.14652e+14
8.00006e+14
7.81661e+14
7.6822e+14
7.50925e+14
7.32886e+14
7.12808e+14
6.91098e+14
6.74017e+14
6.44187e+14
6.19792e+14
5.92918e+14
5.67024e+14
5.35131e+14
5.0259e+14
4.7358e+14
4.41206e+14
4.07818e+14
3.70939e+14
3.38889e+14
3.0479e+14
2.70975e+14
2.37168e+14
2.0345e+14
1.74183e+14
1.45616e+14
1.20425e+14
1.00762e+14
7.52274e+13
4.20688e+13
4.46424e+13
8.99821e+13
1.30558e+14
1.70608e+14
2.09544e+14
2.44956e+14
2.79524e+14
3.1158e+14
3.41727e+14
3.69652e+14
4.00337e+14
4.18063e+14
4.44464e+14
4.68857e+14
4.8955e+14
5.12842e+14
5.30808e+14
5.49407e+14
5.69514e+14
5.83963e+14
6.03919e+14
6.19435e+14
6.38951e+14
6.54406e+14
6.68992e+14
6.78151e+14
6.92311e+14
7.04989e+14
7.16223e+14
7.23858e+14
7.35004e+14
7.40335e+14
7.53598e+14
7.57583e+14
7.63976e+14
7.69778e+14
7.74123e+14
7.77731e+14
7.83896e+14
7.83655e+14
7.84571e+14
7.83309e+14
7.8252e+14
7.79108e+14
7.78635e+14
7.71509e+14
7.67537e+14
7.57698e+14
7.50136e+14
7.42065e+14
7.30988e+14
7.17918e+14
7.04132e+14
6.90464e+14
6.71851e+14
6.59336e+14
6.43144e+14
6.29515e+14
6.07943e+14
5.87682e+14
5.62841e+14
5.42997e+14
5.12409e+14
4.84149e+14
4.5546e+14
4.29427e+14
4.00741e+14
3.73001e+14
3.37874e+14
3.10293e+14
2.78018e+14
2.43616e+14
2.13757e+14
1.84411e+14
1.53404e+14
1.3256e+14
1.04283e+14
8.56913e+13
6.47637e+13
3.83274e+13
4.23971e+13
8.16189e+13
1.17195e+14
1.56004e+14
1.87433e+14
2.19426e+14
2.52524e+14
2.76538e+14
3.02985e+14
3.23287e+14
3.43579e+14
3.6852e+14
3.88083e+14
4.03125e+14
4.23401e+14
4.38785e+14
4.59686e+14
4.77472e+14
4.89872e+14
5.00431e+14
5.19152e+14
5.35226e+14
5.49917e+14
5.64972e+14
5.74e+14
5.8661e+14
5.98423e+14
6.09019e+14
6.1928e+14
6.28574e+14
6.35172e+14
6.42127e+14
6.48212e+14
6.5953e+14
6.59956e+14
6.71187e+14
6.71531e+14
6.76749e+14
6.80679e+14
6.85693e+14
6.88024e+14
6.93669e+14
6.86753e+14
6.89106e+14
6.81514e+14
6.83998e+14
6.78017e+14
6.70069e+14
6.63898e+14
6.55402e+14
6.47514e+14
6.33397e+14
6.23726e+14
6.09044e+14
5.99591e+14
5.84811e+14
5.69223e+14
5.55883e+14
5.39076e+14
5.21951e+14
5.0006e+14
4.84736e+14
4.58244e+14
4.39601e+14
4.13232e+14
3.8931e+14
3.67692e+14
3.41566e+14
3.11269e+14
2.84086e+14
2.55402e+14
2.24574e+14
1.92727e+14
1.65119e+14
1.37344e+14
1.13105e+14
9.1177e+13
7.07798e+13
5.50591e+13
3.19822e+13
3.72453e+13
7.18266e+13
1.07428e+14
1.39933e+14
1.68437e+14
1.95016e+14
2.17968e+14
2.37241e+14
2.54929e+14
2.73156e+14
2.89115e+14
3.07153e+14
3.2294e+14
3.37036e+14
3.51281e+14
3.63633e+14
3.75893e+14
3.91692e+14
4.06995e+14
4.21346e+14
4.32874e+14
4.45771e+14
4.57616e+14
4.68697e+14
4.80173e+14
4.92129e+14
4.99418e+14
5.11742e+14
5.20802e+14
5.29945e+14
5.37582e+14
5.43075e+14
5.50214e+14
5.5508e+14
5.61035e+14
5.64768e+14
5.70474e+14
5.72145e+14
5.76025e+14
5.82396e+14
5.80913e+14
5.84765e+14
5.83655e+14
5.82615e+14
5.79683e+14
5.79993e+14
5.76292e+14
5.71689e+14
5.6736e+14
5.58961e+14
5.53624e+14
5.43374e+14
5.33462e+14
5.24308e+14
5.13929e+14
5.0229e+14
4.90225e+14
4.79794e+14
4.64386e+14
4.51243e+14
4.33609e+14
4.19555e+14
4.02002e+14
3.85105e+14
3.6412e+14
3.43773e+14
3.25956e+14
3.04257e+14
2.78296e+14
2.53428e+14
2.27095e+14
2.00192e+14
1.73774e+14
1.501e+14
1.22007e+14
1.00629e+14
7.76579e+13
6.04618e+13
4.38954e+13
2.66551e+13
3.20288e+13
6.614e+13
9.59053e+13
1.20781e+14
1.41675e+14
1.60495e+14
1.7847e+14
1.92718e+14
2.05701e+14
2.17544e+14
2.29625e+14
2.41588e+14
2.51643e+14
2.6461e+14
2.79294e+14
2.89076e+14
2.98654e+14
3.09196e+14
3.2242e+14
3.32935e+14
3.43136e+14
3.56692e+14
3.63179e+14
3.74375e+14
3.83856e+14
3.95375e+14
4.0448e+14
4.12752e+14
4.19812e+14
4.26717e+14
4.33182e+14
4.3772e+14
4.44283e+14
4.48509e+14
4.56211e+14
4.58879e+14
4.64492e+14
4.6881e+14
4.70278e+14
4.74981e+14
4.74628e+14
4.78377e+14
4.75014e+14
4.76603e+14
4.75514e+14
4.75395e+14
4.71042e+14
4.69416e+14
4.60726e+14
4.60851e+14
4.52825e+14
4.46849e+14
4.38654e+14
4.31893e+14
4.22543e+14
4.15517e+14
4.05443e+14
3.9762e+14
3.85366e+14
3.78136e+14
3.65268e+14
3.55425e+14
3.40177e+14
3.26365e+14
3.09892e+14
2.94568e+14
2.7719e+14
2.59382e+14
2.41141e+14
2.22277e+14
2.00476e+14
1.78805e+14
1.5859e+14
1.33717e+14
1.10378e+14
8.85967e+13
6.83603e+13
4.95162e+13
3.48676e+13
2.13662e+13
2.49659e+13
5.22489e+13
7.77596e+13
9.65863e+13
1.11854e+14
1.2501e+14
1.35008e+14
1.45139e+14
1.52961e+14
1.61133e+14
1.69858e+14
1.77755e+14
1.85562e+14
1.94826e+14
2.02387e+14
2.10841e+14
2.20369e+14
2.28394e+14
2.38031e+14
2.45955e+14
2.54892e+14
2.63059e+14
2.71468e+14
2.78052e+14
2.87999e+14
2.96421e+14
3.05194e+14
3.10967e+14
3.17592e+14
3.246e+14
3.29412e+14
3.33913e+14
3.39916e+14
3.44339e+14
3.48744e+14
3.5344e+14
3.5714e+14
3.6121e+14
3.64114e+14
3.66744e+14
3.68787e+14
3.68352e+14
3.69591e+14
3.69075e+14
3.68303e+14
3.6921e+14
3.65957e+14
3.64571e+14
3.61746e+14
3.57668e+14
3.52987e+14
3.51805e+14
3.44881e+14
3.40071e+14
3.33368e+14
3.26245e+14
3.18031e+14
3.13131e+14
3.0551e+14
2.98667e+14
2.90393e+14
2.80355e+14
2.7018e+14
2.60776e+14
2.4893e+14
2.37426e+14
2.26564e+14
2.11963e+14
2.00084e+14
1.85204e+14
1.69107e+14
1.54112e+14
1.36508e+14
1.16743e+14
9.66398e+13
7.92841e+13
5.98907e+13
4.31931e+13
2.80364e+13
1.58039e+13
2.59703e+13
5.01939e+13
6.10236e+13
6.84211e+13
7.43617e+13
8.12954e+13
8.58229e+13
9.30812e+13
9.74732e+13
1.02863e+14
1.08013e+14
1.14121e+14
1.18803e+14
1.24774e+14
1.30017e+14
1.37666e+14
1.43453e+14
1.51058e+14
1.55447e+14
1.6439e+14
1.69576e+14
1.7773e+14
1.83132e+14
1.9003e+14
1.95423e+14
2.01601e+14
2.08567e+14
2.13078e+14
2.19617e+14
2.24206e+14
2.2777e+14
2.32304e+14
2.36056e+14
2.37898e+14
2.42028e+14
2.44445e+14
2.47528e+14
2.50933e+14
2.52974e+14
2.56038e+14
2.56386e+14
2.59295e+14
2.58112e+14
2.60122e+14
2.59245e+14
2.58654e+14
2.56968e+14
2.56691e+14
2.54429e+14
2.53012e+14
2.50641e+14
2.47891e+14
2.4575e+14
2.39838e+14
2.3737e+14
2.32149e+14
2.2791e+14
2.23529e+14
2.18196e+14
2.13646e+14
2.07803e+14
2.01778e+14
1.9421e+14
1.89021e+14
1.80661e+14
1.74335e+14
1.64129e+14
1.57342e+14
1.48028e+14
1.39884e+14
1.28534e+14
1.17261e+14
1.06113e+14
9.44521e+13
8.26793e+13
7.07686e+13
5.43863e+13
3.79076e+13
2.18013e+13
1.32416e+13
5.0869e+12
1.90392e+13
2.4319e+13
2.80735e+13
3.02675e+13
3.35197e+13
3.58737e+13
3.86256e+13
4.18401e+13
4.47208e+13
4.84213e+13
5.2056e+13
5.58486e+13
5.92816e+13
6.27221e+13
6.58451e+13
7.11089e+13
7.37975e+13
7.87676e+13
8.1881e+13
8.70101e+13
8.98993e+13
9.34459e+13
9.69564e+13
1.0024e+14
1.03241e+14
1.0736e+14
1.09682e+14
1.13161e+14
1.15724e+14
1.18431e+14
1.21624e+14
1.22945e+14
1.25537e+14
1.26977e+14
1.29987e+14
1.30137e+14
1.3355e+14
1.33473e+14
1.35528e+14
1.35773e+14
1.37358e+14
1.3673e+14
1.37195e+14
1.36879e+14
1.36731e+14
1.36238e+14
1.35329e+14
1.35356e+14
1.33643e+14
1.33041e+14
1.31298e+14
1.29974e+14
1.2865e+14
1.26591e+14
1.24585e+14
1.21663e+14
1.19906e+14
1.17604e+14
1.14648e+14
1.126e+14
1.09336e+14
1.06474e+14
1.02765e+14
9.90101e+13
9.52177e+13
9.15659e+13
8.70811e+13
8.33469e+13
7.91133e+13
7.38664e+13
6.94634e+13
6.40677e+13
5.90505e+13
5.30782e+13
4.77185e+13
4.05138e+13
3.60768e+13
2.35341e+13
2.13108e+13
)
;

boundaryField
{
    movingWall
    {
        type            fixedValue;
        value           uniform 0;
    }
    fixedWalls
    {
        type            fixedValue;
        value           uniform 0;
    }
    frontAndBack
    {
        type            empty;
    }
}


// ************************************************************************* //
