/*--------------------------------*- C++ -*----------------------------------*\
  =========                 |
  \\      /  F ield         | OpenFOAM: The Open Source CFD Toolbox
   \\    /   O peration     | Website:  https://openfoam.org
    \\  /    A nd           | Version:  6
     \\/     M anipulation  |
\*---------------------------------------------------------------------------*/
FoamFile
{
    version     2.0;
    format      ascii;
    class       volScalarField;
    location    "600";
    object      dnp8_s;
}
// * * * * * * * * * * * * * * * * * * * * * * * * * * * * * * * * * * * * * //

dimensions      [0 -3 -1 0 0 0 0];

internalField   nonuniform List<scalar> 
6400
(
2.53102e+13
4.10946e+13
5.55956e+13
7.03718e+13
8.93497e+13
1.04098e+14
1.14871e+14
1.31984e+14
1.44932e+14
1.61121e+14
1.70037e+14
1.91953e+14
1.98405e+14
2.08977e+14
2.27319e+14
2.37109e+14
2.57591e+14
2.58705e+14
2.78406e+14
2.82244e+14
3.0307e+14
3.0793e+14
3.08117e+14
3.17132e+14
3.3274e+14
3.32031e+14
3.45833e+14
3.48415e+14
3.59522e+14
3.67289e+14
3.93728e+14
3.75826e+14
3.84293e+14
3.90154e+14
3.98256e+14
3.85831e+14
4.04986e+14
3.94381e+14
3.96801e+14
3.89163e+14
4.11121e+14
3.93214e+14
4.06583e+14
3.89111e+14
3.87467e+14
3.84714e+14
3.91033e+14
3.87636e+14
3.70836e+14
3.82177e+14
3.646e+14
3.78109e+14
3.54696e+14
3.49095e+14
3.38707e+14
3.32792e+14
3.2199e+14
3.18002e+14
3.01354e+14
2.92621e+14
2.80322e+14
2.71007e+14
2.59626e+14
2.47682e+14
2.3944e+14
2.21395e+14
2.17967e+14
1.93685e+14
1.93224e+14
1.74216e+14
1.61287e+14
1.46835e+14
1.28408e+14
1.17641e+14
1.01068e+14
9.46141e+13
7.30477e+13
5.76152e+13
4.46264e+13
2.54732e+13
3.84124e+13
6.01676e+13
8.86713e+13
1.16096e+14
1.36395e+14
1.62058e+14
1.78402e+14
2.03941e+14
2.34993e+14
2.43146e+14
2.6533e+14
2.88316e+14
3.19011e+14
3.23367e+14
3.5005e+14
3.79257e+14
3.92855e+14
4.13878e+14
4.21806e+14
4.42826e+14
4.52669e+14
4.79471e+14
4.79848e+14
4.92245e+14
5.177e+14
5.2347e+14
5.38831e+14
5.41362e+14
5.73406e+14
5.65944e+14
5.80921e+14
5.72864e+14
6.10673e+14
5.87694e+14
6.00565e+14
6.01877e+14
6.11636e+14
6.10654e+14
6.24078e+14
6.18231e+14
6.26798e+14
6.29094e+14
6.23047e+14
6.10525e+14
5.99087e+14
5.95294e+14
6.0618e+14
5.84811e+14
5.87757e+14
5.81049e+14
5.75129e+14
5.68137e+14
5.60269e+14
5.40799e+14
5.23705e+14
5.08786e+14
4.96197e+14
4.81148e+14
4.75822e+14
4.51148e+14
4.32605e+14
4.16009e+14
3.97517e+14
3.73642e+14
3.69625e+14
3.5273e+14
3.27915e+14
3.06382e+14
2.84085e+14
2.75527e+14
2.48802e+14
2.2331e+14
1.96083e+14
1.77452e+14
1.59822e+14
1.33528e+14
1.11556e+14
8.59778e+13
7.17579e+13
3.72702e+13
5.22909e+13
8.47763e+13
1.14282e+14
1.54927e+14
1.74982e+14
2.06934e+14
2.36079e+14
2.68522e+14
3.04077e+14
3.2e+14
3.46002e+14
3.74872e+14
4.13989e+14
4.28363e+14
4.73868e+14
5.01007e+14
5.16708e+14
5.38695e+14
5.64885e+14
5.94062e+14
5.99864e+14
6.39414e+14
6.34127e+14
6.54752e+14
6.84755e+14
6.97756e+14
7.18382e+14
7.54259e+14
7.51987e+14
7.50188e+14
7.64424e+14
7.88305e+14
7.9119e+14
7.9674e+14
8.04368e+14
8.15336e+14
8.21629e+14
8.25824e+14
8.01557e+14
8.12347e+14
8.07429e+14
8.2038e+14
8.19786e+14
8.212e+14
8.02152e+14
7.89867e+14
7.92252e+14
7.79815e+14
7.67187e+14
7.68471e+14
7.6506e+14
7.47265e+14
7.3973e+14
7.17573e+14
6.95434e+14
6.80058e+14
6.48849e+14
6.49842e+14
6.33579e+14
6.05755e+14
5.68591e+14
5.62274e+14
5.37343e+14
4.96843e+14
4.82602e+14
4.67605e+14
4.34171e+14
4.08181e+14
3.74334e+14
3.63317e+14
3.35865e+14
3.08584e+14
2.62465e+14
2.5184e+14
2.10568e+14
1.78577e+14
1.55e+14
1.16223e+14
8.90828e+13
5.27529e+13
6.34566e+13
1.02655e+14
1.49834e+14
1.9101e+14
2.27764e+14
2.6257e+14
2.99655e+14
3.33095e+14
3.84369e+14
4.13221e+14
4.38236e+14
4.78521e+14
5.00847e+14
5.54492e+14
5.80443e+14
6.14509e+14
6.44332e+14
6.69511e+14
7.13389e+14
7.28309e+14
7.72588e+14
7.91486e+14
7.9928e+14
8.33169e+14
8.53046e+14
8.86619e+14
8.7248e+14
9.02851e+14
9.28229e+14
9.30627e+14
9.68927e+14
9.73604e+14
9.71207e+14
9.98882e+14
9.97156e+14
1.00817e+15
1.01987e+15
1.02313e+15
1.01035e+15
1.00976e+15
1.01847e+15
1.02711e+15
1.01978e+15
9.94967e+14
9.97624e+14
9.78955e+14
9.6902e+14
9.76818e+14
9.64925e+14
9.52352e+14
9.42035e+14
9.3008e+14
9.12864e+14
8.8801e+14
8.68575e+14
8.47762e+14
8.2917e+14
8.00604e+14
7.74063e+14
7.57074e+14
7.19349e+14
6.92833e+14
6.57974e+14
6.30061e+14
6.12062e+14
5.72755e+14
5.42228e+14
5.21522e+14
4.76834e+14
4.47051e+14
4.16127e+14
3.79948e+14
3.38222e+14
3.033e+14
2.67956e+14
2.22125e+14
1.89752e+14
1.47693e+14
1.03817e+14
6.46261e+13
7.46078e+13
1.36441e+14
1.72406e+14
2.23319e+14
2.65981e+14
3.18268e+14
3.59877e+14
4.04478e+14
4.47362e+14
4.93655e+14
5.3885e+14
5.64839e+14
6.00927e+14
6.59691e+14
7.08661e+14
7.42265e+14
7.78563e+14
8.14079e+14
8.33273e+14
8.73108e+14
8.96957e+14
9.32615e+14
9.62331e+14
9.91953e+14
1.02823e+15
1.05397e+15
1.06921e+15
1.08849e+15
1.10375e+15
1.13451e+15
1.13588e+15
1.14171e+15
1.16949e+15
1.15728e+15
1.18263e+15
1.18764e+15
1.19794e+15
1.23046e+15
1.22498e+15
1.23622e+15
1.22145e+15
1.22875e+15
1.22607e+15
1.20391e+15
1.16834e+15
1.18424e+15
1.18325e+15
1.15711e+15
1.17037e+15
1.13795e+15
1.13262e+15
1.08763e+15
1.08418e+15
1.09668e+15
1.05833e+15
1.02698e+15
1.00256e+15
9.6304e+14
9.28562e+14
9.08392e+14
8.74138e+14
8.17299e+14
7.86522e+14
7.52238e+14
7.23347e+14
6.89494e+14
6.56766e+14
6.33512e+14
5.69717e+14
5.37804e+14
4.89041e+14
4.42194e+14
4.11449e+14
3.52498e+14
3.04144e+14
2.65862e+14
2.22703e+14
1.78883e+14
1.21877e+14
7.43916e+13
8.99757e+13
1.53102e+14
2.08968e+14
2.67437e+14
3.07245e+14
3.63355e+14
4.15545e+14
4.74095e+14
5.21546e+14
5.71048e+14
6.17261e+14
6.58657e+14
7.0866e+14
7.71791e+14
8.20939e+14
8.41451e+14
9.02035e+14
9.29966e+14
9.59117e+14
1.02229e+15
1.06407e+15
1.09006e+15
1.11157e+15
1.15379e+15
1.18207e+15
1.22032e+15
1.23736e+15
1.26368e+15
1.28777e+15
1.31416e+15
1.30596e+15
1.33146e+15
1.36228e+15
1.3748e+15
1.388e+15
1.39803e+15
1.41042e+15
1.43228e+15
1.45238e+15
1.41124e+15
1.42378e+15
1.42513e+15
1.40399e+15
1.40668e+15
1.39579e+15
1.39685e+15
1.37538e+15
1.35995e+15
1.35116e+15
1.32911e+15
1.31378e+15
1.28658e+15
1.25221e+15
1.2442e+15
1.21752e+15
1.19186e+15
1.16554e+15
1.11906e+15
1.08141e+15
1.06143e+15
1.02716e+15
9.69578e+14
9.36957e+14
8.77059e+14
8.43826e+14
8.09102e+14
7.74721e+14
7.15601e+14
6.65584e+14
6.25561e+14
5.72062e+14
5.17427e+14
4.67206e+14
4.11106e+14
3.564e+14
3.14236e+14
2.61288e+14
2.08622e+14
1.41899e+14
8.90485e+13
1.00078e+14
1.67224e+14
2.37353e+14
3.01516e+14
3.4849e+14
4.09486e+14
4.6926e+14
5.33966e+14
5.8718e+14
6.54845e+14
7.01068e+14
7.5434e+14
8.13297e+14
8.66984e+14
9.09068e+14
9.70935e+14
1.00094e+15
1.06403e+15
1.1247e+15
1.16687e+15
1.19562e+15
1.24559e+15
1.26388e+15
1.28956e+15
1.33307e+15
1.38565e+15
1.43894e+15
1.45454e+15
1.43792e+15
1.48927e+15
1.51252e+15
1.52939e+15
1.54218e+15
1.55135e+15
1.57885e+15
1.58889e+15
1.6267e+15
1.62285e+15
1.60055e+15
1.61349e+15
1.61737e+15
1.62446e+15
1.61464e+15
1.61574e+15
1.58786e+15
1.57917e+15
1.58023e+15
1.56776e+15
1.53766e+15
1.51676e+15
1.48017e+15
1.45972e+15
1.47479e+15
1.40209e+15
1.36755e+15
1.37703e+15
1.33982e+15
1.27852e+15
1.21973e+15
1.21403e+15
1.17564e+15
1.12379e+15
1.0577e+15
1.00661e+15
9.64137e+14
9.10524e+14
8.98586e+14
8.33803e+14
7.606e+14
7.22472e+14
6.47181e+14
5.92498e+14
5.33868e+14
4.74182e+14
4.0232e+14
3.54534e+14
2.86226e+14
2.41617e+14
1.73488e+14
1.07223e+14
1.12735e+14
1.93453e+14
2.70456e+14
3.37801e+14
3.96115e+14
4.70509e+14
5.37548e+14
5.88988e+14
6.70509e+14
7.34236e+14
7.86621e+14
8.49823e+14
9.26363e+14
9.61813e+14
1.02192e+15
1.0933e+15
1.14877e+15
1.20329e+15
1.24236e+15
1.30234e+15
1.33399e+15
1.37709e+15
1.43236e+15
1.46389e+15
1.50328e+15
1.53773e+15
1.59993e+15
1.58958e+15
1.66242e+15
1.69584e+15
1.68594e+15
1.70386e+15
1.72022e+15
1.74026e+15
1.77276e+15
1.76564e+15
1.79715e+15
1.81318e+15
1.822e+15
1.82056e+15
1.82484e+15
1.80894e+15
1.79932e+15
1.83381e+15
1.78578e+15
1.74892e+15
1.76966e+15
1.7428e+15
1.73002e+15
1.67943e+15
1.67275e+15
1.66363e+15
1.60071e+15
1.57168e+15
1.53723e+15
1.51555e+15
1.48078e+15
1.46246e+15
1.40675e+15
1.33713e+15
1.29427e+15
1.23607e+15
1.18312e+15
1.11604e+15
1.08832e+15
1.03211e+15
9.80165e+14
9.32815e+14
8.77185e+14
8.01266e+14
7.3257e+14
6.62317e+14
6.06794e+14
5.25782e+14
4.66125e+14
3.93253e+14
3.23523e+14
2.71241e+14
1.97169e+14
1.15817e+14
1.22202e+14
2.09305e+14
3.04046e+14
3.7554e+14
4.54759e+14
5.08973e+14
5.95172e+14
6.71172e+14
7.31997e+14
8.06867e+14
8.88626e+14
9.27309e+14
1.0164e+15
1.09853e+15
1.16615e+15
1.17954e+15
1.25641e+15
1.35531e+15
1.3874e+15
1.43596e+15
1.49372e+15
1.53181e+15
1.55937e+15
1.63684e+15
1.65952e+15
1.70308e+15
1.76154e+15
1.7755e+15
1.80519e+15
1.84193e+15
1.88303e+15
1.89813e+15
1.94838e+15
1.9523e+15
1.95236e+15
1.97287e+15
1.99598e+15
2.01831e+15
2.03268e+15
2.02377e+15
2.01438e+15
2.01609e+15
1.98758e+15
1.98078e+15
1.97608e+15
1.94021e+15
1.93162e+15
1.90445e+15
1.90846e+15
1.88453e+15
1.84387e+15
1.80631e+15
1.76816e+15
1.75049e+15
1.70964e+15
1.67808e+15
1.65063e+15
1.60557e+15
1.53352e+15
1.49661e+15
1.41661e+15
1.39528e+15
1.33737e+15
1.26824e+15
1.17913e+15
1.12756e+15
1.08964e+15
1.01387e+15
9.57811e+14
8.7821e+14
8.23315e+14
7.56737e+14
6.69833e+14
5.8619e+14
5.15739e+14
4.43638e+14
3.63903e+14
2.96424e+14
2.068e+14
1.29905e+14
1.37424e+14
2.21779e+14
3.23173e+14
4.08481e+14
4.95973e+14
5.67085e+14
6.51951e+14
7.22381e+14
8.08329e+14
8.9106e+14
9.80447e+14
1.04186e+15
1.09466e+15
1.19488e+15
1.26511e+15
1.33215e+15
1.39911e+15
1.46334e+15
1.52494e+15
1.5833e+15
1.65363e+15
1.68136e+15
1.736e+15
1.80006e+15
1.84906e+15
1.90855e+15
1.93722e+15
1.97659e+15
2.01555e+15
2.04169e+15
2.07847e+15
2.10329e+15
2.13253e+15
2.13835e+15
2.1762e+15
2.16345e+15
2.19579e+15
2.19335e+15
2.18876e+15
2.20778e+15
2.22914e+15
2.20675e+15
2.20391e+15
2.18025e+15
2.17531e+15
2.14452e+15
2.12866e+15
2.10328e+15
2.0913e+15
2.06227e+15
2.03872e+15
2.00392e+15
1.96905e+15
1.93459e+15
1.87281e+15
1.86861e+15
1.80014e+15
1.72366e+15
1.6949e+15
1.63269e+15
1.56393e+15
1.4868e+15
1.42087e+15
1.36432e+15
1.31294e+15
1.26478e+15
1.18954e+15
1.12398e+15
1.02092e+15
9.69568e+14
8.96234e+14
8.13825e+14
7.08086e+14
6.39176e+14
5.57423e+14
4.86333e+14
3.99537e+14
3.15159e+14
2.33755e+14
1.35309e+14
1.55448e+14
2.43712e+14
3.50386e+14
4.39737e+14
5.17783e+14
6.17347e+14
7.09003e+14
7.85432e+14
8.88859e+14
9.72108e+14
1.08708e+15
1.13495e+15
1.18334e+15
1.28065e+15
1.36703e+15
1.43288e+15
1.51175e+15
1.57865e+15
1.65316e+15
1.74076e+15
1.7949e+15
1.85945e+15
1.89358e+15
1.90803e+15
1.98973e+15
2.05535e+15
2.11651e+15
2.1328e+15
2.20117e+15
2.21264e+15
2.24008e+15
2.25672e+15
2.28631e+15
2.32622e+15
2.36228e+15
2.36982e+15
2.37402e+15
2.41199e+15
2.39178e+15
2.4468e+15
2.42736e+15
2.40287e+15
2.41766e+15
2.38219e+15
2.36612e+15
2.31453e+15
2.32725e+15
2.3081e+15
2.27315e+15
2.2536e+15
2.22919e+15
2.17434e+15
2.13004e+15
2.0853e+15
2.05481e+15
2.01778e+15
1.91415e+15
1.89487e+15
1.83312e+15
1.77511e+15
1.72066e+15
1.61926e+15
1.57187e+15
1.49389e+15
1.43004e+15
1.38781e+15
1.29237e+15
1.19987e+15
1.13929e+15
1.04416e+15
9.72522e+14
8.802e+14
7.85417e+14
7.03262e+14
6.18475e+14
5.30711e+14
4.25251e+14
3.46952e+14
2.49062e+14
1.45978e+14
1.7799e+14
2.69434e+14
3.70253e+14
4.77123e+14
5.73043e+14
6.62717e+14
7.65803e+14
8.50699e+14
9.35333e+14
1.03946e+15
1.13959e+15
1.22699e+15
1.27837e+15
1.37513e+15
1.46506e+15
1.56341e+15
1.6561e+15
1.7199e+15
1.79289e+15
1.8618e+15
1.91959e+15
2.01253e+15
2.02402e+15
2.10051e+15
2.17314e+15
2.22036e+15
2.28079e+15
2.31371e+15
2.32864e+15
2.39946e+15
2.44316e+15
2.47762e+15
2.52683e+15
2.53026e+15
2.53335e+15
2.55287e+15
2.60968e+15
2.60625e+15
2.57052e+15
2.59712e+15
2.59927e+15
2.62224e+15
2.59267e+15
2.56793e+15
2.53093e+15
2.53231e+15
2.50723e+15
2.46671e+15
2.46049e+15
2.42385e+15
2.40188e+15
2.35602e+15
2.30133e+15
2.28149e+15
2.23391e+15
2.16267e+15
2.12028e+15
2.04026e+15
1.97049e+15
1.92995e+15
1.87487e+15
1.7844e+15
1.71442e+15
1.63347e+15
1.55694e+15
1.47209e+15
1.40037e+15
1.29899e+15
1.20919e+15
1.13213e+15
1.03999e+15
9.65202e+14
8.51328e+14
7.57568e+14
6.62215e+14
5.65815e+14
4.77416e+14
3.73401e+14
2.66532e+14
1.60314e+14
1.8447e+14
2.92979e+14
4.05006e+14
5.0536e+14
6.12835e+14
7.19359e+14
8.1853e+14
9.45406e+14
1.0099e+15
1.11777e+15
1.2222e+15
1.3177e+15
1.40986e+15
1.49907e+15
1.56923e+15
1.68101e+15
1.74936e+15
1.82334e+15
1.90261e+15
1.97807e+15
2.05663e+15
2.17413e+15
2.20602e+15
2.27217e+15
2.36704e+15
2.40443e+15
2.4582e+15
2.49365e+15
2.54123e+15
2.58901e+15
2.63088e+15
2.64053e+15
2.67318e+15
2.75444e+15
2.73242e+15
2.7762e+15
2.77728e+15
2.77074e+15
2.78877e+15
2.78329e+15
2.81459e+15
2.7781e+15
2.80058e+15
2.77819e+15
2.77988e+15
2.74424e+15
2.71377e+15
2.69802e+15
2.66342e+15
2.63293e+15
2.59871e+15
2.54583e+15
2.51079e+15
2.43888e+15
2.39382e+15
2.3415e+15
2.28023e+15
2.20597e+15
2.13233e+15
2.06332e+15
1.99671e+15
1.95767e+15
1.84238e+15
1.78068e+15
1.67863e+15
1.59319e+15
1.49755e+15
1.38063e+15
1.32182e+15
1.21255e+15
1.11328e+15
1.02483e+15
9.17378e+14
7.97315e+14
7.1437e+14
5.95847e+14
5.06101e+14
3.99696e+14
2.9226e+14
1.67136e+14
1.95188e+14
3.22754e+14
4.34282e+14
5.39576e+14
6.65229e+14
7.77041e+14
8.72398e+14
9.8406e+14
1.06513e+15
1.20332e+15
1.31499e+15
1.40905e+15
1.52299e+15
1.61821e+15
1.68473e+15
1.77262e+15
1.90861e+15
1.96057e+15
2.08072e+15
2.13806e+15
2.24912e+15
2.28072e+15
2.35734e+15
2.4215e+15
2.5137e+15
2.6094e+15
2.62812e+15
2.6928e+15
2.69649e+15
2.77528e+15
2.79042e+15
2.84564e+15
2.89793e+15
2.93175e+15
2.91084e+15
2.96905e+15
2.98676e+15
2.98649e+15
3.01206e+15
3.00067e+15
3.02341e+15
3.01036e+15
2.99297e+15
2.96874e+15
2.93194e+15
2.90097e+15
2.89239e+15
2.86824e+15
2.85505e+15
2.81134e+15
2.77184e+15
2.7462e+15
2.66006e+15
2.61954e+15
2.56439e+15
2.50241e+15
2.43191e+15
2.38808e+15
2.28643e+15
2.20882e+15
2.15015e+15
2.07301e+15
1.9798e+15
1.89568e+15
1.78425e+15
1.6842e+15
1.59707e+15
1.5111e+15
1.41964e+15
1.31309e+15
1.1782e+15
1.09602e+15
9.8839e+14
8.64358e+14
7.43373e+14
6.54286e+14
5.24153e+14
4.20269e+14
3.0406e+14
1.8251e+14
1.92221e+14
3.34871e+14
4.55124e+14
5.90142e+14
7.06457e+14
8.28438e+14
9.49062e+14
1.05379e+15
1.14893e+15
1.28091e+15
1.36597e+15
1.49827e+15
1.62393e+15
1.72156e+15
1.80739e+15
1.90324e+15
2.01312e+15
2.08837e+15
2.17222e+15
2.2761e+15
2.38151e+15
2.43066e+15
2.5041e+15
2.57801e+15
2.68517e+15
2.71638e+15
2.79514e+15
2.88003e+15
2.90623e+15
2.95366e+15
3.02903e+15
3.04093e+15
3.091e+15
3.12347e+15
3.15831e+15
3.14389e+15
3.18789e+15
3.17341e+15
3.22587e+15
3.20708e+15
3.19921e+15
3.19418e+15
3.20806e+15
3.14498e+15
3.14856e+15
3.1085e+15
3.07923e+15
3.05007e+15
3.03419e+15
3.00219e+15
2.96489e+15
2.9045e+15
2.8497e+15
2.80312e+15
2.74722e+15
2.65397e+15
2.5619e+15
2.51023e+15
2.42898e+15
2.35663e+15
2.28006e+15
2.18518e+15
2.09331e+15
1.99194e+15
1.89209e+15
1.79356e+15
1.70523e+15
1.60982e+15
1.51437e+15
1.36916e+15
1.2879e+15
1.16939e+15
1.03563e+15
9.3377e+14
8.1635e+14
7.06021e+14
5.68754e+14
4.55634e+14
3.29514e+14
1.96253e+14
2.04901e+14
3.55507e+14
4.82019e+14
6.10721e+14
7.32527e+14
8.76848e+14
1.00715e+15
1.13074e+15
1.22229e+15
1.33801e+15
1.46761e+15
1.58956e+15
1.69538e+15
1.81326e+15
1.91753e+15
2.04437e+15
2.12819e+15
2.2116e+15
2.31921e+15
2.397e+15
2.51988e+15
2.57959e+15
2.67411e+15
2.77409e+15
2.8538e+15
2.90318e+15
3.01427e+15
2.97558e+15
3.06779e+15
3.12655e+15
3.157e+15
3.23528e+15
3.24763e+15
3.33e+15
3.31762e+15
3.35634e+15
3.39587e+15
3.35186e+15
3.40019e+15
3.38459e+15
3.36565e+15
3.40078e+15
3.38591e+15
3.36208e+15
3.36687e+15
3.33393e+15
3.28919e+15
3.22527e+15
3.22758e+15
3.1934e+15
3.11657e+15
3.10441e+15
3.02411e+15
2.93799e+15
2.87767e+15
2.81809e+15
2.70263e+15
2.68539e+15
2.58406e+15
2.48565e+15
2.41209e+15
2.34142e+15
2.26165e+15
2.10182e+15
2.03363e+15
1.90938e+15
1.80529e+15
1.69491e+15
1.57878e+15
1.47813e+15
1.34148e+15
1.22834e+15
1.12598e+15
9.89742e+14
8.59505e+14
7.5864e+14
6.03682e+14
4.8422e+14
3.46317e+14
2.02189e+14
2.05684e+14
3.73573e+14
5.15962e+14
6.53707e+14
7.70588e+14
9.02243e+14
1.06001e+15
1.19192e+15
1.31158e+15
1.4343e+15
1.56894e+15
1.70067e+15
1.78881e+15
1.91744e+15
2.04253e+15
2.15267e+15
2.25895e+15
2.34305e+15
2.47686e+15
2.55003e+15
2.64314e+15
2.73514e+15
2.82678e+15
2.92135e+15
3.00264e+15
3.0588e+15
3.16181e+15
3.18412e+15
3.25894e+15
3.33088e+15
3.35629e+15
3.41688e+15
3.42831e+15
3.47094e+15
3.51116e+15
3.54006e+15
3.56709e+15
3.54451e+15
3.58876e+15
3.59493e+15
3.58856e+15
3.56271e+15
3.57213e+15
3.56417e+15
3.51988e+15
3.51363e+15
3.48494e+15
3.40278e+15
3.39057e+15
3.35329e+15
3.31881e+15
3.26725e+15
3.20859e+15
3.12879e+15
3.02531e+15
2.96404e+15
2.85741e+15
2.80723e+15
2.72846e+15
2.64903e+15
2.55285e+15
2.44392e+15
2.37253e+15
2.21849e+15
2.10198e+15
2.02098e+15
1.90408e+15
1.79681e+15
1.67666e+15
1.53159e+15
1.42965e+15
1.31193e+15
1.17764e+15
1.05837e+15
9.17688e+14
7.80877e+14
6.4929e+14
5.02072e+14
3.67754e+14
2.16747e+14
2.31307e+14
4.00304e+14
5.36335e+14
6.92162e+14
8.30846e+14
9.70551e+14
1.10821e+15
1.26375e+15
1.37794e+15
1.50746e+15
1.63592e+15
1.76708e+15
1.88605e+15
2.03754e+15
2.16288e+15
2.26093e+15
2.39677e+15
2.45975e+15
2.61153e+15
2.71875e+15
2.78125e+15
2.87747e+15
2.95077e+15
3.07029e+15
3.15061e+15
3.19862e+15
3.3162e+15
3.36358e+15
3.39215e+15
3.5105e+15
3.52768e+15
3.55632e+15
3.64865e+15
3.64781e+15
3.66729e+15
3.71474e+15
3.74353e+15
3.76591e+15
3.75488e+15
3.76606e+15
3.75407e+15
3.78622e+15
3.77583e+15
3.71586e+15
3.72007e+15
3.70489e+15
3.66566e+15
3.61605e+15
3.61153e+15
3.53402e+15
3.46976e+15
3.4156e+15
3.34408e+15
3.26409e+15
3.19966e+15
3.13019e+15
3.05511e+15
2.9494e+15
2.8829e+15
2.75552e+15
2.65715e+15
2.58296e+15
2.44239e+15
2.34972e+15
2.23168e+15
2.14112e+15
1.99952e+15
1.88283e+15
1.75826e+15
1.61464e+15
1.53139e+15
1.38371e+15
1.2274e+15
1.10378e+15
9.7325e+14
8.31049e+14
6.8221e+14
5.26554e+14
3.82511e+14
2.28626e+14
2.4809e+14
4.05881e+14
5.66803e+14
7.22008e+14
8.82828e+14
1.03331e+15
1.16696e+15
1.30445e+15
1.42943e+15
1.5791e+15
1.74452e+15
1.83889e+15
1.99671e+15
2.12868e+15
2.24484e+15
2.35818e+15
2.50265e+15
2.59703e+15
2.71345e+15
2.83594e+15
2.92796e+15
3.03718e+15
3.1445e+15
3.1997e+15
3.27679e+15
3.38518e+15
3.45915e+15
3.56683e+15
3.58301e+15
3.67598e+15
3.72934e+15
3.77758e+15
3.82022e+15
3.82756e+15
3.862e+15
3.87579e+15
3.95506e+15
3.96519e+15
3.97289e+15
3.9732e+15
4.00227e+15
3.96022e+15
3.96678e+15
3.89929e+15
3.90291e+15
3.87818e+15
3.84243e+15
3.79072e+15
3.79474e+15
3.70113e+15
3.6586e+15
3.56151e+15
3.53997e+15
3.47056e+15
3.38644e+15
3.31446e+15
3.20399e+15
3.08027e+15
2.9841e+15
2.89298e+15
2.84789e+15
2.68036e+15
2.57471e+15
2.47243e+15
2.34775e+15
2.22761e+15
2.11772e+15
1.95129e+15
1.86038e+15
1.74157e+15
1.60576e+15
1.44098e+15
1.29183e+15
1.14916e+15
1.01268e+15
8.57489e+14
7.08081e+14
5.57553e+14
4.01201e+14
2.4366e+14
2.59104e+14
4.28867e+14
5.93499e+14
7.62728e+14
9.05212e+14
1.06751e+15
1.20098e+15
1.34217e+15
1.49804e+15
1.68601e+15
1.818e+15
1.91939e+15
2.08876e+15
2.241e+15
2.37644e+15
2.49191e+15
2.61853e+15
2.74309e+15
2.85032e+15
2.95547e+15
3.10054e+15
3.16667e+15
3.27043e+15
3.35766e+15
3.47531e+15
3.54918e+15
3.6357e+15
3.71418e+15
3.76362e+15
3.8959e+15
3.88414e+15
3.95075e+15
3.98608e+15
3.98161e+15
4.03811e+15
4.06116e+15
4.11657e+15
4.11722e+15
4.14924e+15
4.15559e+15
4.13979e+15
4.15887e+15
4.13505e+15
4.10553e+15
4.08361e+15
4.01788e+15
4.04558e+15
3.99261e+15
3.94736e+15
3.87387e+15
3.79571e+15
3.7616e+15
3.69165e+15
3.6061e+15
3.54769e+15
3.44045e+15
3.35591e+15
3.23522e+15
3.14865e+15
3.05465e+15
2.94328e+15
2.80482e+15
2.70058e+15
2.6041e+15
2.4812e+15
2.31603e+15
2.18818e+15
2.08437e+15
1.93275e+15
1.80617e+15
1.67905e+15
1.50149e+15
1.36747e+15
1.2321e+15
1.05266e+15
8.98127e+14
7.25568e+14
5.86053e+14
4.26439e+14
2.58769e+14
2.79808e+14
4.62478e+14
6.13112e+14
7.90051e+14
9.26586e+14
1.11838e+15
1.28222e+15
1.40748e+15
1.60855e+15
1.74848e+15
1.8618e+15
2.03126e+15
2.15609e+15
2.34191e+15
2.49043e+15
2.60154e+15
2.75194e+15
2.86936e+15
2.97042e+15
3.10018e+15
3.18424e+15
3.29787e+15
3.3818e+15
3.5572e+15
3.64775e+15
3.6952e+15
3.76426e+15
3.85162e+15
3.91292e+15
4.01015e+15
4.04416e+15
4.11473e+15
4.14455e+15
4.20949e+15
4.22357e+15
4.25521e+15
4.28515e+15
4.33304e+15
4.29144e+15
4.3238e+15
4.31162e+15
4.28892e+15
4.34469e+15
4.26471e+15
4.27988e+15
4.22977e+15
4.23887e+15
4.18828e+15
4.12178e+15
4.02898e+15
3.96665e+15
3.91969e+15
3.87605e+15
3.78529e+15
3.67653e+15
3.61753e+15
3.48713e+15
3.40004e+15
3.27603e+15
3.19954e+15
3.05509e+15
2.92783e+15
2.79172e+15
2.73231e+15
2.59632e+15
2.44514e+15
2.3148e+15
2.19164e+15
2.01189e+15
1.88169e+15
1.73712e+15
1.57129e+15
1.41576e+15
1.27189e+15
1.10815e+15
9.33332e+14
7.78338e+14
6.09944e+14
4.36444e+14
2.69803e+14
2.77335e+14
4.7832e+14
6.6854e+14
8.10818e+14
9.78264e+14
1.16941e+15
1.32001e+15
1.49461e+15
1.64693e+15
1.81379e+15
1.94917e+15
2.10831e+15
2.27785e+15
2.42261e+15
2.57636e+15
2.71562e+15
2.87211e+15
2.99362e+15
3.12706e+15
3.24779e+15
3.33954e+15
3.44867e+15
3.51332e+15
3.67271e+15
3.7799e+15
3.84557e+15
3.93148e+15
4.00951e+15
4.072e+15
4.1767e+15
4.23471e+15
4.30364e+15
4.32414e+15
4.33357e+15
4.39962e+15
4.45114e+15
4.49341e+15
4.47056e+15
4.50073e+15
4.49549e+15
4.47678e+15
4.50081e+15
4.50608e+15
4.49023e+15
4.46661e+15
4.40468e+15
4.36909e+15
4.30531e+15
4.26268e+15
4.19864e+15
4.17442e+15
4.09465e+15
4.03845e+15
3.9457e+15
3.82976e+15
3.77042e+15
3.64795e+15
3.5676e+15
3.43354e+15
3.33149e+15
3.22615e+15
3.09367e+15
2.94994e+15
2.83069e+15
2.72007e+15
2.56518e+15
2.43275e+15
2.27668e+15
2.11144e+15
1.96232e+15
1.8358e+15
1.627e+15
1.48086e+15
1.29901e+15
1.1482e+15
9.75469e+14
8.13139e+14
6.35051e+14
4.57479e+14
2.84774e+14
2.97143e+14
5.0652e+14
6.77016e+14
8.4084e+14
1.04383e+15
1.2164e+15
1.37618e+15
1.54626e+15
1.68306e+15
1.86993e+15
2.01829e+15
2.18168e+15
2.36503e+15
2.50524e+15
2.67513e+15
2.84278e+15
2.96838e+15
3.12615e+15
3.23904e+15
3.34241e+15
3.46829e+15
3.58441e+15
3.69737e+15
3.79791e+15
3.92139e+15
4.05232e+15
4.09289e+15
4.16728e+15
4.25458e+15
4.35106e+15
4.40585e+15
4.4334e+15
4.52797e+15
4.58887e+15
4.58778e+15
4.6488e+15
4.6483e+15
4.6966e+15
4.68415e+15
4.68253e+15
4.66663e+15
4.68001e+15
4.6738e+15
4.69887e+15
4.61459e+15
4.61305e+15
4.5246e+15
4.47088e+15
4.42868e+15
4.4016e+15
4.35162e+15
4.2389e+15
4.14067e+15
4.06732e+15
3.97947e+15
3.87522e+15
3.75788e+15
3.67106e+15
3.55258e+15
3.44913e+15
3.33638e+15
3.21438e+15
3.04397e+15
2.9612e+15
2.79853e+15
2.64866e+15
2.49761e+15
2.3665e+15
2.1822e+15
2.05306e+15
1.8873e+15
1.69541e+15
1.54379e+15
1.3606e+15
1.2031e+15
1.01462e+15
8.26261e+14
6.54026e+14
4.83967e+14
2.99171e+14
3.10385e+14
5.20593e+14
7.13287e+14
9.01653e+14
1.06804e+15
1.26287e+15
1.42468e+15
1.59187e+15
1.76633e+15
1.9745e+15
2.11734e+15
2.30877e+15
2.47335e+15
2.60026e+15
2.77321e+15
2.89696e+15
3.07092e+15
3.21926e+15
3.34827e+15
3.46134e+15
3.6007e+15
3.72818e+15
3.8598e+15
3.9759e+15
4.05867e+15
4.16072e+15
4.28784e+15
4.33577e+15
4.39155e+15
4.4436e+15
4.57531e+15
4.60429e+15
4.65085e+15
4.7328e+15
4.78041e+15
4.81272e+15
4.80844e+15
4.85904e+15
4.8547e+15
4.8954e+15
4.86609e+15
4.8464e+15
4.80685e+15
4.83283e+15
4.79391e+15
4.76799e+15
4.69109e+15
4.62086e+15
4.62831e+15
4.54082e+15
4.48383e+15
4.40197e+15
4.33858e+15
4.20561e+15
4.13998e+15
4.05756e+15
3.88783e+15
3.78465e+15
3.71646e+15
3.58323e+15
3.46306e+15
3.34432e+15
3.17052e+15
3.08105e+15
2.93595e+15
2.76641e+15
2.59397e+15
2.44101e+15
2.2889e+15
2.10739e+15
1.93223e+15
1.77633e+15
1.6252e+15
1.41349e+15
1.26672e+15
1.05634e+15
8.71978e+14
6.89411e+14
5.01553e+14
2.90424e+14
3.21384e+14
5.25569e+14
7.36489e+14
9.11284e+14
1.10549e+15
1.30375e+15
1.49407e+15
1.66853e+15
1.84789e+15
2.02408e+15
2.18234e+15
2.36267e+15
2.53074e+15
2.70536e+15
2.87374e+15
3.04462e+15
3.19821e+15
3.29238e+15
3.45275e+15
3.59591e+15
3.74676e+15
3.85645e+15
3.98165e+15
4.10413e+15
4.18479e+15
4.28344e+15
4.39532e+15
4.4861e+15
4.53407e+15
4.6416e+15
4.69863e+15
4.75894e+15
4.82646e+15
4.88709e+15
4.93868e+15
5.00996e+15
5.00578e+15
5.01442e+15
5.02875e+15
5.00685e+15
5.01525e+15
5.03626e+15
5.05122e+15
5.01291e+15
5.00125e+15
4.98306e+15
4.875e+15
4.80625e+15
4.75995e+15
4.68447e+15
4.63859e+15
4.57687e+15
4.48539e+15
4.40234e+15
4.26979e+15
4.22635e+15
4.06939e+15
3.95734e+15
3.83354e+15
3.70708e+15
3.56033e+15
3.4799e+15
3.29431e+15
3.16242e+15
3.00743e+15
2.87386e+15
2.69502e+15
2.52293e+15
2.35649e+15
2.1931e+15
2.01302e+15
1.83606e+15
1.63268e+15
1.45438e+15
1.28725e+15
1.08204e+15
9.0823e+14
7.13637e+14
5.18312e+14
3.01103e+14
3.2966e+14
5.4271e+14
7.48358e+14
9.52953e+14
1.14698e+15
1.34511e+15
1.5352e+15
1.73061e+15
1.89072e+15
2.0836e+15
2.29201e+15
2.45908e+15
2.629e+15
2.79246e+15
2.96089e+15
3.11649e+15
3.27375e+15
3.38568e+15
3.59082e+15
3.7068e+15
3.79156e+15
3.96142e+15
4.08335e+15
4.19847e+15
4.32434e+15
4.42726e+15
4.55346e+15
4.63711e+15
4.71236e+15
4.77757e+15
4.88522e+15
4.9828e+15
5.01503e+15
5.03709e+15
5.12452e+15
5.11906e+15
5.18518e+15
5.21159e+15
5.21821e+15
5.243e+15
5.21559e+15
5.22338e+15
5.17498e+15
5.20916e+15
5.16486e+15
5.09653e+15
5.05933e+15
4.99979e+15
4.96991e+15
4.89534e+15
4.79729e+15
4.72516e+15
4.63236e+15
4.52081e+15
4.44673e+15
4.33688e+15
4.22296e+15
4.06209e+15
3.95557e+15
3.80823e+15
3.63952e+15
3.54858e+15
3.40316e+15
3.26444e+15
3.11959e+15
2.96357e+15
2.81822e+15
2.63211e+15
2.47187e+15
2.26649e+15
2.07972e+15
1.90261e+15
1.67985e+15
1.52337e+15
1.32174e+15
1.1228e+15
9.27772e+14
7.35397e+14
5.3654e+14
3.18719e+14
3.40975e+14
5.5096e+14
7.72912e+14
9.90293e+14
1.18763e+15
1.37096e+15
1.57108e+15
1.76707e+15
1.97916e+15
2.13288e+15
2.3208e+15
2.51733e+15
2.68926e+15
2.88147e+15
3.06143e+15
3.19769e+15
3.37197e+15
3.50798e+15
3.65014e+15
3.82056e+15
3.97598e+15
4.08422e+15
4.23266e+15
4.34112e+15
4.50686e+15
4.56261e+15
4.68696e+15
4.7772e+15
4.83506e+15
4.92743e+15
5.00653e+15
5.07498e+15
5.17043e+15
5.23491e+15
5.21243e+15
5.30088e+15
5.30253e+15
5.38443e+15
5.38047e+15
5.38495e+15
5.39344e+15
5.39081e+15
5.3589e+15
5.33705e+15
5.34747e+15
5.33008e+15
5.18179e+15
5.191e+15
5.0946e+15
5.05092e+15
4.95634e+15
4.90531e+15
4.76922e+15
4.65684e+15
4.56314e+15
4.4675e+15
4.34431e+15
4.22473e+15
4.09475e+15
3.9489e+15
3.81032e+15
3.67589e+15
3.52751e+15
3.33868e+15
3.1933e+15
3.03503e+15
2.86506e+15
2.69737e+15
2.50358e+15
2.31152e+15
2.09926e+15
1.96815e+15
1.75261e+15
1.5634e+15
1.36439e+15
1.17081e+15
9.71535e+14
7.60885e+14
5.42955e+14
3.30392e+14
3.47413e+14
5.68943e+14
7.9015e+14
1.01528e+15
1.21694e+15
1.40719e+15
1.6227e+15
1.82394e+15
2.02862e+15
2.22118e+15
2.43352e+15
2.58912e+15
2.80125e+15
2.95351e+15
3.10454e+15
3.30563e+15
3.4475e+15
3.62887e+15
3.76841e+15
3.95319e+15
4.08672e+15
4.1878e+15
4.33288e+15
4.49088e+15
4.5817e+15
4.73081e+15
4.85563e+15
4.91608e+15
5.02385e+15
5.07705e+15
5.18245e+15
5.29478e+15
5.33111e+15
5.37391e+15
5.37675e+15
5.45886e+15
5.49782e+15
5.49452e+15
5.49982e+15
5.57302e+15
5.58774e+15
5.53445e+15
5.50853e+15
5.55618e+15
5.50006e+15
5.46137e+15
5.30425e+15
5.3199e+15
5.28457e+15
5.1994e+15
5.10909e+15
5.04226e+15
4.92788e+15
4.81318e+15
4.67957e+15
4.61009e+15
4.47408e+15
4.33384e+15
4.20902e+15
4.08828e+15
3.93461e+15
3.75582e+15
3.61569e+15
3.45647e+15
3.26877e+15
3.15333e+15
2.99192e+15
2.75633e+15
2.58208e+15
2.39629e+15
2.1981e+15
2.00876e+15
1.8121e+15
1.5959e+15
1.41573e+15
1.19619e+15
9.98454e+14
7.72552e+14
5.58778e+14
3.32245e+14
3.5586e+14
5.87853e+14
8.19463e+14
1.04012e+15
1.24685e+15
1.45529e+15
1.68062e+15
1.89505e+15
2.07364e+15
2.31072e+15
2.49739e+15
2.664e+15
2.86252e+15
3.0388e+15
3.20455e+15
3.39333e+15
3.55224e+15
3.696e+15
3.88827e+15
4.03953e+15
4.18343e+15
4.32061e+15
4.46961e+15
4.64819e+15
4.72918e+15
4.81773e+15
4.97685e+15
5.049e+15
5.1263e+15
5.22163e+15
5.29904e+15
5.36003e+15
5.46266e+15
5.50405e+15
5.59096e+15
5.62842e+15
5.68804e+15
5.68935e+15
5.69389e+15
5.74991e+15
5.74391e+15
5.69801e+15
5.70396e+15
5.67815e+15
5.60949e+15
5.5611e+15
5.53157e+15
5.46056e+15
5.43257e+15
5.33199e+15
5.28145e+15
5.15361e+15
5.04886e+15
4.96808e+15
4.86072e+15
4.69317e+15
4.60776e+15
4.47938e+15
4.34417e+15
4.21469e+15
4.02356e+15
3.87307e+15
3.7408e+15
3.56373e+15
3.41364e+15
3.22427e+15
3.0035e+15
2.85062e+15
2.6423e+15
2.44294e+15
2.25211e+15
2.07989e+15
1.86483e+15
1.67166e+15
1.47381e+15
1.22478e+15
1.03107e+15
8.16896e+14
5.8833e+14
3.44388e+14
3.6227e+14
6.06909e+14
8.58354e+14
1.06454e+15
1.29123e+15
1.52308e+15
1.72743e+15
1.97041e+15
2.15613e+15
2.3484e+15
2.56278e+15
2.75091e+15
2.97074e+15
3.10372e+15
3.30365e+15
3.4976e+15
3.65175e+15
3.82573e+15
3.99174e+15
4.14521e+15
4.30378e+15
4.44366e+15
4.63493e+15
4.73564e+15
4.84915e+15
4.98158e+15
5.13802e+15
5.18971e+15
5.25625e+15
5.41538e+15
5.47254e+15
5.54883e+15
5.6139e+15
5.6786e+15
5.74675e+15
5.83122e+15
5.85751e+15
5.85055e+15
5.84873e+15
5.82842e+15
5.87123e+15
5.88564e+15
5.8525e+15
5.79658e+15
5.75788e+15
5.7167e+15
5.67302e+15
5.645e+15
5.54476e+15
5.46851e+15
5.35931e+15
5.29321e+15
5.18615e+15
5.08066e+15
4.99472e+15
4.87133e+15
4.71776e+15
4.57557e+15
4.44377e+15
4.28563e+15
4.1493e+15
3.99481e+15
3.84427e+15
3.69358e+15
3.49012e+15
3.31614e+15
3.10661e+15
2.92572e+15
2.68976e+15
2.49616e+15
2.29232e+15
2.12502e+15
1.93385e+15
1.71399e+15
1.49511e+15
1.2697e+15
1.06644e+15
8.33111e+14
5.96982e+14
3.55449e+14
3.67584e+14
6.32211e+14
8.68546e+14
1.10673e+15
1.33414e+15
1.53975e+15
1.76148e+15
2.00146e+15
2.20119e+15
2.40404e+15
2.61224e+15
2.85483e+15
3.02608e+15
3.21316e+15
3.41564e+15
3.58245e+15
3.75054e+15
3.92003e+15
4.09067e+15
4.2671e+15
4.38203e+15
4.56829e+15
4.68424e+15
4.86385e+15
4.97478e+15
5.0741e+15
5.22543e+15
5.31966e+15
5.44648e+15
5.54673e+15
5.65369e+15
5.69269e+15
5.74288e+15
5.87936e+15
5.8822e+15
5.94529e+15
5.96259e+15
5.98854e+15
6.00345e+15
5.95597e+15
6.01366e+15
5.96691e+15
5.9691e+15
5.95516e+15
5.92537e+15
5.88597e+15
5.79016e+15
5.72412e+15
5.69954e+15
5.61255e+15
5.5522e+15
5.42991e+15
5.33518e+15
5.21457e+15
5.11569e+15
4.97519e+15
4.80805e+15
4.66995e+15
4.56e+15
4.40425e+15
4.25878e+15
4.05575e+15
3.91719e+15
3.79229e+15
3.56413e+15
3.37979e+15
3.249e+15
2.99191e+15
2.75198e+15
2.58981e+15
2.35896e+15
2.18434e+15
1.97174e+15
1.77464e+15
1.55523e+15
1.29562e+15
1.09556e+15
8.47119e+14
6.15617e+14
3.69104e+14
3.76298e+14
6.35829e+14
8.70629e+14
1.11771e+15
1.33721e+15
1.57085e+15
1.81463e+15
2.04009e+15
2.25949e+15
2.45378e+15
2.6542e+15
2.88255e+15
3.0857e+15
3.29068e+15
3.51085e+15
3.66355e+15
3.85831e+15
4.03207e+15
4.19834e+15
4.38194e+15
4.53035e+15
4.64919e+15
4.77864e+15
4.95464e+15
5.06136e+15
5.15714e+15
5.30972e+15
5.41946e+15
5.60839e+15
5.6374e+15
5.71469e+15
5.79262e+15
5.89269e+15
5.95099e+15
5.99392e+15
6.04829e+15
6.06797e+15
6.12887e+15
6.1551e+15
6.18477e+15
6.18393e+15
6.11664e+15
6.1161e+15
6.07947e+15
6.03234e+15
6.00838e+15
5.92702e+15
5.83312e+15
5.76342e+15
5.73895e+15
5.64662e+15
5.53228e+15
5.4732e+15
5.34231e+15
5.23004e+15
5.04793e+15
4.90484e+15
4.82386e+15
4.62352e+15
4.50212e+15
4.36401e+15
4.16884e+15
4.03284e+15
3.8396e+15
3.64536e+15
3.48188e+15
3.24176e+15
3.06411e+15
2.82915e+15
2.65517e+15
2.43269e+15
2.21666e+15
2.02698e+15
1.80948e+15
1.57352e+15
1.32338e+15
1.09293e+15
8.62344e+14
6.44649e+14
3.68521e+14
3.77533e+14
6.37791e+14
8.85293e+14
1.13498e+15
1.36311e+15
1.59394e+15
1.84227e+15
2.0807e+15
2.29051e+15
2.50206e+15
2.75139e+15
2.91935e+15
3.14e+15
3.3915e+15
3.5378e+15
3.77824e+15
3.94464e+15
4.10517e+15
4.2948e+15
4.46439e+15
4.57812e+15
4.76803e+15
4.95072e+15
5.03796e+15
5.22471e+15
5.33133e+15
5.48166e+15
5.58314e+15
5.70427e+15
5.8093e+15
5.88484e+15
5.96067e+15
6.04032e+15
6.106e+15
6.13911e+15
6.20019e+15
6.21324e+15
6.25135e+15
6.24797e+15
6.30717e+15
6.30129e+15
6.23158e+15
6.23887e+15
6.18148e+15
6.1403e+15
6.08639e+15
6.06239e+15
5.98805e+15
5.87791e+15
5.88019e+15
5.76009e+15
5.67991e+15
5.57144e+15
5.47495e+15
5.3189e+15
5.15245e+15
5.04692e+15
4.89764e+15
4.74821e+15
4.59354e+15
4.40462e+15
4.22496e+15
4.06474e+15
3.84712e+15
3.68998e+15
3.55147e+15
3.32161e+15
3.11778e+15
2.95934e+15
2.72008e+15
2.48066e+15
2.27346e+15
2.04505e+15
1.86276e+15
1.59485e+15
1.35842e+15
1.12504e+15
8.91365e+14
6.48648e+14
3.79957e+14
3.88175e+14
6.44024e+14
8.95951e+14
1.15991e+15
1.3764e+15
1.62295e+15
1.89037e+15
2.12977e+15
2.35859e+15
2.59052e+15
2.77506e+15
3.03389e+15
3.24906e+15
3.45841e+15
3.62942e+15
3.86563e+15
4.02544e+15
4.2175e+15
4.39606e+15
4.53197e+15
4.71829e+15
4.86506e+15
5.03869e+15
5.16663e+15
5.31914e+15
5.46075e+15
5.57145e+15
5.67803e+15
5.82177e+15
5.94218e+15
6.00667e+15
6.0352e+15
6.16564e+15
6.20339e+15
6.22493e+15
6.32294e+15
6.31824e+15
6.34816e+15
6.34583e+15
6.39292e+15
6.38051e+15
6.39182e+15
6.32678e+15
6.34077e+15
6.29145e+15
6.1938e+15
6.18528e+15
6.14209e+15
6.07052e+15
5.96827e+15
5.95221e+15
5.80281e+15
5.69629e+15
5.55987e+15
5.44547e+15
5.31817e+15
5.17651e+15
5.00176e+15
4.83879e+15
4.70572e+15
4.55223e+15
4.35108e+15
4.16578e+15
3.96372e+15
3.78652e+15
3.59564e+15
3.37508e+15
3.20429e+15
2.97385e+15
2.75923e+15
2.51509e+15
2.33362e+15
2.09198e+15
1.85867e+15
1.61581e+15
1.37285e+15
1.13503e+15
9.11007e+14
6.51823e+14
4.03837e+14
3.93806e+14
6.6774e+14
9.24467e+14
1.19219e+15
1.4103e+15
1.66981e+15
1.90201e+15
2.1363e+15
2.40216e+15
2.61762e+15
2.84509e+15
3.0954e+15
3.26853e+15
3.54104e+15
3.67907e+15
3.92407e+15
4.07131e+15
4.2661e+15
4.43354e+15
4.6599e+15
4.80802e+15
4.98287e+15
5.12284e+15
5.25617e+15
5.42222e+15
5.54286e+15
5.67769e+15
5.78048e+15
5.88949e+15
5.9896e+15
6.12577e+15
6.17506e+15
6.27621e+15
6.34094e+15
6.35686e+15
6.43492e+15
6.46172e+15
6.45844e+15
6.45251e+15
6.46841e+15
6.48875e+15
6.51112e+15
6.4828e+15
6.46769e+15
6.38422e+15
6.35036e+15
6.27879e+15
6.25138e+15
6.12582e+15
6.09527e+15
6.01062e+15
5.91783e+15
5.77599e+15
5.635e+15
5.57081e+15
5.40988e+15
5.27792e+15
5.13677e+15
4.9206e+15
4.78738e+15
4.60159e+15
4.41845e+15
4.2898e+15
4.09227e+15
3.85917e+15
3.66047e+15
3.45348e+15
3.23652e+15
3.00619e+15
2.7832e+15
2.55922e+15
2.37844e+15
2.13211e+15
1.88842e+15
1.64149e+15
1.41622e+15
1.14587e+15
9.13405e+14
6.74804e+14
3.98571e+14
4.02109e+14
6.87734e+14
9.13618e+14
1.19244e+15
1.44623e+15
1.67666e+15
1.92707e+15
2.20073e+15
2.44208e+15
2.66006e+15
2.88762e+15
3.14043e+15
3.32314e+15
3.5593e+15
3.77462e+15
3.9876e+15
4.15891e+15
4.3343e+15
4.54116e+15
4.72855e+15
4.9288e+15
5.09706e+15
5.21355e+15
5.36334e+15
5.48099e+15
5.66167e+15
5.77948e+15
5.88669e+15
6.0198e+15
6.12315e+15
6.22943e+15
6.30115e+15
6.33716e+15
6.43424e+15
6.46368e+15
6.48229e+15
6.56167e+15
6.57086e+15
6.59807e+15
6.58238e+15
6.59691e+15
6.57954e+15
6.60077e+15
6.52228e+15
6.54281e+15
6.47039e+15
6.40708e+15
6.36104e+15
6.30169e+15
6.19552e+15
6.09431e+15
6.00128e+15
5.90067e+15
5.74734e+15
5.63449e+15
5.47918e+15
5.36843e+15
5.18398e+15
5.03939e+15
4.8388e+15
4.66589e+15
4.53729e+15
4.31496e+15
4.14129e+15
3.89775e+15
3.73097e+15
3.52163e+15
3.27025e+15
3.06535e+15
2.85239e+15
2.64162e+15
2.419e+15
2.18092e+15
1.92731e+15
1.67863e+15
1.44761e+15
1.18387e+15
9.24239e+14
6.79754e+14
4.10078e+14
4.1658e+14
6.93709e+14
9.54571e+14
1.19921e+15
1.45079e+15
1.72705e+15
1.96271e+15
2.23354e+15
2.4417e+15
2.69996e+15
2.95367e+15
3.15228e+15
3.37134e+15
3.63379e+15
3.82746e+15
4.01072e+15
4.25203e+15
4.41597e+15
4.58698e+15
4.82699e+15
4.98028e+15
5.15223e+15
5.31516e+15
5.44551e+15
5.60575e+15
5.7365e+15
5.87358e+15
6.01351e+15
6.12364e+15
6.1983e+15
6.28429e+15
6.40295e+15
6.43819e+15
6.50789e+15
6.62288e+15
6.64477e+15
6.61726e+15
6.67723e+15
6.71279e+15
6.72757e+15
6.72908e+15
6.70781e+15
6.70149e+15
6.68278e+15
6.584e+15
6.56546e+15
6.51145e+15
6.46235e+15
6.38307e+15
6.32127e+15
6.21885e+15
6.08805e+15
5.97751e+15
5.86161e+15
5.7053e+15
5.57627e+15
5.44868e+15
5.28714e+15
5.10078e+15
4.92665e+15
4.7667e+15
4.59362e+15
4.39606e+15
4.2039e+15
3.96899e+15
3.81552e+15
3.58188e+15
3.36281e+15
3.14583e+15
2.9081e+15
2.68378e+15
2.45931e+15
2.21147e+15
1.97918e+15
1.7153e+15
1.48747e+15
1.21958e+15
9.43422e+14
6.99173e+14
4.18153e+14
4.30735e+14
7.07731e+14
9.78373e+14
1.22375e+15
1.48442e+15
1.73116e+15
1.99623e+15
2.24452e+15
2.46851e+15
2.73587e+15
2.98241e+15
3.23308e+15
3.46311e+15
3.68791e+15
3.88577e+15
4.06208e+15
4.30309e+15
4.49923e+15
4.71269e+15
4.87987e+15
5.04641e+15
5.20317e+15
5.34485e+15
5.55324e+15
5.67588e+15
5.82242e+15
5.96346e+15
6.08567e+15
6.18408e+15
6.26433e+15
6.42005e+15
6.46466e+15
6.55488e+15
6.613e+15
6.67551e+15
6.76546e+15
6.7336e+15
6.74974e+15
6.82084e+15
6.79543e+15
6.8366e+15
6.86637e+15
6.78122e+15
6.76441e+15
6.7539e+15
6.69281e+15
6.62487e+15
6.55737e+15
6.46822e+15
6.36647e+15
6.28579e+15
6.1781e+15
6.0514e+15
5.95593e+15
5.80902e+15
5.68813e+15
5.51714e+15
5.3324e+15
5.17641e+15
5.01361e+15
4.81129e+15
4.68013e+15
4.45956e+15
4.28148e+15
4.05404e+15
3.84345e+15
3.62049e+15
3.39215e+15
3.1673e+15
2.96682e+15
2.72907e+15
2.49136e+15
2.24904e+15
2.03047e+15
1.74225e+15
1.50414e+15
1.22726e+15
9.73081e+14
6.97258e+14
4.20487e+14
4.18731e+14
7.06893e+14
9.87416e+14
1.24678e+15
1.50973e+15
1.76704e+15
2.02355e+15
2.25799e+15
2.5057e+15
2.78627e+15
2.99309e+15
3.24462e+15
3.4871e+15
3.69375e+15
3.94425e+15
4.11837e+15
4.33074e+15
4.55202e+15
4.8334e+15
4.96065e+15
5.1314e+15
5.28797e+15
5.4228e+15
5.63396e+15
5.76767e+15
5.91072e+15
6.02413e+15
6.1511e+15
6.30129e+15
6.31622e+15
6.45056e+15
6.54255e+15
6.66354e+15
6.71932e+15
6.77628e+15
6.82764e+15
6.85537e+15
6.88166e+15
6.94671e+15
6.93107e+15
6.9673e+15
6.89546e+15
6.87951e+15
6.8397e+15
6.82552e+15
6.77613e+15
6.73276e+15
6.61966e+15
6.51411e+15
6.47132e+15
6.38013e+15
6.208e+15
6.12579e+15
6.00766e+15
5.90289e+15
5.68995e+15
5.57005e+15
5.43958e+15
5.3024e+15
5.09825e+15
4.89134e+15
4.70606e+15
4.49253e+15
4.31031e+15
4.1152e+15
3.8803e+15
3.64031e+15
3.45119e+15
3.226e+15
2.97343e+15
2.78532e+15
2.51665e+15
2.27273e+15
2.04804e+15
1.77661e+15
1.51439e+15
1.25591e+15
9.71405e+14
7.05132e+14
4.33045e+14
4.33374e+14
7.17148e+14
9.86832e+14
1.27113e+15
1.50914e+15
1.78257e+15
2.04654e+15
2.29783e+15
2.55726e+15
2.78116e+15
3.03286e+15
3.30921e+15
3.5203e+15
3.75569e+15
3.98014e+15
4.19116e+15
4.40532e+15
4.6441e+15
4.81358e+15
5.04831e+15
5.18409e+15
5.40807e+15
5.5144e+15
5.68533e+15
5.85559e+15
5.98849e+15
6.08554e+15
6.21788e+15
6.26641e+15
6.44632e+15
6.50334e+15
6.67104e+15
6.72313e+15
6.75903e+15
6.90045e+15
6.90789e+15
6.92979e+15
6.98406e+15
7.06101e+15
6.98648e+15
7.05334e+15
6.96346e+15
6.9723e+15
6.938e+15
6.89761e+15
6.83591e+15
6.76894e+15
6.69936e+15
6.61687e+15
6.49657e+15
6.41291e+15
6.28026e+15
6.21053e+15
6.07381e+15
5.95483e+15
5.77791e+15
5.67233e+15
5.4783e+15
5.33341e+15
5.12393e+15
4.93405e+15
4.73248e+15
4.56578e+15
4.37411e+15
4.13669e+15
3.95123e+15
3.72177e+15
3.49677e+15
3.23356e+15
3.03262e+15
2.79786e+15
2.5325e+15
2.28522e+15
2.0168e+15
1.80101e+15
1.52953e+15
1.27668e+15
9.92551e+14
7.16903e+14
4.33844e+14
4.31412e+14
7.23815e+14
1.01832e+15
1.27546e+15
1.53347e+15
1.81183e+15
2.05953e+15
2.31947e+15
2.58143e+15
2.819e+15
3.05483e+15
3.30788e+15
3.56276e+15
3.8045e+15
4.00941e+15
4.23227e+15
4.4238e+15
4.6221e+15
4.84498e+15
5.10054e+15
5.24045e+15
5.44153e+15
5.59199e+15
5.75261e+15
5.85784e+15
5.97453e+15
6.16666e+15
6.27553e+15
6.39297e+15
6.48529e+15
6.63771e+15
6.69433e+15
6.78697e+15
6.87015e+15
6.88233e+15
6.93775e+15
7.00312e+15
7.05201e+15
7.07961e+15
7.08215e+15
7.05189e+15
7.06825e+15
7.05611e+15
7.07124e+15
6.97031e+15
6.89893e+15
6.86943e+15
6.8129e+15
6.69629e+15
6.58728e+15
6.52955e+15
6.38715e+15
6.24024e+15
6.11914e+15
6.02711e+15
5.83112e+15
5.67522e+15
5.49255e+15
5.32839e+15
5.1633e+15
5.01035e+15
4.82026e+15
4.58375e+15
4.41793e+15
4.20065e+15
3.97253e+15
3.75873e+15
3.54022e+15
3.30441e+15
3.0308e+15
2.82234e+15
2.56397e+15
2.30839e+15
2.07238e+15
1.79326e+15
1.55543e+15
1.26409e+15
9.91936e+14
7.25993e+14
4.31674e+14
4.40996e+14
7.47568e+14
1.01323e+15
1.29486e+15
1.55575e+15
1.80979e+15
2.08735e+15
2.30989e+15
2.56578e+15
2.8201e+15
3.09286e+15
3.3228e+15
3.60192e+15
3.85766e+15
4.0387e+15
4.24875e+15
4.49856e+15
4.69062e+15
4.92202e+15
5.05552e+15
5.2777e+15
5.46562e+15
5.60089e+15
5.77495e+15
5.89825e+15
6.06568e+15
6.2097e+15
6.36971e+15
6.462e+15
6.47949e+15
6.6865e+15
6.76043e+15
6.85438e+15
6.94615e+15
6.95416e+15
6.98913e+15
7.06286e+15
7.1291e+15
7.11463e+15
7.11543e+15
7.12025e+15
7.1004e+15
7.14255e+15
7.09145e+15
7.03347e+15
6.98239e+15
6.92752e+15
6.87137e+15
6.72953e+15
6.70664e+15
6.56397e+15
6.46046e+15
6.3059e+15
6.18941e+15
6.06283e+15
5.90553e+15
5.7369e+15
5.59349e+15
5.36347e+15
5.2496e+15
5.02759e+15
4.86046e+15
4.65592e+15
4.446e+15
4.24998e+15
4.04262e+15
3.78153e+15
3.59194e+15
3.3161e+15
3.11055e+15
2.85042e+15
2.59314e+15
2.34175e+15
2.0654e+15
1.8252e+15
1.54682e+15
1.27895e+15
1.02044e+15
7.36322e+14
4.30821e+14
4.5246e+14
7.51597e+14
1.02493e+15
1.28989e+15
1.57549e+15
1.83561e+15
2.09708e+15
2.35634e+15
2.64104e+15
2.87826e+15
3.10306e+15
3.35411e+15
3.59387e+15
3.84322e+15
4.08939e+15
4.2834e+15
4.51108e+15
4.73624e+15
4.9628e+15
5.09989e+15
5.33257e+15
5.47848e+15
5.64379e+15
5.84467e+15
6.00713e+15
6.13603e+15
6.22467e+15
6.37945e+15
6.51379e+15
6.57636e+15
6.69124e+15
6.84692e+15
6.87402e+15
6.99383e+15
7.02966e+15
7.09066e+15
7.15146e+15
7.18484e+15
7.18854e+15
7.20504e+15
7.19459e+15
7.16014e+15
7.12607e+15
7.1052e+15
7.09618e+15
7.02877e+15
7.00265e+15
6.87754e+15
6.77361e+15
6.71502e+15
6.63928e+15
6.51588e+15
6.38873e+15
6.21379e+15
6.13631e+15
5.98535e+15
5.79072e+15
5.63008e+15
5.4316e+15
5.25358e+15
5.10062e+15
4.86324e+15
4.70253e+15
4.44179e+15
4.26312e+15
4.05181e+15
3.83215e+15
3.59809e+15
3.35284e+15
3.12879e+15
2.86371e+15
2.62195e+15
2.35417e+15
2.08224e+15
1.82814e+15
1.57609e+15
1.30073e+15
1.03266e+15
7.34693e+14
4.49598e+14
4.50221e+14
7.50367e+14
1.05008e+15
1.32084e+15
1.57286e+15
1.85324e+15
2.11291e+15
2.37566e+15
2.64905e+15
2.88221e+15
3.12588e+15
3.40301e+15
3.62105e+15
3.86095e+15
4.1113e+15
4.34989e+15
4.57042e+15
4.77311e+15
4.90909e+15
5.14305e+15
5.32665e+15
5.4948e+15
5.66067e+15
5.86324e+15
6.01757e+15
6.14911e+15
6.31275e+15
6.42708e+15
6.57901e+15
6.5988e+15
6.74724e+15
6.9027e+15
6.96565e+15
7.06555e+15
7.09114e+15
7.13511e+15
7.17083e+15
7.23833e+15
7.26323e+15
7.26708e+15
7.22029e+15
7.22607e+15
7.16429e+15
7.1178e+15
7.13537e+15
7.06329e+15
7.00157e+15
6.92177e+15
6.83884e+15
6.75372e+15
6.64489e+15
6.53882e+15
6.39298e+15
6.27693e+15
6.16568e+15
5.96892e+15
5.82557e+15
5.62803e+15
5.48081e+15
5.31733e+15
5.09489e+15
4.94555e+15
4.69923e+15
4.51289e+15
4.26458e+15
4.06331e+15
3.88913e+15
3.63123e+15
3.36238e+15
3.11646e+15
2.88341e+15
2.65072e+15
2.38465e+15
2.08902e+15
1.82181e+15
1.5877e+15
1.3122e+15
1.03163e+15
7.50085e+14
4.45891e+14
4.5511e+14
7.43502e+14
1.04265e+15
1.31139e+15
1.60925e+15
1.85807e+15
2.13029e+15
2.41879e+15
2.63856e+15
2.92063e+15
3.17786e+15
3.44392e+15
3.65824e+15
3.89415e+15
4.09095e+15
4.35785e+15
4.57081e+15
4.81565e+15
4.95742e+15
5.17611e+15
5.33537e+15
5.51982e+15
5.73178e+15
5.89848e+15
6.05165e+15
6.14739e+15
6.29079e+15
6.45092e+15
6.58419e+15
6.69102e+15
6.81799e+15
6.89682e+15
6.97697e+15
7.0439e+15
7.11218e+15
7.13827e+15
7.20206e+15
7.26107e+15
7.29297e+15
7.26207e+15
7.26819e+15
7.21296e+15
7.20542e+15
7.13308e+15
7.13126e+15
7.08697e+15
7.02553e+15
6.94814e+15
6.81341e+15
6.76734e+15
6.64777e+15
6.53667e+15
6.41969e+15
6.28654e+15
6.1349e+15
6.00966e+15
5.82018e+15
5.66203e+15
5.52049e+15
5.35114e+15
5.13743e+15
4.93105e+15
4.73035e+15
4.50732e+15
4.30783e+15
4.09481e+15
3.85754e+15
3.60855e+15
3.40089e+15
3.10792e+15
2.89014e+15
2.63199e+15
2.39514e+15
2.13892e+15
1.84149e+15
1.58733e+15
1.31093e+15
1.02376e+15
7.52793e+14
4.42486e+14
4.5308e+14
7.46605e+14
1.0379e+15
1.33018e+15
1.59188e+15
1.87644e+15
2.13271e+15
2.40982e+15
2.65129e+15
2.94153e+15
3.1751e+15
3.3916e+15
3.63649e+15
3.87532e+15
4.08039e+15
4.36411e+15
4.57581e+15
4.77444e+15
4.98009e+15
5.19465e+15
5.41229e+15
5.53642e+15
5.73095e+15
5.90203e+15
6.06163e+15
6.18336e+15
6.33153e+15
6.47735e+15
6.58071e+15
6.71365e+15
6.79785e+15
6.91032e+15
7.02015e+15
7.10659e+15
7.12063e+15
7.1958e+15
7.20931e+15
7.23925e+15
7.28543e+15
7.27154e+15
7.30186e+15
7.26635e+15
7.24872e+15
7.21552e+15
7.14481e+15
7.09644e+15
7.09649e+15
7.00302e+15
6.85186e+15
6.80342e+15
6.71666e+15
6.59459e+15
6.45898e+15
6.31971e+15
6.14402e+15
6.02545e+15
5.8685e+15
5.67012e+15
5.51354e+15
5.35635e+15
5.18267e+15
4.92651e+15
4.77033e+15
4.50345e+15
4.32861e+15
4.1234e+15
3.87016e+15
3.64974e+15
3.40827e+15
3.13473e+15
2.89923e+15
2.65197e+15
2.38182e+15
2.1435e+15
1.86674e+15
1.58932e+15
1.32885e+15
1.03725e+15
7.53166e+14
4.50438e+14
4.53867e+14
7.6938e+14
1.03236e+15
1.32803e+15
1.61632e+15
1.8905e+15
2.13926e+15
2.40856e+15
2.67924e+15
2.934e+15
3.17055e+15
3.42669e+15
3.68334e+15
3.87403e+15
4.10809e+15
4.36405e+15
4.56857e+15
4.78198e+15
4.99459e+15
5.18253e+15
5.37374e+15
5.55937e+15
5.70856e+15
5.89228e+15
6.03964e+15
6.19463e+15
6.34337e+15
6.46964e+15
6.62652e+15
6.70884e+15
6.77206e+15
6.93692e+15
7.03504e+15
7.04367e+15
7.10718e+15
7.18821e+15
7.2408e+15
7.25116e+15
7.30948e+15
7.27012e+15
7.28811e+15
7.28981e+15
7.24481e+15
7.23062e+15
7.14948e+15
7.1435e+15
7.0754e+15
6.94705e+15
6.88675e+15
6.76198e+15
6.69924e+15
6.57438e+15
6.43002e+15
6.33108e+15
6.18044e+15
6.01982e+15
5.83915e+15
5.70261e+15
5.51939e+15
5.34829e+15
5.12509e+15
4.94809e+15
4.73503e+15
4.54167e+15
4.3139e+15
4.09258e+15
3.84559e+15
3.6532e+15
3.41784e+15
3.12882e+15
2.88781e+15
2.65149e+15
2.39271e+15
2.11625e+15
1.8551e+15
1.57909e+15
1.32081e+15
1.02597e+15
7.52001e+14
4.37589e+14
4.57467e+14
7.42072e+14
1.03265e+15
1.3146e+15
1.59416e+15
1.86778e+15
2.12915e+15
2.41676e+15
2.68204e+15
2.93141e+15
3.1725e+15
3.41337e+15
3.67306e+15
3.89315e+15
4.11302e+15
4.33487e+15
4.52313e+15
4.72964e+15
4.94612e+15
5.14339e+15
5.33557e+15
5.54534e+15
5.71007e+15
5.88691e+15
6.05106e+15
6.2174e+15
6.34706e+15
6.5213e+15
6.63682e+15
6.75204e+15
6.83797e+15
6.95841e+15
7.00497e+15
7.10959e+15
7.08769e+15
7.13426e+15
7.20391e+15
7.25711e+15
7.27965e+15
7.29813e+15
7.2775e+15
7.26305e+15
7.21692e+15
7.21667e+15
7.15268e+15
7.08568e+15
7.06611e+15
6.98165e+15
6.88795e+15
6.81189e+15
6.67011e+15
6.58193e+15
6.44983e+15
6.31949e+15
6.1654e+15
6.05501e+15
5.88136e+15
5.72027e+15
5.50573e+15
5.33209e+15
5.15128e+15
4.96248e+15
4.74318e+15
4.55897e+15
4.32587e+15
4.12151e+15
3.89782e+15
3.63788e+15
3.39221e+15
3.17732e+15
2.91187e+15
2.63359e+15
2.41089e+15
2.13938e+15
1.87054e+15
1.59197e+15
1.30663e+15
1.0175e+15
7.56225e+14
4.32546e+14
4.5417e+14
7.48894e+14
1.03768e+15
1.30434e+15
1.58807e+15
1.87065e+15
2.11166e+15
2.39492e+15
2.66258e+15
2.94583e+15
3.17104e+15
3.40875e+15
3.62079e+15
3.87628e+15
4.13524e+15
4.33079e+15
4.52346e+15
4.76024e+15
4.92361e+15
5.13232e+15
5.39097e+15
5.50959e+15
5.73e+15
5.88054e+15
6.03191e+15
6.20606e+15
6.342e+15
6.48076e+15
6.61502e+15
6.69947e+15
6.80922e+15
6.86047e+15
6.97999e+15
7.09574e+15
7.14789e+15
7.18991e+15
7.21059e+15
7.22039e+15
7.22709e+15
7.27075e+15
7.27101e+15
7.24096e+15
7.2289e+15
7.16252e+15
7.10626e+15
7.09794e+15
7.04842e+15
6.94851e+15
6.83623e+15
6.77969e+15
6.70994e+15
6.5993e+15
6.43977e+15
6.32214e+15
6.17057e+15
6.03606e+15
5.85721e+15
5.67901e+15
5.47893e+15
5.33017e+15
5.15681e+15
4.93031e+15
4.75023e+15
4.53344e+15
4.32998e+15
4.09844e+15
3.87693e+15
3.63179e+15
3.37515e+15
3.17397e+15
2.91161e+15
2.63026e+15
2.37743e+15
2.12526e+15
1.87191e+15
1.60959e+15
1.33696e+15
1.02682e+15
7.38923e+14
4.46258e+14
4.39523e+14
7.59766e+14
1.02913e+15
1.30933e+15
1.59927e+15
1.86409e+15
2.14313e+15
2.41316e+15
2.65133e+15
2.93343e+15
3.15908e+15
3.42146e+15
3.68629e+15
3.86545e+15
4.11409e+15
4.32391e+15
4.54696e+15
4.74868e+15
4.90815e+15
5.17195e+15
5.37262e+15
5.57203e+15
5.73892e+15
5.87531e+15
6.03813e+15
6.18108e+15
6.33099e+15
6.40077e+15
6.55355e+15
6.6725e+15
6.84061e+15
6.88624e+15
6.95426e+15
7.07049e+15
7.0933e+15
7.20201e+15
7.23566e+15
7.23664e+15
7.25217e+15
7.26506e+15
7.24063e+15
7.25599e+15
7.18637e+15
7.18621e+15
7.1569e+15
7.10131e+15
7.02568e+15
6.95962e+15
6.79954e+15
6.77891e+15
6.67476e+15
6.54818e+15
6.41359e+15
6.27384e+15
6.13589e+15
6.00007e+15
5.79975e+15
5.6685e+15
5.51059e+15
5.3385e+15
5.15566e+15
4.92879e+15
4.7282e+15
4.48248e+15
4.28661e+15
4.09218e+15
3.85826e+15
3.61815e+15
3.42147e+15
3.12758e+15
2.90663e+15
2.6466e+15
2.39886e+15
2.12544e+15
1.87436e+15
1.58664e+15
1.32437e+15
1.0317e+15
7.44393e+14
4.62116e+14
4.57803e+14
7.57089e+14
1.03672e+15
1.30644e+15
1.57592e+15
1.85129e+15
2.12228e+15
2.3644e+15
2.63393e+15
2.88356e+15
3.15898e+15
3.40199e+15
3.63557e+15
3.89388e+15
4.08959e+15
4.31885e+15
4.50303e+15
4.713e+15
4.93714e+15
5.13685e+15
5.30133e+15
5.53238e+15
5.68728e+15
5.82424e+15
5.97373e+15
6.14641e+15
6.27074e+15
6.4133e+15
6.53532e+15
6.68189e+15
6.77127e+15
6.84251e+15
6.91893e+15
7.01086e+15
7.09325e+15
7.15348e+15
7.18546e+15
7.19363e+15
7.19697e+15
7.17474e+15
7.25515e+15
7.19361e+15
7.16616e+15
7.16907e+15
7.08183e+15
7.05018e+15
7.00967e+15
6.89876e+15
6.84824e+15
6.68477e+15
6.62559e+15
6.48609e+15
6.43858e+15
6.27454e+15
6.15178e+15
5.90946e+15
5.80857e+15
5.61757e+15
5.48806e+15
5.31505e+15
5.13649e+15
4.90858e+15
4.68021e+15
4.47897e+15
4.30096e+15
4.05788e+15
3.79175e+15
3.59735e+15
3.3823e+15
3.14205e+15
2.87078e+15
2.58715e+15
2.35872e+15
2.12937e+15
1.85033e+15
1.57744e+15
1.29696e+15
1.03105e+15
7.46037e+14
4.55722e+14
4.56505e+14
7.49868e+14
1.03132e+15
1.29871e+15
1.57205e+15
1.83444e+15
2.09219e+15
2.36546e+15
2.59847e+15
2.84978e+15
3.10881e+15
3.33613e+15
3.61835e+15
3.85734e+15
4.05775e+15
4.30143e+15
4.50576e+15
4.73464e+15
4.88448e+15
5.08262e+15
5.29488e+15
5.44601e+15
5.63535e+15
5.81117e+15
5.95737e+15
6.09595e+15
6.25951e+15
6.38444e+15
6.49442e+15
6.60812e+15
6.74707e+15
6.82858e+15
6.88584e+15
6.91712e+15
7.02191e+15
7.0764e+15
7.12037e+15
7.19101e+15
7.19198e+15
7.14935e+15
7.17197e+15
7.12039e+15
7.11807e+15
7.11137e+15
7.09191e+15
7.0324e+15
6.95323e+15
6.85734e+15
6.7489e+15
6.67274e+15
6.57877e+15
6.4236e+15
6.32816e+15
6.21838e+15
6.11278e+15
5.87815e+15
5.77138e+15
5.58106e+15
5.39989e+15
5.27799e+15
5.09704e+15
4.89721e+15
4.63348e+15
4.46709e+15
4.22752e+15
4.065e+15
3.8353e+15
3.59338e+15
3.36025e+15
3.10408e+15
2.84069e+15
2.62548e+15
2.37566e+15
2.10607e+15
1.84431e+15
1.5716e+15
1.29964e+15
1.0247e+15
7.50925e+14
4.40058e+14
4.56109e+14
7.38905e+14
1.01422e+15
1.29247e+15
1.56842e+15
1.81165e+15
2.09149e+15
2.33278e+15
2.56347e+15
2.85657e+15
3.0781e+15
3.33274e+15
3.58781e+15
3.79965e+15
4.07436e+15
4.24213e+15
4.46896e+15
4.72043e+15
4.86475e+15
5.06183e+15
5.22197e+15
5.38121e+15
5.5542e+15
5.76734e+15
5.90908e+15
6.06699e+15
6.19637e+15
6.30084e+15
6.46756e+15
6.63151e+15
6.70216e+15
6.79034e+15
6.87421e+15
6.89706e+15
6.96273e+15
6.98949e+15
7.05864e+15
7.07808e+15
7.07216e+15
7.06476e+15
7.07812e+15
7.0754e+15
7.07423e+15
7.04685e+15
7.04065e+15
6.95808e+15
6.93034e+15
6.84293e+15
6.69523e+15
6.61036e+15
6.50844e+15
6.37413e+15
6.29629e+15
6.13267e+15
6.02684e+15
5.8738e+15
5.73554e+15
5.53678e+15
5.41318e+15
5.21492e+15
5.01612e+15
4.84555e+15
4.64104e+15
4.44106e+15
4.21634e+15
4.00828e+15
3.77343e+15
3.55525e+15
3.34164e+15
3.11292e+15
2.83462e+15
2.59541e+15
2.32799e+15
2.08632e+15
1.84593e+15
1.56115e+15
1.29143e+15
1.03566e+15
7.39864e+14
4.37604e+14
4.39596e+14
7.32134e+14
1.00335e+15
1.28053e+15
1.55499e+15
1.80554e+15
2.08054e+15
2.33975e+15
2.56973e+15
2.8118e+15
3.0443e+15
3.30343e+15
3.57081e+15
3.75185e+15
4.01465e+15
4.23824e+15
4.43785e+15
4.6187e+15
4.85056e+15
5.00612e+15
5.17604e+15
5.37989e+15
5.50006e+15
5.68547e+15
5.86847e+15
5.99675e+15
6.12799e+15
6.27239e+15
6.37181e+15
6.5055e+15
6.6353e+15
6.70837e+15
6.79632e+15
6.85603e+15
6.91202e+15
6.98473e+15
7.01116e+15
7.05118e+15
7.01219e+15
7.01273e+15
7.01364e+15
7.04946e+15
7.01145e+15
6.98394e+15
6.92302e+15
6.85845e+15
6.81522e+15
6.74037e+15
6.6091e+15
6.55962e+15
6.43702e+15
6.32392e+15
6.23313e+15
6.12567e+15
5.95731e+15
5.78253e+15
5.65059e+15
5.51938e+15
5.30414e+15
5.15816e+15
4.97343e+15
4.78717e+15
4.58932e+15
4.39058e+15
4.16255e+15
3.96537e+15
3.74567e+15
3.53473e+15
3.30699e+15
3.03589e+15
2.84201e+15
2.56972e+15
2.31691e+15
2.05657e+15
1.79741e+15
1.54677e+15
1.27645e+15
9.95484e+14
7.3507e+14
4.36122e+14
4.338e+14
7.15182e+14
9.80311e+14
1.27424e+15
1.51516e+15
1.7871e+15
2.05427e+15
2.28631e+15
2.53404e+15
2.80593e+15
3.01347e+15
3.26627e+15
3.51921e+15
3.71504e+15
3.94748e+15
4.18873e+15
4.35123e+15
4.5782e+15
4.75613e+15
4.92167e+15
5.13036e+15
5.27823e+15
5.45234e+15
5.63087e+15
5.77172e+15
5.92197e+15
6.08616e+15
6.21124e+15
6.35329e+15
6.43894e+15
6.55946e+15
6.61116e+15
6.76326e+15
6.8065e+15
6.81658e+15
6.91405e+15
6.91603e+15
6.94408e+15
6.92436e+15
6.96731e+15
6.93219e+15
6.93076e+15
6.91006e+15
6.9035e+15
6.86506e+15
6.74901e+15
6.70824e+15
6.62798e+15
6.56099e+15
6.49151e+15
6.39535e+15
6.26974e+15
6.10511e+15
6.02354e+15
5.86293e+15
5.73337e+15
5.56263e+15
5.47609e+15
5.27407e+15
5.11177e+15
4.93012e+15
4.70552e+15
4.52e+15
4.33189e+15
4.11685e+15
3.91604e+15
3.66934e+15
3.4608e+15
3.24162e+15
2.98143e+15
2.79329e+15
2.52957e+15
2.27456e+15
2.02359e+15
1.76439e+15
1.51056e+15
1.25741e+15
9.91e+14
7.20566e+14
4.34763e+14
4.29404e+14
6.86178e+14
9.75761e+14
1.20769e+15
1.51315e+15
1.76361e+15
2.00882e+15
2.24061e+15
2.51201e+15
2.75347e+15
2.97743e+15
3.22392e+15
3.44338e+15
3.67648e+15
3.90515e+15
4.10874e+15
4.31641e+15
4.51819e+15
4.71455e+15
4.86088e+15
5.07405e+15
5.16782e+15
5.37536e+15
5.57049e+15
5.69414e+15
5.83392e+15
5.97159e+15
6.10596e+15
6.22469e+15
6.34583e+15
6.45932e+15
6.55205e+15
6.61324e+15
6.67799e+15
6.72201e+15
6.81459e+15
6.81769e+15
6.82431e+15
6.80536e+15
6.83641e+15
6.86881e+15
6.86155e+15
6.80815e+15
6.78985e+15
6.73546e+15
6.65785e+15
6.59695e+15
6.53919e+15
6.49535e+15
6.35883e+15
6.25471e+15
6.18232e+15
6.05874e+15
5.93025e+15
5.78829e+15
5.68984e+15
5.5367e+15
5.40333e+15
5.22417e+15
5.03977e+15
4.80859e+15
4.65678e+15
4.50288e+15
4.29454e+15
4.09518e+15
3.87771e+15
3.63456e+15
3.36596e+15
3.21566e+15
2.97787e+15
2.7564e+15
2.49142e+15
2.23731e+15
2.00405e+15
1.74206e+15
1.49647e+15
1.24114e+15
9.62653e+14
7.00833e+14
4.32049e+14
4.09176e+14
6.90537e+14
9.6348e+14
1.22362e+15
1.50287e+15
1.7281e+15
1.95413e+15
2.22048e+15
2.45893e+15
2.69448e+15
2.93609e+15
3.13424e+15
3.43152e+15
3.64956e+15
3.81074e+15
4.04105e+15
4.22327e+15
4.49803e+15
4.63431e+15
4.79863e+15
4.95855e+15
5.14084e+15
5.30747e+15
5.46987e+15
5.63943e+15
5.74193e+15
5.8719e+15
5.98426e+15
6.10031e+15
6.23103e+15
6.36754e+15
6.38506e+15
6.44954e+15
6.56741e+15
6.61227e+15
6.64123e+15
6.67383e+15
6.75225e+15
6.73138e+15
6.71956e+15
6.73106e+15
6.7263e+15
6.67078e+15
6.69251e+15
6.64224e+15
6.60707e+15
6.50075e+15
6.4222e+15
6.33367e+15
6.26212e+15
6.15624e+15
6.09753e+15
5.96626e+15
5.82561e+15
5.70598e+15
5.56988e+15
5.44153e+15
5.24527e+15
5.12201e+15
4.91697e+15
4.7564e+15
4.59393e+15
4.37442e+15
4.19757e+15
4.01322e+15
3.7973e+15
3.57357e+15
3.35981e+15
3.13546e+15
2.9222e+15
2.69666e+15
2.45086e+15
2.19183e+15
1.94845e+15
1.71168e+15
1.48097e+15
1.22087e+15
9.52951e+14
6.99818e+14
4.23769e+14
4.09233e+14
6.79438e+14
9.23117e+14
1.21117e+15
1.44097e+15
1.69187e+15
1.94795e+15
2.16582e+15
2.40299e+15
2.6602e+15
2.87518e+15
3.10268e+15
3.34564e+15
3.52794e+15
3.79418e+15
3.96949e+15
4.1599e+15
4.3671e+15
4.55928e+15
4.71737e+15
4.88663e+15
5.04734e+15
5.18825e+15
5.37095e+15
5.49991e+15
5.6478e+15
5.76505e+15
5.8896e+15
5.98573e+15
6.12244e+15
6.20129e+15
6.2564e+15
6.44092e+15
6.44753e+15
6.52587e+15
6.54478e+15
6.60119e+15
6.58222e+15
6.61039e+15
6.61882e+15
6.5819e+15
6.60092e+15
6.57528e+15
6.54677e+15
6.57179e+15
6.39641e+15
6.36934e+15
6.31394e+15
6.20829e+15
6.13836e+15
6.02586e+15
5.90638e+15
5.84816e+15
5.71927e+15
5.59877e+15
5.48033e+15
5.30689e+15
5.13225e+15
5.03254e+15
4.83012e+15
4.69632e+15
4.55906e+15
4.33541e+15
4.11534e+15
3.96685e+15
3.7381e+15
3.54084e+15
3.30373e+15
3.08144e+15
2.88178e+15
2.62663e+15
2.40628e+15
2.15733e+15
1.92108e+15
1.67324e+15
1.44156e+15
1.20148e+15
9.57707e+14
6.91682e+14
4.05671e+14
3.9747e+14
6.62747e+14
9.23623e+14
1.15795e+15
1.41713e+15
1.6368e+15
1.88055e+15
2.13613e+15
2.34147e+15
2.58011e+15
2.79109e+15
3.01555e+15
3.24409e+15
3.46461e+15
3.645e+15
3.9205e+15
4.10243e+15
4.31672e+15
4.45221e+15
4.59354e+15
4.72874e+15
4.90142e+15
5.08164e+15
5.21564e+15
5.3537e+15
5.51488e+15
5.66728e+15
5.73299e+15
5.86738e+15
5.98229e+15
6.08672e+15
6.2257e+15
6.27454e+15
6.28603e+15
6.38942e+15
6.38725e+15
6.43759e+15
6.46632e+15
6.4789e+15
6.52162e+15
6.50114e+15
6.45155e+15
6.41639e+15
6.34402e+15
6.35012e+15
6.31104e+15
6.20376e+15
6.18098e+15
6.09615e+15
6.03865e+15
5.9593e+15
5.8208e+15
5.72129e+15
5.63639e+15
5.4761e+15
5.36709e+15
5.24104e+15
5.08651e+15
4.91598e+15
4.72066e+15
4.56148e+15
4.39287e+15
4.22559e+15
4.02679e+15
3.85487e+15
3.65638e+15
3.44429e+15
3.24868e+15
3.04405e+15
2.80972e+15
2.57938e+15
2.33841e+15
2.12457e+15
1.88788e+15
1.64652e+15
1.41877e+15
1.17733e+15
9.19541e+14
6.63965e+14
3.99396e+14
3.91602e+14
6.41328e+14
8.93549e+14
1.13345e+15
1.36696e+15
1.6019e+15
1.84312e+15
2.07032e+15
2.27924e+15
2.51099e+15
2.7512e+15
2.94652e+15
3.16124e+15
3.37523e+15
3.58113e+15
3.79231e+15
3.94843e+15
4.18058e+15
4.35159e+15
4.49532e+15
4.65272e+15
4.8108e+15
4.95397e+15
5.09088e+15
5.22579e+15
5.4044e+15
5.47358e+15
5.60208e+15
5.74233e+15
5.83852e+15
5.95517e+15
6.00845e+15
6.09395e+15
6.15814e+15
6.24181e+15
6.26782e+15
6.31924e+15
6.31857e+15
6.3694e+15
6.31602e+15
6.3103e+15
6.32983e+15
6.23176e+15
6.22136e+15
6.19283e+15
6.14806e+15
6.12702e+15
6.03775e+15
5.98074e+15
5.91973e+15
5.77246e+15
5.64748e+15
5.61145e+15
5.47592e+15
5.3497e+15
5.2339e+15
5.11371e+15
4.97739e+15
4.80506e+15
4.62145e+15
4.46657e+15
4.30902e+15
4.12341e+15
3.95261e+15
3.73931e+15
3.57748e+15
3.35015e+15
3.12248e+15
2.93869e+15
2.72923e+15
2.50121e+15
2.28882e+15
2.05317e+15
1.84529e+15
1.60735e+15
1.36967e+15
1.14353e+15
8.76715e+14
6.30701e+14
3.81783e+14
3.78338e+14
6.40472e+14
8.74959e+14
1.1074e+15
1.33139e+15
1.60243e+15
1.80956e+15
2.01442e+15
2.24057e+15
2.45764e+15
2.67742e+15
2.86838e+15
3.09104e+15
3.30118e+15
3.49887e+15
3.65446e+15
3.8667e+15
4.06851e+15
4.24042e+15
4.38149e+15
4.55143e+15
4.69191e+15
4.8498e+15
4.99436e+15
5.12955e+15
5.26887e+15
5.32966e+15
5.50407e+15
5.58155e+15
5.71228e+15
5.78972e+15
5.83581e+15
5.90152e+15
6.01043e+15
6.04668e+15
6.09367e+15
6.08458e+15
6.13773e+15
6.17259e+15
6.14279e+15
6.16655e+15
6.14402e+15
6.10385e+15
6.08911e+15
6.02282e+15
6.03239e+15
5.96096e+15
5.87356e+15
5.79917e+15
5.74476e+15
5.63378e+15
5.55549e+15
5.4497e+15
5.34547e+15
5.22966e+15
5.11785e+15
4.98479e+15
4.84064e+15
4.67448e+15
4.53343e+15
4.32498e+15
4.18966e+15
4.02067e+15
3.82152e+15
3.64252e+15
3.45492e+15
3.25069e+15
3.04124e+15
2.8971e+15
2.64725e+15
2.46881e+15
2.23984e+15
2.02362e+15
1.78434e+15
1.56209e+15
1.33961e+15
1.11327e+15
8.76717e+14
6.29337e+14
3.73371e+14
3.7039e+14
6.08288e+14
8.4775e+14
1.06951e+15
1.28833e+15
1.52791e+15
1.73112e+15
1.94109e+15
2.17727e+15
2.37227e+15
2.586e+15
2.80115e+15
2.99596e+15
3.21625e+15
3.4081e+15
3.57344e+15
3.78939e+15
3.95318e+15
4.14185e+15
4.2622e+15
4.42797e+15
4.55991e+15
4.6864e+15
4.81428e+15
4.97038e+15
5.11707e+15
5.21962e+15
5.31494e+15
5.41584e+15
5.5245e+15
5.60004e+15
5.7046e+15
5.75467e+15
5.78088e+15
5.85174e+15
5.91321e+15
5.88368e+15
5.96255e+15
5.99881e+15
5.95979e+15
5.97442e+15
5.97771e+15
5.92038e+15
5.8642e+15
5.90197e+15
5.82805e+15
5.75587e+15
5.73657e+15
5.65653e+15
5.5551e+15
5.49671e+15
5.39198e+15
5.27087e+15
5.15631e+15
5.05568e+15
4.9481e+15
4.81257e+15
4.67637e+15
4.51694e+15
4.38161e+15
4.21727e+15
4.07311e+15
3.9132e+15
3.72838e+15
3.54565e+15
3.34071e+15
3.16219e+15
2.9742e+15
2.76285e+15
2.58293e+15
2.38995e+15
2.19052e+15
1.96183e+15
1.76021e+15
1.53218e+15
1.3067e+15
1.07423e+15
8.39317e+14
6.03557e+14
3.54427e+14
3.52773e+14
5.95878e+14
8.40494e+14
1.04635e+15
1.27644e+15
1.49607e+15
1.69657e+15
1.89544e+15
2.10838e+15
2.30305e+15
2.50722e+15
2.69828e+15
2.89826e+15
3.1197e+15
3.23953e+15
3.45346e+15
3.65896e+15
3.85397e+15
4.01801e+15
4.13843e+15
4.28394e+15
4.37912e+15
4.53277e+15
4.67771e+15
4.80806e+15
4.90042e+15
5.0044e+15
5.15991e+15
5.27269e+15
5.34389e+15
5.41277e+15
5.47907e+15
5.51699e+15
5.59262e+15
5.67302e+15
5.70559e+15
5.71292e+15
5.75921e+15
5.76268e+15
5.78659e+15
5.77194e+15
5.79626e+15
5.73576e+15
5.71062e+15
5.66634e+15
5.65053e+15
5.6042e+15
5.54767e+15
5.49089e+15
5.37371e+15
5.30846e+15
5.19407e+15
5.11082e+15
5.02343e+15
4.88526e+15
4.79769e+15
4.66926e+15
4.52488e+15
4.39234e+15
4.20667e+15
4.10832e+15
3.93048e+15
3.77979e+15
3.60968e+15
3.44675e+15
3.22454e+15
3.06882e+15
2.88896e+15
2.66628e+15
2.49242e+15
2.28784e+15
2.08029e+15
1.90471e+15
1.68776e+15
1.49138e+15
1.25041e+15
1.02657e+15
8.04337e+14
5.92965e+14
3.53527e+14
3.3785e+14
5.82461e+14
7.99831e+14
1.00775e+15
1.21762e+15
1.42437e+15
1.63365e+15
1.82704e+15
2.02842e+15
2.2302e+15
2.44484e+15
2.612e+15
2.82369e+15
2.99111e+15
3.17532e+15
3.37298e+15
3.51693e+15
3.67257e+15
3.842e+15
4.00269e+15
4.1072e+15
4.22207e+15
4.41211e+15
4.49744e+15
4.62194e+15
4.74601e+15
4.83911e+15
4.93604e+15
5.04682e+15
5.12112e+15
5.26673e+15
5.22324e+15
5.38107e+15
5.45182e+15
5.42956e+15
5.49486e+15
5.56086e+15
5.59087e+15
5.58921e+15
5.57037e+15
5.5532e+15
5.5564e+15
5.51704e+15
5.51518e+15
5.44104e+15
5.40686e+15
5.43126e+15
5.33347e+15
5.24641e+15
5.17661e+15
5.1084e+15
5.03017e+15
4.93804e+15
4.85113e+15
4.73023e+15
4.6219e+15
4.50351e+15
4.39661e+15
4.21096e+15
4.10843e+15
3.96145e+15
3.78889e+15
3.61537e+15
3.47545e+15
3.2914e+15
3.13575e+15
2.97915e+15
2.7692e+15
2.58249e+15
2.40203e+15
2.22754e+15
2.01966e+15
1.82666e+15
1.62516e+15
1.42978e+15
1.22839e+15
9.96632e+14
7.84284e+14
5.66585e+14
3.46207e+14
3.3025e+14
5.50097e+14
7.64536e+14
9.64474e+14
1.17752e+15
1.35736e+15
1.56782e+15
1.76589e+15
1.95496e+15
2.14122e+15
2.31616e+15
2.5139e+15
2.70555e+15
2.84734e+15
3.0375e+15
3.19171e+15
3.36614e+15
3.52937e+15
3.66054e+15
3.77556e+15
3.95207e+15
4.05523e+15
4.22374e+15
4.29987e+15
4.4517e+15
4.55127e+15
4.66335e+15
4.73823e+15
4.85313e+15
4.89168e+15
4.98905e+15
5.07412e+15
5.1408e+15
5.16091e+15
5.21104e+15
5.2542e+15
5.2709e+15
5.29642e+15
5.35584e+15
5.37727e+15
5.32863e+15
5.31933e+15
5.29617e+15
5.28088e+15
5.22001e+15
5.23069e+15
5.15884e+15
5.14034e+15
5.05215e+15
5.01178e+15
4.93332e+15
4.78549e+15
4.70694e+15
4.63209e+15
4.54794e+15
4.42426e+15
4.30162e+15
4.20703e+15
4.06644e+15
3.94068e+15
3.76899e+15
3.644e+15
3.48208e+15
3.31589e+15
3.15108e+15
2.97724e+15
2.82181e+15
2.63759e+15
2.488e+15
2.29366e+15
2.1203e+15
1.94824e+15
1.74509e+15
1.56067e+15
1.36951e+15
1.16277e+15
9.51661e+14
7.45671e+14
5.44065e+14
3.2379e+14
3.15695e+14
5.26854e+14
7.30433e+14
9.22056e+14
1.1134e+15
1.30352e+15
1.49315e+15
1.67577e+15
1.88855e+15
2.0482e+15
2.2135e+15
2.38994e+15
2.56617e+15
2.7426e+15
2.90836e+15
3.05858e+15
3.2094e+15
3.38232e+15
3.5017e+15
3.65014e+15
3.78755e+15
3.92407e+15
4.01287e+15
4.11058e+15
4.27244e+15
4.3691e+15
4.45011e+15
4.54481e+15
4.63124e+15
4.73987e+15
4.78433e+15
4.86779e+15
4.89001e+15
4.93527e+15
5.00485e+15
5.01599e+15
5.04545e+15
5.06847e+15
5.10082e+15
5.10715e+15
5.11531e+15
5.07462e+15
5.06541e+15
5.02158e+15
4.99369e+15
4.95646e+15
4.91512e+15
4.87982e+15
4.83021e+15
4.78992e+15
4.69503e+15
4.61389e+15
4.54059e+15
4.42839e+15
4.33666e+15
4.23212e+15
4.12797e+15
3.96612e+15
3.89354e+15
3.72018e+15
3.61249e+15
3.50544e+15
3.3162e+15
3.16676e+15
3.01878e+15
2.86734e+15
2.6995e+15
2.55287e+15
2.34281e+15
2.20925e+15
2.03084e+15
1.87005e+15
1.67372e+15
1.47408e+15
1.29261e+15
1.10389e+15
9.16678e+14
7.21836e+14
5.19516e+14
3.18241e+14
2.95669e+14
5.10059e+14
6.94617e+14
8.7063e+14
1.04772e+15
1.21466e+15
1.41458e+15
1.59652e+15
1.78092e+15
1.93845e+15
2.11808e+15
2.29844e+15
2.45105e+15
2.60135e+15
2.76332e+15
2.90786e+15
3.06335e+15
3.22137e+15
3.31657e+15
3.44976e+15
3.59931e+15
3.7476e+15
3.82066e+15
3.94381e+15
4.0731e+15
4.17007e+15
4.23881e+15
4.32584e+15
4.39102e+15
4.50712e+15
4.543e+15
4.63981e+15
4.66497e+15
4.68573e+15
4.74616e+15
4.80574e+15
4.82353e+15
4.82313e+15
4.82608e+15
4.79009e+15
4.83188e+15
4.85529e+15
4.83066e+15
4.79465e+15
4.77554e+15
4.70415e+15
4.68667e+15
4.62107e+15
4.58921e+15
4.48517e+15
4.48548e+15
4.40222e+15
4.31544e+15
4.2284e+15
4.16415e+15
4.05106e+15
3.9328e+15
3.79139e+15
3.68322e+15
3.53749e+15
3.45705e+15
3.31789e+15
3.18949e+15
3.01834e+15
2.88857e+15
2.73311e+15
2.58408e+15
2.39885e+15
2.24455e+15
2.1112e+15
1.93759e+15
1.74272e+15
1.57926e+15
1.4123e+15
1.22197e+15
1.03737e+15
8.64676e+14
6.73082e+14
5.04876e+14
3.03624e+14
2.82172e+14
4.79867e+14
6.73572e+14
8.46932e+14
9.87611e+14
1.16292e+15
1.35418e+15
1.50796e+15
1.68051e+15
1.83561e+15
1.98605e+15
2.16314e+15
2.30941e+15
2.46187e+15
2.62971e+15
2.75075e+15
2.89429e+15
3.02421e+15
3.17828e+15
3.28579e+15
3.3983e+15
3.49447e+15
3.63298e+15
3.74287e+15
3.85366e+15
3.93774e+15
3.99212e+15
4.08146e+15
4.15887e+15
4.23563e+15
4.3103e+15
4.3695e+15
4.4443e+15
4.43199e+15
4.52118e+15
4.55941e+15
4.57468e+15
4.56314e+15
4.55203e+15
4.55586e+15
4.58093e+15
4.57017e+15
4.5474e+15
4.55068e+15
4.51237e+15
4.47023e+15
4.4322e+15
4.3645e+15
4.32261e+15
4.25421e+15
4.21877e+15
4.1503e+15
4.07128e+15
3.95986e+15
3.88329e+15
3.78239e+15
3.70992e+15
3.60456e+15
3.46806e+15
3.35309e+15
3.27097e+15
3.15566e+15
3.01998e+15
2.8533e+15
2.71244e+15
2.58161e+15
2.43514e+15
2.29909e+15
2.11292e+15
1.97848e+15
1.81779e+15
1.6498e+15
1.51476e+15
1.33839e+15
1.16577e+15
9.81997e+14
8.09221e+14
6.54348e+14
4.78376e+14
2.73235e+14
2.66315e+14
4.50805e+14
6.15168e+14
7.96993e+14
9.512e+14
1.08983e+15
1.26491e+15
1.41525e+15
1.57264e+15
1.71643e+15
1.88435e+15
2.01719e+15
2.17653e+15
2.36147e+15
2.46321e+15
2.57734e+15
2.70771e+15
2.84062e+15
2.96167e+15
3.07733e+15
3.19492e+15
3.26931e+15
3.42283e+15
3.52017e+15
3.65583e+15
3.6893e+15
3.76746e+15
3.86205e+15
3.90565e+15
3.99963e+15
4.04443e+15
4.08681e+15
4.14061e+15
4.17952e+15
4.2346e+15
4.23663e+15
4.26755e+15
4.29381e+15
4.27594e+15
4.32584e+15
4.31393e+15
4.30405e+15
4.27577e+15
4.22505e+15
4.22947e+15
4.20217e+15
4.16458e+15
4.14376e+15
4.05134e+15
4.04308e+15
3.97508e+15
3.91154e+15
3.79995e+15
3.74473e+15
3.66369e+15
3.55417e+15
3.48721e+15
3.38523e+15
3.25464e+15
3.16103e+15
3.07303e+15
2.96135e+15
2.85789e+15
2.66025e+15
2.53143e+15
2.42628e+15
2.30301e+15
2.15374e+15
2.01934e+15
1.87559e+15
1.72587e+15
1.56938e+15
1.39115e+15
1.24843e+15
1.08891e+15
9.22061e+14
7.61371e+14
6.16814e+14
4.47822e+14
2.66609e+14
2.40636e+14
4.1827e+14
5.85018e+14
7.38647e+14
8.71828e+14
1.02559e+15
1.18328e+15
1.31812e+15
1.48582e+15
1.61795e+15
1.77069e+15
1.90117e+15
2.03311e+15
2.16669e+15
2.28501e+15
2.4127e+15
2.52331e+15
2.65169e+15
2.75873e+15
2.85957e+15
2.99489e+15
3.07949e+15
3.16411e+15
3.29878e+15
3.36872e+15
3.43905e+15
3.52227e+15
3.58421e+15
3.65738e+15
3.71636e+15
3.73033e+15
3.79569e+15
3.86714e+15
3.90234e+15
3.91342e+15
3.94307e+15
3.98929e+15
4.02624e+15
4.00142e+15
4.00624e+15
4.02234e+15
4.03661e+15
3.99633e+15
3.97018e+15
3.95592e+15
3.96147e+15
3.89711e+15
3.84556e+15
3.8314e+15
3.75645e+15
3.71948e+15
3.64099e+15
3.57505e+15
3.47489e+15
3.38135e+15
3.33364e+15
3.27392e+15
3.16908e+15
3.05152e+15
2.95364e+15
2.83397e+15
2.76442e+15
2.64151e+15
2.5449e+15
2.3844e+15
2.27498e+15
2.1568e+15
2.01328e+15
1.90132e+15
1.75568e+15
1.58183e+15
1.44585e+15
1.30734e+15
1.16236e+15
1.02006e+15
8.67597e+14
7.0856e+14
5.65166e+14
4.16632e+14
2.55486e+14
2.29881e+14
3.83505e+14
5.49738e+14
6.85047e+14
8.15011e+14
9.60903e+14
1.08912e+15
1.22925e+15
1.37196e+15
1.47249e+15
1.63825e+15
1.77257e+15
1.89183e+15
1.99725e+15
2.11676e+15
2.21463e+15
2.32922e+15
2.42433e+15
2.55153e+15
2.65339e+15
2.75774e+15
2.86278e+15
2.92132e+15
3.03288e+15
3.07906e+15
3.17567e+15
3.22558e+15
3.29315e+15
3.35691e+15
3.39941e+15
3.46601e+15
3.49889e+15
3.54883e+15
3.60131e+15
3.63952e+15
3.66367e+15
3.69913e+15
3.69131e+15
3.70641e+15
3.71002e+15
3.7404e+15
3.745e+15
3.70798e+15
3.68515e+15
3.63867e+15
3.61318e+15
3.57656e+15
3.57579e+15
3.51352e+15
3.441e+15
3.41644e+15
3.35761e+15
3.27121e+15
3.20798e+15
3.14265e+15
3.07796e+15
3.01819e+15
2.92928e+15
2.81565e+15
2.72132e+15
2.65584e+15
2.53384e+15
2.42634e+15
2.33168e+15
2.2259e+15
2.11914e+15
2.00452e+15
1.87477e+15
1.73988e+15
1.61262e+15
1.48422e+15
1.34706e+15
1.21412e+15
1.08525e+15
9.37524e+14
7.98446e+14
6.5651e+14
5.20201e+14
3.77798e+14
2.27123e+14
2.11141e+14
3.55258e+14
4.96432e+14
6.30385e+14
7.39268e+14
8.80958e+14
1.00581e+15
1.12786e+15
1.24559e+15
1.38379e+15
1.50327e+15
1.61424e+15
1.71977e+15
1.81106e+15
1.92161e+15
2.03623e+15
2.14846e+15
2.22819e+15
2.34391e+15
2.41759e+15
2.5399e+15
2.62907e+15
2.68685e+15
2.77228e+15
2.83882e+15
2.89524e+15
2.98684e+15
3.00937e+15
3.08188e+15
3.13826e+15
3.18843e+15
3.22181e+15
3.27011e+15
3.33473e+15
3.31733e+15
3.36975e+15
3.40945e+15
3.43724e+15
3.43773e+15
3.43176e+15
3.39218e+15
3.41316e+15
3.39358e+15
3.36038e+15
3.36901e+15
3.32982e+15
3.27755e+15
3.26443e+15
3.2086e+15
3.17385e+15
3.12832e+15
3.09563e+15
3.01766e+15
2.96145e+15
2.90472e+15
2.82483e+15
2.75737e+15
2.68486e+15
2.60723e+15
2.51559e+15
2.44098e+15
2.31295e+15
2.22424e+15
2.14315e+15
2.03963e+15
1.91729e+15
1.81437e+15
1.69271e+15
1.58726e+15
1.47581e+15
1.35793e+15
1.23271e+15
1.10607e+15
9.77332e+14
8.59746e+14
7.37423e+14
6.07115e+14
4.7636e+14
3.50997e+14
2.02912e+14
1.88603e+14
3.22968e+14
4.42727e+14
5.60868e+14
6.78872e+14
7.78416e+14
9.00337e+14
1.01131e+15
1.13513e+15
1.23063e+15
1.35097e+15
1.44083e+15
1.55197e+15
1.64257e+15
1.74388e+15
1.85372e+15
1.95075e+15
2.02368e+15
2.10559e+15
2.21203e+15
2.28367e+15
2.35429e+15
2.42537e+15
2.49812e+15
2.56935e+15
2.60165e+15
2.70365e+15
2.75115e+15
2.7875e+15
2.8494e+15
2.86256e+15
2.90399e+15
2.94753e+15
2.9882e+15
3.00859e+15
3.04763e+15
3.10086e+15
3.08532e+15
3.04857e+15
3.06988e+15
3.08479e+15
3.07538e+15
3.07929e+15
3.0559e+15
3.02713e+15
3.01971e+15
2.98794e+15
2.96484e+15
2.91785e+15
2.89035e+15
2.83959e+15
2.77979e+15
2.72548e+15
2.69388e+15
2.63153e+15
2.56868e+15
2.49844e+15
2.43577e+15
2.37733e+15
2.26038e+15
2.20355e+15
2.10945e+15
2.03435e+15
1.93453e+15
1.84208e+15
1.75158e+15
1.65021e+15
1.54095e+15
1.43889e+15
1.33957e+15
1.23148e+15
1.13357e+15
1.01529e+15
8.83712e+14
7.91028e+14
6.51859e+14
5.45694e+14
4.39259e+14
3.14044e+14
1.80616e+14
1.61756e+14
2.83942e+14
3.89515e+14
5.00801e+14
6.07305e+14
7.07822e+14
8.15836e+14
9.0999e+14
1.00701e+15
1.09954e+15
1.20884e+15
1.27998e+15
1.38448e+15
1.48371e+15
1.5677e+15
1.65656e+15
1.72745e+15
1.81547e+15
1.89374e+15
1.94467e+15
2.0352e+15
2.10132e+15
2.18953e+15
2.24678e+15
2.29057e+15
2.33608e+15
2.40121e+15
2.44708e+15
2.48516e+15
2.51543e+15
2.56065e+15
2.59103e+15
2.6474e+15
2.64147e+15
2.67752e+15
2.69943e+15
2.71012e+15
2.73519e+15
2.75569e+15
2.74015e+15
2.74622e+15
2.74086e+15
2.73659e+15
2.73023e+15
2.7244e+15
2.6875e+15
2.67204e+15
2.62704e+15
2.61504e+15
2.58075e+15
2.52865e+15
2.48041e+15
2.43618e+15
2.38163e+15
2.32407e+15
2.30226e+15
2.24971e+15
2.19595e+15
2.10979e+15
2.03847e+15
1.96511e+15
1.89444e+15
1.78376e+15
1.70003e+15
1.62088e+15
1.55138e+15
1.45802e+15
1.37253e+15
1.26176e+15
1.19181e+15
1.09182e+15
9.8952e+14
9.04304e+14
8.01999e+14
6.9015e+14
6.06987e+14
4.79783e+14
3.93833e+14
2.75501e+14
1.68986e+14
1.53624e+14
2.4831e+14
3.37508e+14
4.43536e+14
5.21291e+14
6.12051e+14
7.19627e+14
7.92406e+14
8.83749e+14
9.58568e+14
1.02637e+15
1.14604e+15
1.21803e+15
1.27737e+15
1.36695e+15
1.42913e+15
1.5266e+15
1.59321e+15
1.63301e+15
1.69688e+15
1.78865e+15
1.84991e+15
1.90755e+15
1.95669e+15
1.98792e+15
2.05597e+15
2.0985e+15
2.13938e+15
2.1793e+15
2.20814e+15
2.22703e+15
2.25766e+15
2.29939e+15
2.3286e+15
2.32956e+15
2.38122e+15
2.35706e+15
2.39894e+15
2.41625e+15
2.43459e+15
2.45023e+15
2.43738e+15
2.39542e+15
2.41136e+15
2.38369e+15
2.41143e+15
2.3435e+15
2.31859e+15
2.30054e+15
2.26762e+15
2.22087e+15
2.16581e+15
2.13881e+15
2.09145e+15
2.06781e+15
1.99609e+15
1.9551e+15
1.91459e+15
1.84902e+15
1.78063e+15
1.71776e+15
1.66678e+15
1.56461e+15
1.51573e+15
1.41862e+15
1.36507e+15
1.29812e+15
1.20799e+15
1.11286e+15
1.04865e+15
9.65251e+14
8.70553e+14
7.79917e+14
6.94515e+14
6.04003e+14
5.26178e+14
4.27463e+14
3.30874e+14
2.45887e+14
1.45297e+14
1.29114e+14
2.08784e+14
3.01917e+14
3.74307e+14
4.53189e+14
5.31703e+14
6.00746e+14
6.73928e+14
7.364e+14
8.14962e+14
8.85704e+14
9.58636e+14
1.02415e+15
1.09277e+15
1.15407e+15
1.20758e+15
1.26594e+15
1.34381e+15
1.413e+15
1.4695e+15
1.51187e+15
1.56928e+15
1.61249e+15
1.65822e+15
1.71366e+15
1.7482e+15
1.77994e+15
1.84119e+15
1.86477e+15
1.89728e+15
1.91359e+15
1.93482e+15
1.9635e+15
1.97654e+15
1.99942e+15
2.01237e+15
2.02912e+15
2.02693e+15
2.07017e+15
2.0703e+15
2.05119e+15
2.07271e+15
2.04572e+15
2.03524e+15
2.03562e+15
2.03782e+15
2.0009e+15
1.98487e+15
1.95479e+15
1.92068e+15
1.89926e+15
1.84086e+15
1.81706e+15
1.78786e+15
1.74455e+15
1.6999e+15
1.66962e+15
1.62509e+15
1.56343e+15
1.51566e+15
1.45488e+15
1.41864e+15
1.35186e+15
1.29378e+15
1.21692e+15
1.16967e+15
1.12369e+15
1.04062e+15
9.53935e+14
8.87457e+14
8.1402e+14
7.37302e+14
6.55207e+14
5.97879e+14
5.09474e+14
4.47213e+14
3.62788e+14
2.87738e+14
2.06743e+14
1.24611e+14
1.03371e+14
1.77401e+14
2.44405e+14
3.011e+14
3.60124e+14
4.22158e+14
4.90966e+14
5.53114e+14
6.11329e+14
6.65292e+14
7.2543e+14
7.7651e+14
8.27561e+14
9.03485e+14
9.63095e+14
9.94072e+14
1.04237e+15
1.10177e+15
1.15959e+15
1.1921e+15
1.25062e+15
1.2924e+15
1.30797e+15
1.37084e+15
1.41203e+15
1.45824e+15
1.47995e+15
1.50187e+15
1.52333e+15
1.5483e+15
1.56169e+15
1.58121e+15
1.60708e+15
1.63115e+15
1.65478e+15
1.65249e+15
1.68668e+15
1.6799e+15
1.68825e+15
1.69765e+15
1.69086e+15
1.69028e+15
1.6633e+15
1.68859e+15
1.67562e+15
1.65768e+15
1.63326e+15
1.60492e+15
1.58317e+15
1.59657e+15
1.52902e+15
1.51075e+15
1.47946e+15
1.45314e+15
1.42103e+15
1.39799e+15
1.36088e+15
1.32714e+15
1.2894e+15
1.2697e+15
1.21235e+15
1.17565e+15
1.10665e+15
1.06262e+15
1.00576e+15
9.60082e+14
9.01657e+14
8.51634e+14
7.95231e+14
7.34486e+14
6.66447e+14
6.09356e+14
5.53949e+14
4.88267e+14
4.25367e+14
3.6818e+14
3.04187e+14
2.35e+14
1.66076e+14
1.03817e+14
8.0965e+13
1.31729e+14
1.81493e+14
2.32438e+14
2.88344e+14
3.44648e+14
3.88157e+14
4.40348e+14
4.79686e+14
5.27504e+14
5.72473e+14
6.10101e+14
6.55511e+14
6.9774e+14
7.27396e+14
7.76737e+14
8.18213e+14
8.54193e+14
8.9411e+14
9.23872e+14
9.63032e+14
9.9233e+14
1.01894e+15
1.05396e+15
1.10661e+15
1.13194e+15
1.15018e+15
1.15831e+15
1.19315e+15
1.20921e+15
1.2108e+15
1.23698e+15
1.26064e+15
1.26701e+15
1.28574e+15
1.30012e+15
1.30983e+15
1.32052e+15
1.32205e+15
1.32623e+15
1.31343e+15
1.30535e+15
1.31232e+15
1.29603e+15
1.30488e+15
1.29285e+15
1.26428e+15
1.2648e+15
1.23696e+15
1.20964e+15
1.21511e+15
1.19937e+15
1.14782e+15
1.13614e+15
1.09734e+15
1.06417e+15
1.05215e+15
1.04399e+15
1.00578e+15
9.81665e+14
9.35188e+14
8.91778e+14
8.6506e+14
8.28109e+14
7.79396e+14
7.52018e+14
7.07161e+14
6.57229e+14
6.28003e+14
5.67953e+14
5.25024e+14
4.84985e+14
4.28876e+14
3.70812e+14
3.22941e+14
2.81393e+14
2.31901e+14
1.8566e+14
1.35825e+14
7.78244e+13
5.67159e+13
9.53187e+13
1.31144e+14
1.66878e+14
2.01536e+14
2.40159e+14
2.75407e+14
3.17586e+14
3.38728e+14
3.72825e+14
4.03848e+14
4.31591e+14
4.53432e+14
4.83599e+14
5.17616e+14
5.54283e+14
5.77403e+14
5.99813e+14
6.25432e+14
6.68491e+14
6.81865e+14
7.16624e+14
7.27328e+14
7.54844e+14
7.69049e+14
8.04793e+14
8.18674e+14
8.31829e+14
8.5815e+14
8.51335e+14
8.64024e+14
8.83157e+14
8.75539e+14
8.84506e+14
9.05804e+14
9.05508e+14
9.25661e+14
9.30047e+14
9.34677e+14
9.33095e+14
9.32172e+14
9.32441e+14
9.19188e+14
9.31412e+14
9.06225e+14
8.98038e+14
8.94762e+14
8.90632e+14
8.72843e+14
8.68434e+14
8.49572e+14
8.42087e+14
8.10649e+14
7.85561e+14
7.85579e+14
7.52589e+14
7.46248e+14
7.23328e+14
7.04103e+14
6.86392e+14
6.55562e+14
6.23502e+14
6.0445e+14
5.84957e+14
5.48526e+14
5.18675e+14
4.81703e+14
4.71435e+14
4.34666e+14
4.02002e+14
3.51143e+14
3.25235e+14
2.98025e+14
2.67821e+14
2.4048e+14
2.06371e+14
1.60319e+14
1.29239e+14
9.44712e+13
5.68929e+13
3.04521e+13
5.4574e+13
7.64315e+13
9.5555e+13
1.10685e+14
1.31626e+14
1.44668e+14
1.66418e+14
1.84933e+14
2.03215e+14
2.26781e+14
2.43593e+14
2.58536e+14
2.6981e+14
2.81433e+14
3.0934e+14
3.27618e+14
3.34345e+14
3.58996e+14
3.71268e+14
3.9042e+14
3.86098e+14
4.05717e+14
4.16688e+14
4.24641e+14
4.43436e+14
4.5345e+14
4.55699e+14
4.71553e+14
4.73873e+14
4.90164e+14
4.89942e+14
4.88493e+14
5.00369e+14
5.09006e+14
5.09624e+14
5.12348e+14
5.24974e+14
5.10407e+14
5.22261e+14
5.18147e+14
5.16755e+14
5.032e+14
5.08339e+14
5.01349e+14
4.99464e+14
4.9071e+14
4.91951e+14
4.85556e+14
4.72557e+14
4.70959e+14
4.57482e+14
4.56844e+14
4.45838e+14
4.31744e+14
4.1693e+14
4.08131e+14
4.08352e+14
3.89185e+14
3.80565e+14
3.71398e+14
3.51961e+14
3.38478e+14
3.1703e+14
3.03423e+14
2.91345e+14
2.73395e+14
2.57141e+14
2.47936e+14
2.21727e+14
2.03234e+14
1.89958e+14
1.68996e+14
1.52029e+14
1.33484e+14
1.13872e+14
9.4408e+13
7.23175e+13
5.21158e+13
3.3653e+13
)
;

boundaryField
{
    movingWall
    {
        type            fixedValue;
        value           uniform 0;
    }
    fixedWalls
    {
        type            fixedValue;
        value           uniform 0;
    }
    frontAndBack
    {
        type            empty;
    }
}


// ************************************************************************* //
