/*--------------------------------*- C++ -*----------------------------------*\
  =========                 |
  \\      /  F ield         | OpenFOAM: The Open Source CFD Toolbox
   \\    /   O peration     | Website:  https://openfoam.org
    \\  /    A nd           | Version:  6
     \\/     M anipulation  |
\*---------------------------------------------------------------------------*/
FoamFile
{
    version     2.0;
    format      ascii;
    class       volScalarField;
    location    "600";
    object      T;
}
// * * * * * * * * * * * * * * * * * * * * * * * * * * * * * * * * * * * * * //

dimensions      [0 0 0 1 0 0 0];

internalField   nonuniform List<scalar> 
6400
(
901.959
920.528
914.236
904.799
895.926
886.409
875.156
862.762
851.594
841.503
833.037
826.579
822.314
820.248
820.243
822.064
825.423
830.008
835.515
841.663
848.205
854.942
861.713
868.403
874.927
881.234
887.29
893.079
898.597
903.842
908.817
913.53
917.986
922.192
926.149
929.864
933.341
936.571
939.56
942.306
944.803
947.047
949.096
950.96
952.64
954.144
955.484
956.656
957.663
958.509
959.191
959.712
960.072
960.265
960.286
960.135
959.806
959.291
958.582
957.672
956.551
955.209
953.635
951.821
949.752
947.417
944.807
941.913
938.723
935.22
931.373
927.108
921.893
916.14
909.875
902.484
894.398
884.43
876.269
896.498
878.835
900.145
899.572
898.342
902.171
908.51
911.72
909.371
904.211
898.774
894.875
893.119
893.31
894.934
897.462
900.464
903.626
906.734
909.652
912.314
914.686
916.756
918.54
920.06
921.342
922.415
923.308
924.048
924.66
925.17
925.599
925.967
926.291
926.589
926.876
927.165
927.471
927.806
928.182
928.608
929.095
929.653
930.151
930.583
930.95
931.258
931.507
931.7
931.833
931.905
931.914
931.854
931.721
931.506
931.203
930.801
930.289
929.65
928.869
927.928
926.806
925.477
923.92
922.107
920.012
917.61
914.883
911.827
908.465
904.866
901.173
897.658
894.784
893.468
894.808
898.127
902.089
901.191
896.576
919.656
884.357
901.695
900.757
897.905
902.908
911.666
915.036
913.371
910.414
908.735
909.064
911.068
914.12
917.66
921.303
924.823
928.1
931.088
933.783
936.201
938.37
940.32
942.085
943.688
945.153
946.499
947.741
948.891
949.959
950.952
951.875
952.731
953.523
954.253
954.92
955.524
956.068
956.548
956.965
957.321
957.616
957.849
958.071
958.289
958.504
958.718
958.931
959.141
959.349
959.551
959.743
959.921
960.079
960.207
960.296
960.333
960.304
960.189
959.966
959.607
959.08
958.344
957.35
956.043
954.353
952.196
949.483
946.103
941.937
936.881
930.856
923.885
916.213
908.55
902.415
901.183
903.447
902.042
897.538
918.498
893.115
904.211
904.002
900.35
905.184
911.321
913.234
912.66
912.624
914.311
917.489
921.5
925.767
929.926
933.783
937.262
940.358
943.094
945.506
947.632
949.51
951.172
952.644
953.949
955.108
956.135
957.045
957.848
958.557
959.179
959.722
960.194
960.602
960.953
961.251
961.505
961.716
961.892
962.034
962.148
962.236
962.302
962.406
962.554
962.747
962.985
963.268
963.598
963.972
964.389
964.847
965.342
965.871
966.428
967.005
967.591
968.177
968.746
969.279
969.75
970.131
970.381
970.452
970.282
969.794
968.889
967.442
965.299
962.261
958.087
952.502
945.213
936.009
924.997
913.177
903.488
901.134
898.202
894.019
912.711
899.182
901.833
902.967
902.335
907.165
911.595
913.505
914.889
917.452
921.325
925.912
930.605
935.018
938.967
942.399
945.329
947.803
949.875
951.596
953.014
954.171
955.104
955.842
956.414
956.843
957.151
957.357
957.477
957.525
957.518
957.466
957.383
957.278
957.162
957.042
956.925
956.817
956.726
956.656
956.613
956.598
956.612
956.696
956.852
957.077
957.376
957.752
958.202
958.727
959.327
960.003
960.752
961.575
962.467
963.425
964.444
965.515
966.628
967.77
968.924
970.065
971.162
972.173
973.048
973.714
974.078
974.024
973.39
971.964
969.469
965.54
959.718
951.476
940.338
926.356
911.396
901.359
896.355
893.143
908.758
904.899
898.312
902.178
904.363
909.022
912.985
915.865
919.131
923.413
928.334
933.275
937.807
941.731
944.999
947.645
949.737
951.349
952.554
953.417
953.992
954.329
954.471
954.451
954.304
954.056
953.731
953.35
952.929
952.487
952.04
951.595
951.163
950.754
950.372
950.027
949.722
949.458
949.245
949.082
948.973
948.919
948.92
949.008
949.182
949.443
949.796
950.244
950.782
951.413
952.141
952.967
953.895
954.923
956.05
957.277
958.602
960.023
961.532
963.121
964.782
966.496
968.239
969.983
971.683
973.283
974.703
975.837
976.543
976.625
975.815
973.741
969.908
963.659
954.194
940.8
923.737
906.674
896.733
894.743
905.277
910.075
895.557
902.549
906.437
911.153
915.447
919.502
924.097
929.218
934.333
938.959
942.852
945.96
948.327
950.045
951.214
951.928
952.269
952.311
952.115
951.733
951.209
950.581
949.88
949.131
948.361
947.585
946.815
946.067
945.348
944.67
944.038
943.455
942.927
942.46
942.051
941.707
941.431
941.218
941.076
941.004
941.001
941.094
941.286
941.574
941.959
942.448
943.043
943.743
944.553
945.475
946.517
947.679
948.961
950.366
951.9
953.561
955.347
957.258
959.286
961.422
963.65
965.95
968.287
970.619
972.882
974.986
976.804
978.166
978.832
978.465
976.588
972.549
965.47
954.287
938.18
918.286
901.772
898.509
900.874
914.434
893.508
903.513
908.664
913.724
918.66
923.661
928.958
934.227
938.979
942.909
945.931
948.094
949.51
950.306
950.597
950.491
950.076
949.426
948.603
947.658
946.633
945.563
944.471
943.383
942.315
941.278
940.286
939.345
938.463
937.645
936.891
936.205
935.589
935.046
934.578
934.185
933.87
933.63
933.467
933.383
933.384
933.482
933.681
933.98
934.382
934.891
935.512
936.249
937.103
938.081
939.185
940.423
941.8
943.318
944.982
946.795
948.766
950.896
953.181
955.618
958.202
960.918
963.743
966.645
969.572
972.454
975.184
977.612
979.527
980.629
980.485
978.498
973.83
965.369
951.897
933.017
912.792
903.807
895.078
918.18
892.803
904.871
911.1
916.658
922.219
927.788
933.245
938.185
942.251
945.301
947.373
948.589
949.101
949.057
948.58
947.78
946.748
945.552
944.25
942.889
941.503
940.122
938.768
937.452
936.19
934.991
933.858
932.799
931.819
930.912
930.084
929.339
928.672
928.086
927.583
927.161
926.824
926.57
926.398
926.312
926.313
926.41
926.609
926.91
927.317
927.832
928.461
929.205
930.072
931.07
932.197
933.468
934.886
936.456
938.192
940.096
942.175
944.439
946.889
949.53
952.362
955.378
958.567
961.904
965.352
968.856
972.328
975.639
978.605
980.959
982.311
982.107
979.575
973.656
963.054
946.736
926.337
911.012
888.197
922.07
892.677
906.512
913.704
919.772
925.774
931.526
936.74
941.057
944.272
946.386
947.522
947.855
947.559
946.789
945.672
944.315
942.798
941.188
939.534
937.874
936.239
934.651
933.121
931.661
930.28
928.98
927.763
926.637
925.598
924.647
923.785
923.006
922.316
921.713
921.196
920.765
920.42
920.157
919.982
919.894
919.894
919.991
920.187
920.482
920.882
921.388
922.006
922.74
923.598
924.584
925.705
926.974
928.396
929.976
931.729
933.665
935.793
938.126
940.67
943.433
946.423
949.642
953.087
956.744
960.589
964.581
968.65
972.69
976.542
979.966
982.611
983.963
983.285
979.556
971.442
957.59
938.155
917.028
880.28
924.896
892.951
908.352
916.393
922.872
929.074
934.688
939.384
942.914
945.222
946.415
946.683
946.229
945.239
943.864
942.232
940.437
938.554
936.642
934.738
932.873
931.075
929.351
927.712
926.169
924.717
923.364
922.109
920.953
919.892
918.925
918.052
917.27
916.577
915.973
915.458
915.028
914.683
914.425
914.252
914.165
914.165
914.257
914.445
914.728
915.111
915.598
916.193
916.903
917.732
918.689
919.782
921.017
922.41
923.968
925.701
927.625
929.753
932.098
934.674
937.492
940.565
943.907
947.517
951.394
955.529
959.891
964.43
969.062
973.653
977.993
981.765
984.496
985.481
983.694
977.72
965.88
947.165
920.863
870.56
927.326
893.521
910.312
919.067
925.808
931.976
937.204
941.21
943.88
945.287
945.62
945.111
943.978
942.406
940.544
938.507
936.381
934.23
932.102
930.029
928.033
926.13
924.328
922.632
921.046
919.57
918.202
916.94
915.78
914.724
913.767
912.904
912.133
911.456
910.867
910.364
909.945
909.612
909.362
909.195
909.11
909.109
909.195
909.372
909.639
910
910.46
911.023
911.696
912.486
913.396
914.44
915.627
916.966
918.471
920.155
922.032
924.121
926.435
928.994
931.811
934.907
938.302
942
946.013
950.343
954.972
959.869
964.97
970.166
975.283
980.038
984
986.503
986.525
982.555
972.56
954.451
924.04
857.889
929.512
894.306
912.323
921.636
928.473
934.403
939.07
942.293
944.092
944.645
944.201
943.013
941.307
939.26
937.012
934.665
932.297
929.958
927.685
925.505
923.431
921.473
919.638
917.926
916.335
914.862
913.505
912.262
911.125
910.093
909.161
908.326
907.584
906.932
906.365
905.882
905.484
905.167
904.928
904.77
904.69
904.689
904.77
904.932
905.18
905.514
905.944
906.468
907.095
907.834
908.689
909.672
910.794
912.065
913.497
915.108
916.913
918.93
921.178
923.68
926.453
929.522
932.911
936.633
940.709
945.153
949.96
955.115
960.575
966.258
972.019
977.619
982.674
986.562
988.298
986.314
978.242
960.896
926.767
845.467
931.516
895.244
914.324
924.041
930.81
936.333
940.328
942.73
943.685
943.451
942.318
940.551
938.371
935.946
933.4
930.824
928.283
925.816
923.457
921.22
919.113
917.143
915.308
913.607
912.038
910.595
909.273
908.066
906.969
905.976
905.084
904.288
903.584
902.966
902.432
901.979
901.604
901.305
901.081
900.933
900.859
900.857
900.931
901.079
901.306
901.613
902.005
902.488
903.066
903.747
904.538
905.452
906.497
907.686
909.033
910.554
912.267
914.19
916.346
918.759
921.451
924.45
927.787
931.483
935.563
940.051
944.959
950.284
956.005
962.065
968.351
974.664
980.67
985.811
989.158
989.146
983.185
967.064
929.577
831.65
933.384
896.284
916.266
926.235
932.786
937.78
941.039
942.622
942.782
941.838
940.106
937.853
935.288
932.565
929.796
927.056
924.401
921.863
919.461
917.205
915.1
913.147
911.34
909.677
908.151
906.756
905.486
904.33
903.284
902.344
901.504
900.756
900.095
899.517
899.02
898.6
898.253
897.977
897.771
897.634
897.565
897.563
897.629
897.763
897.966
898.244
898.6
899.037
899.562
900.183
900.907
901.744
902.707
903.806
905.056
906.476
908.081
909.894
911.938
914.238
916.822
919.72
922.965
926.591
930.625
935.1
940.042
945.463
951.36
957.7
964.401
971.305
978.13
984.381
989.211
991.12
987.436
973.188
933.47
816.468
935.147
897.385
918.115
928.19
934.401
938.78
941.271
942.06
941.487
939.915
937.67
935.014
932.141
929.191
926.26
923.413
920.695
918.125
915.714
913.474
911.399
909.485
907.729
906.124
904.658
903.325
902.118
901.026
900.044
899.164
898.38
897.686
897.074
896.542
896.087
895.701
895.383
895.132
894.945
894.819
894.755
894.753
894.81
894.928
895.11
895.358
895.676
896.067
896.538
897.097
897.752
898.512
899.387
900.391
901.539
902.848
904.337
906.027
907.944
910.117
912.571
915.341
918.465
921.982
925.929
930.344
935.263
940.716
946.716
953.251
960.271
967.656
975.173
982.397
988.566
992.288
990.94
979.161
938.94
801.422
936.824
898.515
919.849
929.899
935.667
939.373
941.094
941.131
939.892
937.77
935.092
932.106
928.994
925.877
922.839
919.93
917.185
914.616
912.232
910.031
908.008
906.156
904.466
902.93
901.537
900.279
899.145
898.125
897.211
896.396
895.674
895.038
894.479
893.994
893.58
893.23
892.944
892.717
892.548
892.434
892.376
892.374
892.424
892.528
892.688
892.905
893.185
893.531
893.949
894.447
895.032
895.711
896.499
897.407
898.45
899.644
901.009
902.57
904.35
906.379
908.688
911.312
914.295
917.675
921.499
925.812
930.663
936.092
942.13
948.788
956.042
963.809
971.904
979.972
987.335
992.723
993.66
984.735
945.915
790.157
938.433
899.649
921.449
931.358
936.606
939.606
940.574
939.909
938.074
935.475
932.435
929.186
925.891
922.659
919.558
916.626
913.886
911.348
909.012
906.871
904.917
903.141
901.532
900.078
898.769
897.591
896.534
895.591
894.751
894.006
893.346
892.768
892.264
891.827
891.455
891.142
890.886
890.683
890.532
890.431
890.379
890.377
890.419
890.508
890.646
890.835
891.08
891.382
891.748
892.185
892.7
893.304
894.004
894.815
895.754
896.833
898.073
899.499
901.135
903.014
905.166
907.63
910.452
913.672
917.346
921.525
926.266
931.626
937.646
944.361
951.774
959.838
968.413
977.203
985.622
992.522
995.611
989.672
953.889
786.894
939.982
900.765
922.903
932.575
937.243
939.525
939.77
938.459
936.094
933.087
929.748
926.294
922.868
919.563
916.436
913.512
910.805
908.319
906.05
903.987
902.116
900.425
898.907
897.543
896.322
895.231
894.259
893.394
892.629
891.952
891.358
890.84
890.387
889.998
889.667
889.391
889.165
888.987
888.853
888.764
888.717
888.715
888.75
888.826
888.944
889.106
889.316
889.576
889.893
890.272
890.721
891.247
891.864
892.581
893.414
894.378
895.496
896.786
898.277
899.999
901.988
904.283
906.927
909.971
913.474
917.493
922.093
927.342
933.297
940.012
947.518
955.801
964.766
974.177
983.528
991.79
996.86
993.829
962.066
793.091
941.476
901.848
924.211
933.561
937.609
939.176
938.733
936.833
934.002
930.649
927.069
923.46
919.948
916.608
913.483
910.595
907.943
905.528
903.341
901.365
899.588
897.996
896.573
895.304
894.175
893.173
892.285
891.499
890.809
890.203
889.672
889.211
888.812
888.469
888.178
887.937
887.739
887.584
887.468
887.391
887.35
887.346
887.375
887.439
887.538
887.675
887.852
888.072
888.342
888.668
889.054
889.509
890.044
890.671
891.401
892.253
893.247
894.405
895.751
897.316
899.136
901.255
903.715
906.572
909.885
913.721
918.151
923.253
929.104
935.771
943.311
951.744
961.019
970.958
981.131
990.622
997.502
997.182
969.671
805.917
942.923
902.889
925.373
934.332
937.732
938.597
937.51
935.078
931.841
928.198
924.43
920.71
917.147
913.803
910.707
907.873
905.296
902.967
900.873
898.996
897.321
895.831
894.508
893.337
892.301
891.388
890.584
889.879
889.262
888.723
888.254
887.849
887.5
887.202
886.95
886.741
886.571
886.437
886.337
886.27
886.235
886.232
886.256
886.307
886.388
886.502
886.649
886.834
887.06
887.334
887.661
888.05
888.509
889.05
889.685
890.43
891.303
892.329
893.532
894.943
896.596
898.533
900.804
903.464
906.576
910.21
914.448
919.377
925.084
931.658
939.181
947.703
957.215
967.597
978.497
989.1
997.64
999.806
976.266
820.503
944.326
903.879
926.39
934.901
937.641
937.826
936.138
933.227
929.64
925.762
921.85
918.055
914.473
911.151
908.107
905.345
902.856
900.625
898.633
896.864
895.296
893.911
892.69
891.617
890.675
889.85
889.13
888.503
887.956
887.482
887.073
886.72
886.419
886.163
885.949
885.77
885.625
885.511
885.428
885.371
885.34
885.336
885.354
885.395
885.461
885.553
885.674
885.826
886.013
886.24
886.513
886.84
887.226
887.686
888.231
888.874
889.634
890.533
891.596
892.853
894.34
896.099
898.179
900.636
903.537
906.958
910.987
915.717
921.248
927.692
935.15
943.704
953.387
964.137
975.675
987.291
997.368
1001.83
981.819
833.338
945.689
904.814
927.267
935.287
937.363
936.893
934.651
931.317
927.431
923.364
919.344
915.508
911.933
908.655
905.681
903.006
900.616
898.491
896.61
894.952
893.494
892.218
891.1
890.123
889.274
888.535
887.895
887.341
886.864
886.452
886.098
885.796
885.54
885.322
885.14
884.99
884.87
884.776
884.705
884.657
884.631
884.627
884.64
884.672
884.725
884.798
884.894
885.016
885.167
885.352
885.576
885.844
886.167
886.552
887.012
887.559
888.212
888.991
889.92
891.03
892.354
893.935
895.823
898.076
900.761
903.959
907.762
912.273
917.608
923.886
931.236
939.769
949.563
960.61
972.705
985.244
996.754
1003.36
986.547
843.516
947.012
905.689
928.011
935.506
936.92
935.828
933.078
929.371
925.235
921.015
916.924
913.076
909.533
906.317
903.428
900.853
898.57
896.559
894.793
893.248
891.902
890.731
889.715
888.833
888.075
887.421
886.857
886.373
885.959
885.605
885.304
885.048
884.833
884.651
884.501
884.377
884.278
884.2
884.141
884.102
884.081
884.076
884.086
884.111
884.151
884.206
884.281
884.376
884.495
884.643
884.822
885.04
885.302
885.618
886.001
886.461
887.014
887.68
888.481
889.449
890.617
892.026
893.723
895.768
898.236
901.206
904.773
909.05
914.164
920.247
927.451
935.917
945.767
957.041
969.62
982.997
995.851
1004.51
990.683
851.727
948.298
906.502
928.628
935.572
936.335
934.656
931.443
927.408
923.062
918.727
914.595
910.762
907.273
904.134
901.343
898.877
896.71
894.815
893.166
891.736
890.5
889.434
888.517
887.73
887.057
886.482
885.991
885.574
885.22
884.92
884.667
884.453
884.274
884.126
884.002
883.903
883.823
883.759
883.713
883.681
883.663
883.659
883.666
883.683
883.712
883.754
883.81
883.883
883.974
884.088
884.228
884.4
884.609
884.863
885.174
885.552
886.013
886.573
887.256
888.091
889.108
890.349
891.862
893.705
895.954
898.691
902.013
906.043
910.915
916.778
923.802
932.162
942.011
953.453
966.443
980.581
994.696
1005.33
994.39
858.908
949.55
907.251
929.125
935.501
935.629
933.398
929.767
925.445
920.927
916.514
912.367
908.569
905.149
902.105
899.419
897.068
895.021
893.247
891.716
890.4
889.272
888.309
887.489
886.793
886.2
885.699
885.277
884.921
884.622
884.372
884.162
883.986
883.842
883.723
883.625
883.545
883.482
883.432
883.395
883.371
883.357
883.353
883.356
883.368
883.389
883.419
883.458
883.512
883.579
883.663
883.768
883.9
884.061
884.262
884.509
884.813
885.188
885.653
886.226
886.934
887.809
888.89
890.224
891.871
893.901
896.404
899.479
903.249
907.863
913.486
920.3
928.51
938.312
949.863
963.197
978.021
993.32
1005.85
997.758
865.642
950.765
907.935
929.509
935.307
934.819
932.071
928.063
923.497
918.844
914.379
910.244
906.5
903.161
900.22
897.651
895.42
893.495
891.842
890.43
889.227
888.205
887.341
886.612
886
885.484
885.054
884.695
884.396
884.147
883.94
883.77
883.63
883.515
883.421
883.344
883.283
883.235
883.197
883.17
883.15
883.138
883.135
883.137
883.144
883.157
883.177
883.204
883.24
883.288
883.348
883.424
883.52
883.64
883.792
883.983
884.221
884.522
884.898
885.37
885.96
886.702
887.63
888.794
890.249
892.067
894.336
897.16
900.667
905.01
910.371
916.948
924.973
934.684
946.289
959.898
975.337
991.746
1006.11
1000.83
872.176
951.945
908.558
929.789
935.002
933.919
930.689
926.346
921.575
916.817
912.328
908.224
904.55
901.308
898.478
896.028
893.923
892.123
890.592
889.295
888.201
887.282
886.513
885.871
885.337
884.895
884.529
884.227
883.979
883.775
883.609
883.474
883.363
883.273
883.202
883.145
883.101
883.065
883.037
883.017
883.003
882.995
882.991
882.991
882.994
883.002
883.013
883.029
883.052
883.082
883.121
883.173
883.239
883.325
883.435
883.577
883.758
883.991
884.289
884.667
885.151
885.769
886.555
887.555
888.827
890.438
892.477
895.05
898.288
902.351
907.432
913.75
921.558
931.132
942.739
956.562
972.545
989.991
1006.12
1003.64
878.593
953.09
909.118
929.97
934.597
932.945
929.271
924.63
919.684
914.854
910.363
906.31
902.72
899.584
896.872
894.548
892.571
890.894
889.482
888.298
887.311
886.49
885.812
885.251
884.79
884.414
884.107
883.858
883.655
883.492
883.361
883.256
883.172
883.106
883.053
883.012
882.981
882.956
882.938
882.923
882.913
882.907
882.904
882.903
882.904
882.906
882.911
882.919
882.931
882.947
882.97
883.002
883.043
883.099
883.174
883.274
883.405
883.578
883.805
884.102
884.49
884.993
885.648
886.495
887.589
889.001
890.814
893.139
896.107
899.886
904.672
910.706
918.267
927.665
939.222
953.202
969.661
988.074
1005.91
1006.21
884.914
954.202
909.617
930.059
934.106
931.911
927.829
922.923
917.834
912.958
908.488
904.5
901.005
897.983
895.398
893.202
891.349
889.795
888.502
887.429
886.544
885.816
885.221
884.737
884.345
884.027
883.773
883.571
883.409
883.282
883.181
883.102
883.042
882.995
882.959
882.932
882.911
882.895
882.883
882.874
882.868
882.863
882.861
882.859
882.858
882.857
882.856
882.858
882.861
882.868
882.877
882.892
882.914
882.946
882.993
883.057
883.146
883.268
883.433
883.657
883.957
884.359
884.891
885.596
886.525
887.745
889.341
891.419
894.119
897.605
902.088
907.82
915.105
924.289
935.749
949.828
966.698
986.008
1005.5
1008.54
891.153
955.284
910.055
930.064
933.538
930.823
926.367
921.231
916.031
911.133
906.702
902.791
899.403
896.503
894.045
891.979
890.252
888.82
887.642
886.674
885.886
885.246
884.729
884.315
883.985
883.722
883.516
883.355
883.229
883.132
883.058
883.002
882.96
882.93
882.907
882.891
882.879
882.869
882.863
882.859
882.856
882.853
882.852
882.849
882.846
882.843
882.839
882.836
882.832
882.83
882.83
882.832
882.839
882.852
882.874
882.91
882.964
883.043
883.157
883.317
883.54
883.849
884.271
884.844
885.619
886.657
888.044
889.884
892.315
895.507
899.677
905.094
912.079
921.014
932.328
946.449
963.662
983.805
1004.89
1010.67
897.326
956.334
910.436
929.99
932.901
929.695
924.896
919.563
914.28
909.38
905.005
901.186
897.911
895.138
892.81
890.873
889.272
887.96
886.891
886.023
885.325
884.768
884.324
883.974
883.699
883.486
883.322
883.196
883.102
883.032
882.98
882.943
882.917
882.899
882.887
882.879
882.875
882.872
882.87
882.869
882.868
882.866
882.865
882.863
882.859
882.854
882.848
882.841
882.833
882.825
882.817
882.811
882.806
882.805
882.809
882.821
882.847
882.89
882.96
883.067
883.223
883.449
883.773
884.227
884.858
885.726
886.914
888.523
890.69
893.588
897.439
902.525
909.188
917.841
928.967
943.071
960.564
981.473
1004.09
1012.59
903.44
957.353
910.761
929.843
932.203
928.536
923.427
917.925
912.583
907.702
903.395
899.679
896.525
893.881
891.686
889.877
888.399
887.203
886.238
885.466
884.853
884.371
883.994
883.702
883.478
883.308
883.181
883.087
883.019
882.971
882.939
882.917
882.903
882.895
882.891
882.89
882.891
882.893
882.894
882.895
882.896
882.895
882.894
882.892
882.887
882.881
882.874
882.865
882.854
882.843
882.83
882.817
882.804
882.793
882.783
882.777
882.781
882.796
882.83
882.891
882.991
883.148
883.384
883.731
884.23
884.94
885.938
887.326
889.235
891.842
895.371
900.113
906.433
914.774
925.67
939.705
957.417
979.023
1003.12
1014.32
909.509
958.338
911.033
929.629
931.452
927.35
921.964
916.319
910.944
906.098
901.872
898.267
895.241
892.729
890.665
888.984
887.626
886.539
885.674
884.993
884.46
884.047
883.729
883.49
883.311
883.179
883.083
883.016
882.971
882.941
882.922
882.913
882.909
882.91
882.912
882.915
882.92
882.924
882.928
882.931
882.932
882.932
882.931
882.928
882.924
882.918
882.91
882.9
882.888
882.875
882.86
882.843
882.825
882.806
882.787
882.77
882.756
882.75
882.755
882.779
882.833
882.93
883.09
883.341
883.723
884.288
885.108
886.284
887.944
890.263
893.469
897.86
903.818
911.818
922.444
936.358
954.225
976.462
1001.97
1015.87
915.54
959.29
911.252
929.355
930.654
926.145
920.51
914.753
909.362
904.567
900.435
896.95
894.053
891.674
889.741
888.185
886.944
885.961
885.191
884.593
884.134
883.784
883.523
883.329
883.189
883.089
883.021
882.976
882.948
882.933
882.926
882.926
882.929
882.935
882.942
882.949
882.956
882.962
882.967
882.971
882.974
882.974
882.974
882.972
882.967
882.96
882.952
882.943
882.93
882.916
882.9
882.88
882.86
882.837
882.812
882.787
882.763
882.74
882.724
882.72
882.735
882.781
882.877
883.046
883.322
883.755
884.413
885.388
886.808
888.847
891.731
895.765
901.345
908.978
919.293
933.035
950.994
973.792
1000.67
1017.24
921.543
960.213
911.42
929.022
929.817
924.929
919.072
913.226
907.839
903.11
899.082
895.721
892.958
890.712
888.909
887.474
886.344
885.461
884.78
884.26
883.867
883.576
883.363
883.21
883.103
883.032
882.986
882.959
882.946
882.942
882.944
882.95
882.958
882.968
882.978
882.988
882.996
883.003
883.009
883.013
883.016
883.017
883.016
883.014
883.01
883.004
882.996
882.987
882.975
882.961
882.945
882.925
882.903
882.878
882.851
882.821
882.79
882.757
882.726
882.701
882.687
882.694
882.736
882.834
883.018
883.333
883.841
884.631
885.823
887.588
890.153
893.825
899.016
906.256
916.223
929.742
947.731
971.022
999.198
1018.43
927.532
961.105
911.54
928.635
928.946
923.707
917.654
911.741
906.376
901.725
897.81
894.579
891.95
889.838
888.162
886.844
885.819
885.031
884.433
883.985
883.653
883.414
883.243
883.126
883.048
882.999
882.972
882.96
882.957
882.962
882.971
882.981
882.993
883.005
883.016
883.026
883.035
883.042
883.048
883.052
883.054
883.055
883.054
883.052
883.049
883.044
883.037
883.028
883.017
883.004
882.989
882.972
882.95
882.926
882.898
882.866
882.831
882.793
882.753
882.713
882.678
882.654
882.654
882.694
882.799
883.01
883.383
884.001
884.978
886.479
888.73
892.04
896.831
903.657
913.241
926.486
944.442
968.158
997.574
1019.46
933.511
961.965
911.615
928.203
928.047
922.482
916.259
910.302
904.974
900.413
896.618
893.518
891.024
889.045
887.493
886.288
885.364
884.666
884.144
883.761
883.485
883.29
883.157
883.069
883.016
882.987
882.974
882.973
882.978
882.988
883.001
883.015
883.029
883.042
883.053
883.063
883.072
883.078
883.083
883.087
883.089
883.089
883.089
883.087
883.084
883.079
883.073
883.065
883.056
883.045
883.031
883.015
882.996
882.974
882.947
882.916
882.88
882.84
882.795
882.747
882.697
882.652
882.619
882.612
882.652
882.774
883.027
883.488
884.264
885.514
887.459
890.409
894.791
901.186
910.353
923.273
941.132
965.201
995.801
1020.33
939.488
962.797
911.645
927.727
927.124
921.257
914.891
908.909
903.634
899.172
895.5
892.536
890.179
888.329
886.896
885.8
884.972
884.356
883.905
883.581
883.354
883.199
883.098
883.037
883.002
882.988
882.987
882.993
883.005
883.019
883.034
883.049
883.063
883.076
883.087
883.096
883.104
883.11
883.114
883.117
883.119
883.119
883.118
883.116
883.113
883.109
883.103
883.097
883.089
883.079
883.068
883.054
883.037
883.017
882.994
882.966
882.932
882.893
882.847
882.796
882.738
882.678
882.622
882.58
882.567
882.614
882.763
883.083
883.675
884.688
886.336
888.929
892.899
898.842
907.562
920.111
937.808
962.161
993.877
1021.03
945.47
963.599
911.633
927.212
926.181
920.04
913.552
907.561
902.352
897.999
894.457
891.63
889.407
887.684
886.367
885.373
884.635
884.097
883.71
883.439
883.255
883.134
883.061
883.02
883.002
882.999
883.006
883.019
883.034
883.05
883.067
883.081
883.095
883.107
883.116
883.124
883.131
883.136
883.139
883.142
883.143
883.143
883.142
883.14
883.138
883.134
883.129
883.123
883.116
883.108
883.099
883.087
883.073
883.057
883.036
883.012
882.983
882.947
882.903
882.852
882.792
882.725
882.654
882.586
882.534
882.519
882.581
882.776
883.2
883.991
885.356
887.599
891.153
896.631
904.873
917.005
934.479
959.038
991.801
1021.56
951.464
964.371
911.582
926.66
925.223
918.832
912.243
906.262
901.131
896.893
893.485
890.795
888.704
887.105
885.899
885.003
884.349
883.88
883.552
883.329
883.182
883.092
883.041
883.017
883.012
883.018
883.031
883.047
883.064
883.081
883.096
883.111
883.123
883.134
883.142
883.148
883.153
883.157
883.16
883.162
883.162
883.162
883.16
883.159
883.156
883.153
883.149
883.144
883.138
883.131
883.123
883.115
883.103
883.09
883.073
883.053
883.028
882.997
882.959
882.911
882.853
882.785
882.706
882.622
882.541
882.479
882.468
882.558
882.831
883.417
884.514
886.416
889.556
894.556
902.293
913.963
931.15
955.839
989.578
1021.93
957.476
965.113
911.492
926.075
924.254
917.636
910.968
905.012
899.969
895.853
892.58
890.027
888.067
886.587
885.488
884.683
884.107
883.702
883.426
883.245
883.132
883.066
883.034
883.024
883.028
883.04
883.056
883.075
883.092
883.108
883.124
883.136
883.147
883.155
883.162
883.167
883.171
883.174
883.176
883.176
883.176
883.175
883.174
883.172
883.17
883.167
883.163
883.159
883.154
883.149
883.143
883.135
883.126
883.116
883.103
883.087
883.067
883.041
883.009
882.968
882.916
882.85
882.771
882.679
882.58
882.484
882.416
882.417
882.559
882.959
883.803
885.376
888.107
892.622
899.829
910.991
927.826
952.569
987.21
1022.13
963.511
965.826
911.363
925.461
923.276
916.453
909.725
903.808
898.864
894.876
891.739
889.322
887.491
886.126
885.126
884.409
883.904
883.558
883.329
883.184
883.098
883.054
883.037
883.038
883.049
883.064
883.083
883.101
883.118
883.133
883.147
883.158
883.167
883.174
883.179
883.184
883.186
883.188
883.189
883.189
883.188
883.187
883.185
883.184
883.181
883.178
883.175
883.171
883.166
883.162
883.156
883.15
883.143
883.135
883.125
883.113
883.098
883.078
883.052
883.018
882.974
882.916
882.841
882.749
882.641
882.524
882.413
882.343
882.373
882.608
883.219
884.478
886.805
890.831
897.486
908.097
924.517
949.23
984.695
1022.17
969.576
966.512
911.201
924.82
922.291
915.286
908.518
902.653
897.815
893.958
890.96
888.678
886.971
885.716
884.812
884.175
883.736
883.442
883.255
883.141
883.08
883.053
883.047
883.055
883.071
883.089
883.108
883.126
883.142
883.156
883.167
883.176
883.183
883.189
883.194
883.196
883.199
883.2
883.199
883.199
883.199
883.198
883.196
883.194
883.192
883.189
883.186
883.182
883.177
883.173
883.167
883.162
883.156
883.149
883.141
883.132
883.121
883.107
883.087
883.061
883.026
882.977
882.911
882.825
882.717
882.589
882.451
882.326
882.263
882.354
882.752
883.715
885.648
889.184
895.268
905.291
921.229
945.831
982.038
1022.03
975.674
967.17
911.008
924.156
921.304
914.137
907.346
901.547
896.821
893.099
890.239
888.09
886.504
885.355
884.54
883.976
883.597
883.351
883.2
883.114
883.072
883.059
883.062
883.075
883.094
883.113
883.131
883.148
883.162
883.174
883.184
883.192
883.197
883.202
883.205
883.208
883.209
883.21
883.211
883.21
883.21
883.209
883.207
883.205
883.203
883.2
883.196
883.193
883.188
883.183
883.177
883.171
883.165
883.159
883.152
883.145
883.137
883.127
883.114
883.096
883.069
883.031
882.976
882.901
882.8
882.671
882.518
882.355
882.22
882.188
882.397
883.082
884.638
887.684
893.184
902.577
917.972
942.376
979.236
1021.72
981.81
967.801
910.783
923.473
920.316
913.01
906.21
900.487
895.881
892.295
889.574
887.554
886.084
885.036
884.305
883.81
883.485
883.281
883.161
883.098
883.072
883.069
883.08
883.097
883.116
883.134
883.152
883.167
883.18
883.191
883.198
883.205
883.21
883.214
883.216
883.218
883.22
883.221
883.222
883.222
883.222
883.221
883.219
883.217
883.217
883.213
883.207
883.202
883.199
883.195
883.187
883.18
883.174
883.167
883.161
883.155
883.148
883.14
883.132
883.12
883.102
883.075
883.033
882.972
882.883
882.761
882.605
882.42
882.232
882.101
882.143
882.575
883.769
886.334
891.237
899.967
914.754
938.872
976.29
1021.23
987.988
968.406
910.528
922.77
919.329
911.903
905.11
899.473
894.992
891.545
888.962
887.068
885.709
884.755
884.104
883.672
883.395
883.228
883.136
883.092
883.079
883.084
883.099
883.117
883.137
883.155
883.171
883.184
883.196
883.205
883.212
883.217
883.222
883.226
883.228
883.231
883.233
883.235
883.236
883.237
883.237
883.236
883.236
883.233
883.229
883.226
883.221
883.216
883.211
883.206
883.199
883.19
883.182
883.174
883.167
883.161
883.154
883.148
883.143
883.136
883.125
883.108
883.079
883.033
882.96
882.853
882.703
882.511
882.29
882.081
881.983
882.187
883.039
885.133
889.432
897.467
911.586
935.325
973.204
1020.55
994.21
968.986
910.247
922.049
918.345
910.817
904.045
898.504
894.153
890.846
888.399
886.628
885.375
884.511
883.932
883.557
883.324
883.19
883.12
883.093
883.09
883.1
883.118
883.137
883.156
883.174
883.188
883.2
883.21
883.218
883.225
883.23
883.235
883.239
883.243
883.246
883.249
883.251
883.253
883.255
883.255
883.255
883.254
883.25
883.247
883.246
883.242
883.236
883.229
883.219
883.212
883.204
883.194
883.184
883.174
883.166
883.159
883.152
883.148
883.144
883.139
883.13
883.113
883.083
883.029
882.94
882.807
882.62
882.382
882.119
881.907
881.91
882.446
884.082
887.776
895.086
908.474
931.743
969.977
1019.69
1000.48
969.541
909.94
921.313
917.366
909.754
903.017
897.579
893.362
890.195
887.882
886.23
885.079
884.299
883.788
883.464
883.27
883.163
883.113
883.098
883.102
883.117
883.137
883.156
883.175
883.19
883.204
883.214
883.223
883.231
883.238
883.244
883.248
883.254
883.259
883.263
883.267
883.271
883.274
883.276
883.279
883.279
883.276
883.273
883.273
883.274
883.267
883.26
883.252
883.24
883.231
883.221
883.209
883.196
883.184
883.174
883.164
883.156
883.15
883.146
883.144
883.142
883.135
883.119
883.086
883.02
882.909
882.737
882.499
882.203
881.903
881.735
881.982
883.18
886.272
892.834
905.432
928.135
966.611
1018.63
1006.8
970.074
909.607
920.562
916.392
908.714
902.024
896.697
892.617
889.591
887.407
885.871
884.817
884.116
883.666
883.389
883.229
883.147
883.113
883.107
883.117
883.135
883.155
883.174
883.191
883.206
883.218
883.228
883.236
883.245
883.252
883.259
883.265
883.271
883.277
883.283
883.289
883.295
883.299
883.303
883.307
883.31
883.31
883.308
883.304
883.3
883.296
883.288
883.278
883.267
883.254
883.242
883.23
883.215
883.199
883.186
883.171
883.16
883.151
883.146
883.144
883.144
883.145
883.142
883.126
883.084
883
882.854
882.628
882.322
881.961
881.653
881.642
882.427
884.923
890.719
902.469
924.508
963.109
1017.37
1013.18
970.585
909.246
919.8
915.424
907.696
901.065
895.856
891.916
889.03
886.973
885.548
884.587
883.959
883.564
883.329
883.2
883.137
883.116
883.119
883.134
883.153
883.172
883.19
883.207
883.22
883.232
883.242
883.251
883.26
883.268
883.276
883.284
883.292
883.3
883.308
883.316
883.323
883.329
883.335
883.34
883.342
883.342
883.341
883.336
883.332
883.329
883.323
883.314
883.3
883.284
883.269
883.255
883.24
883.22
883.2
883.183
883.167
883.154
883.145
883.142
883.143
883.147
883.152
883.148
883.129
883.074
882.963
882.764
882.464
882.071
881.654
881.419
881.819
883.733
888.747
899.598
920.875
959.471
1015.9
1019.61
971.076
908.863
919.026
914.463
906.701
900.141
895.055
891.256
888.508
886.578
885.259
884.384
883.824
883.48
883.282
883.179
883.134
883.124
883.132
883.15
883.169
883.189
883.206
883.222
883.235
883.246
883.256
883.266
883.276
883.286
883.295
883.306
883.316
883.326
883.336
883.347
883.355
883.363
883.37
883.375
883.377
883.38
883.379
883.378
883.376
883.369
883.359
883.349
883.337
883.321
883.305
883.286
883.266
883.245
883.223
883.202
883.18
883.161
883.146
883.137
883.136
883.142
883.15
883.159
883.161
883.134
883.058
882.897
882.62
882.219
881.727
881.305
881.354
882.704
886.929
896.829
917.244
955.702
1014.22
1026.1
971.546
908.458
918.24
913.509
905.728
899.249
894.293
890.637
888.026
886.217
885
884.207
883.709
883.413
883.248
883.165
883.136
883.134
883.147
883.165
883.185
883.204
883.221
883.236
883.249
883.261
883.272
883.283
883.295
883.306
883.318
883.331
883.344
883.356
883.369
883.381
883.391
883.401
883.409
883.415
883.422
883.423
883.423
883.421
883.416
883.413
883.404
883.39
883.378
883.363
883.344
883.324
883.301
883.276
883.25
883.225
883.2
883.175
883.153
883.137
883.129
883.131
883.14
883.156
883.173
883.176
883.133
883.017
882.782
882.394
881.859
881.287
881.024
881.837
885.271
894.173
913.627
951.805
1012.31
1032.66
972
908.027
917.444
912.56
904.776
898.387
893.567
890.055
887.579
885.889
884.769
884.052
883.612
883.358
883.221
883.158
883.141
883.145
883.161
883.181
883.201
883.22
883.236
883.251
883.264
883.277
883.289
883.302
883.315
883.329
883.344
883.359
883.374
883.389
883.403
883.417
883.429
883.441
883.45
883.457
883.463
883.469
883.469
883.463
883.461
883.458
883.448
883.439
883.425
883.406
883.385
883.364
883.34
883.314
883.286
883.255
883.225
883.196
883.167
883.144
883.128
883.12
883.126
883.144
883.17
883.194
883.189
883.12
882.937
882.585
882.038
881.359
880.823
881.133
883.78
891.645
910.036
947.785
1010.17
1039.28
972.437
907.572
916.635
911.617
903.844
897.556
892.874
889.508
887.167
885.591
884.563
883.917
883.531
883.315
883.203
883.157
883.148
883.159
883.176
883.196
883.217
883.234
883.25
883.265
883.279
883.294
883.308
883.323
883.338
883.355
883.372
883.389
883.406
883.423
883.44
883.455
883.469
883.481
883.492
883.501
883.507
883.511
883.513
883.511
883.509
883.503
883.493
883.485
883.472
883.454
883.431
883.408
883.383
883.354
883.325
883.292
883.258
883.224
883.189
883.156
883.131
883.114
883.113
883.128
883.155
883.193
883.219
883.198
883.075
882.778
882.252
881.509
880.744
880.589
882.462
889.255
906.484
943.645
1007.78
1045.96
972.859
907.091
915.812
910.679
902.931
896.753
892.215
888.995
886.786
885.32
884.381
883.802
883.463
883.28
883.192
883.159
883.157
883.171
883.191
883.21
883.232
883.248
883.266
883.281
883.297
883.312
883.329
883.345
883.363
883.382
883.402
883.421
883.441
883.46
883.478
883.495
883.51
883.524
883.536
883.546
883.553
883.558
883.56
883.559
883.555
883.55
883.543
883.533
883.518
883.501
883.481
883.455
883.428
883.399
883.366
883.331
883.295
883.256
883.216
883.176
883.142
883.115
883.103
883.107
883.132
883.176
883.226
883.25
883.189
882.963
882.485
881.718
880.78
880.204
881.323
887.017
902.984
939.39
1005.15
1052.72
973.269
906.586
914.974
909.743
902.035
895.975
891.587
888.514
886.434
885.075
884.218
883.704
883.408
883.253
883.184
883.163
883.168
883.183
883.205
883.226
883.247
883.264
883.282
883.299
883.315
883.332
883.35
883.369
883.391
883.412
883.433
883.455
883.476
883.497
883.517
883.536
883.553
883.568
883.581
883.592
883.6
883.606
883.609
883.609
883.604
883.598
883.592
883.58
883.565
883.547
883.527
883.503
883.475
883.445
883.412
883.376
883.336
883.294
883.25
883.205
883.161
883.123
883.097
883.088
883.105
883.148
883.212
883.273
883.276
883.133
882.728
881.975
880.916
879.972
880.366
884.942
899.551
935.027
1002.25
1059.54
973.667
906.053
914.119
908.808
901.155
895.222
890.987
888.061
886.107
884.853
884.075
883.618
883.363
883.234
883.18
883.169
883.179
883.198
883.221
883.242
883.26
883.279
883.298
883.316
883.335
883.353
883.374
883.395
883.418
883.442
883.466
883.489
883.512
883.535
883.557
883.577
883.596
883.611
883.625
883.637
883.647
883.653
883.657
883.658
883.652
883.647
883.641
883.629
883.614
883.596
883.574
883.55
883.523
883.492
883.459
883.421
883.381
883.337
883.29
883.24
883.188
883.14
883.098
883.076
883.078
883.113
883.181
883.269
883.331
883.274
882.965
882.268
881.14
879.886
879.597
883.042
896.199
930.561
999.074
1066.46
974.056
905.487
913.243
907.87
900.287
894.492
890.414
887.636
885.809
884.654
883.952
883.546
883.327
883.221
883.182
883.18
883.192
883.214
883.234
883.255
883.274
883.295
883.316
883.333
883.354
883.375
883.398
883.423
883.447
883.473
883.498
883.524
883.549
883.573
883.596
883.618
883.638
883.655
883.671
883.684
883.694
883.701
883.705
883.708
883.702
883.696
883.69
883.678
883.663
883.644
883.622
883.597
883.569
883.538
883.505
883.468
883.427
883.381
883.333
883.282
883.225
883.168
883.114
883.073
883.056
883.074
883.139
883.242
883.35
883.378
883.18
882.576
881.438
879.937
879.019
881.33
892.945
926
995.61
1073.45
974.437
904.886
912.343
906.929
899.43
893.783
889.866
887.238
885.534
884.474
883.843
883.484
883.298
883.214
883.187
883.191
883.207
883.229
883.248
883.269
883.291
883.312
883.333
883.353
883.373
883.399
883.424
883.45
883.477
883.504
883.531
883.559
883.585
883.611
883.635
883.658
883.679
883.698
883.715
883.73
883.741
883.749
883.755
883.759
883.752
883.745
883.741
883.729
883.712
883.692
883.669
883.643
883.614
883.583
883.549
883.513
883.473
883.429
883.379
883.326
883.268
883.204
883.141
883.082
883.043
883.038
883.087
883.194
883.338
883.445
883.368
882.887
881.795
880.117
878.629
879.817
889.806
921.35
991.839
1080.53
974.805
904.243
911.413
905.979
898.582
893.092
889.342
886.863
885.278
884.311
883.746
883.434
883.276
883.208
883.193
883.201
883.22
883.242
883.265
883.284
883.307
883.33
883.35
883.372
883.397
883.423
883.449
883.477
883.506
883.534
883.563
883.592
883.62
883.647
883.673
883.698
883.72
883.741
883.76
883.776
883.789
883.8
883.806
883.811
883.804
883.796
883.792
883.781
883.763
883.741
883.716
883.689
883.658
883.626
883.592
883.555
883.516
883.475
883.427
883.373
883.314
883.247
883.175
883.104
883.043
883.013
883.035
883.13
883.294
883.47
883.517
883.186
882.195
880.417
878.424
878.515
886.797
916.619
987.744
1087.7
975.163
903.552
910.448
905.018
897.738
892.418
888.841
886.509
885.045
884.164
883.66
883.392
883.261
883.209
883.202
883.213
883.232
883.257
883.28
883.3
883.322
883.346
883.368
883.391
883.418
883.444
883.474
883.504
883.533
883.563
883.594
883.624
883.653
883.682
883.709
883.736
883.76
883.783
883.804
883.823
883.838
883.85
883.859
883.865
883.866
883.856
883.845
883.834
883.815
883.791
883.764
883.734
883.702
883.668
883.632
883.595
883.555
883.514
883.469
883.419
883.361
883.295
883.219
883.139
883.06
883.001
882.991
883.059
883.223
883.451
883.615
883.458
882.618
880.819
878.401
877.432
883.939
911.813
983.302
1094.99
975.517
902.804
909.441
904.04
896.897
891.758
888.358
886.177
884.83
884.033
883.589
883.359
883.252
883.213
883.211
883.226
883.249
883.272
883.293
883.315
883.339
883.361
883.385
883.41
883.437
883.466
883.498
883.528
883.56
883.591
883.622
883.654
883.684
883.714
883.743
883.771
883.798
883.823
883.847
883.868
883.887
883.902
883.915
883.922
883.923
883.911
883.898
883.889
883.868
883.842
883.812
883.779
883.744
883.707
883.671
883.632
883.592
883.549
883.506
883.46
883.406
883.343
883.269
883.183
883.09
883.005
882.958
882.989
883.133
883.392
883.661
883.687
883.044
881.305
878.557
876.58
881.251
906.942
978.488
1102.38
975.853
901.989
908.382
903.042
896.058
891.112
887.895
885.865
884.633
883.92
883.528
883.331
883.245
883.219
883.223
883.239
883.265
883.285
883.307
883.332
883.354
883.377
883.403
883.431
883.457
883.489
883.52
883.551
883.583
883.616
883.648
883.68
883.711
883.742
883.773
883.801
883.831
883.859
883.885
883.91
883.932
883.953
883.968
883.979
883.985
883.968
883.952
883.945
883.921
883.891
883.858
883.823
883.785
883.745
883.707
883.668
883.628
883.584
883.539
883.497
883.45
883.388
883.316
883.234
883.132
883.028
882.945
882.928
883.035
883.298
883.652
883.859
883.457
881.862
878.887
875.968
878.754
902.011
973.268
1109.92
976.168
901.094
907.263
902.018
895.217
890.479
887.452
885.573
884.456
883.819
883.477
883.31
883.243
883.227
883.235
883.255
883.278
883.3
883.323
883.349
883.369
883.394
883.42
883.448
883.477
883.509
883.54
883.571
883.604
883.637
883.669
883.701
883.732
883.761
883.791
883.819
883.849
883.88
883.909
883.936
883.963
883.99
884.011
884.03
884.047
884.022
883.995
883.994
883.969
883.936
883.9
883.865
883.824
883.779
883.74
883.7
883.661
883.618
883.568
883.528
883.486
883.429
883.363
883.288
883.184
883.066
882.951
882.884
882.938
883.175
883.584
883.964
883.835
882.467
879.378
875.604
876.465
897.03
967.602
1117.6
976.45
900.101
906.072
900.964
894.373
889.855
887.025
885.302
884.294
883.73
883.436
883.298
883.245
883.237
883.248
883.27
883.292
883.315
883.339
883.363
883.385
883.409
883.436
883.463
883.494
883.525
883.555
883.585
883.615
883.647
883.678
883.708
883.741
883.772
883.809
883.837
883.866
883.896
883.927
883.955
883.985
884.011
884.035
884.059
884.108
884.056
884.005
884.01
883.988
883.955
883.917
883.887
883.852
883.805
883.766
883.725
883.689
883.647
883.594
883.552
883.519
883.466
883.405
883.34
883.241
883.12
882.978
882.864
882.853
883.037
883.466
883.995
884.157
883.097
880.018
875.499
874.414
892.004
961.438
1125.47
976.677
898.99
904.795
899.877
893.526
889.248
886.62
885.051
884.15
883.657
883.407
883.294
883.253
883.249
883.264
883.285
883.306
883.329
883.353
883.375
883.399
883.425
883.448
883.476
883.505
883.532
883.562
883.593
883.628
883.662
883.691
883.72
883.751
883.776
883.814
883.848
883.877
883.906
883.935
883.963
883.992
884.017
884.039
884.044
884.099
884.124
884.068
884.041
884.016
883.986
883.945
883.921
883.864
883.812
883.771
883.728
883.697
883.666
883.613
883.569
883.547
883.496
883.436
883.388
883.296
883.181
883.027
882.871
882.789
882.898
883.308
883.95
884.406
883.726
880.794
875.659
872.63
886.94
954.707
1133.55
976.82
897.733
903.42
898.755
892.679
888.656
886.239
884.824
884.024
883.598
883.388
883.294
883.266
883.265
883.281
883.302
883.323
883.343
883.366
883.386
883.41
883.432
883.454
883.484
883.516
883.549
883.575
883.597
883.627
883.667
883.7
883.728
883.758
883.783
883.808
883.838
883.863
883.888
883.914
883.939
883.963
883.987
884.006
884.013
884.04
884.058
884.048
884.038
884.02
883.992
883.957
883.924
883.872
883.831
883.794
883.752
883.727
883.683
883.618
883.569
883.556
883.515
883.459
883.428
883.343
883.243
883.091
882.906
882.756
882.772
883.122
883.829
884.565
884.328
881.685
876.092
871.143
881.843
947.318
1141.87
976.826
896.297
901.928
897.595
891.833
888.085
885.884
884.622
883.921
883.554
883.377
883.299
883.28
883.284
883.301
883.318
883.338
883.357
883.375
883.396
883.418
883.443
883.474
883.492
883.511
883.549
883.584
883.607
883.629
883.658
883.687
883.712
883.738
883.763
883.787
883.813
883.837
883.86
883.882
883.902
883.921
883.938
883.951
883.958
883.969
883.975
883.967
883.958
883.945
883.926
883.905
883.884
883.861
883.836
883.806
883.77
883.735
883.686
883.639
883.598
883.593
883.522
883.465
883.449
883.377
883.3
883.159
882.961
882.76
882.675
882.924
883.637
884.621
884.875
882.669
876.809
869.994
876.724
939.145
1150.5
976.611
894.636
900.304
896.404
891.002
887.546
885.562
884.449
883.842
883.527
883.377
883.315
883.299
883.305
883.318
883.332
883.349
883.37
883.39
883.422
883.426
883.436
883.474
883.504
883.517
883.542
883.572
883.594
883.615
883.641
883.666
883.69
883.713
883.735
883.756
883.778
883.798
883.817
883.835
883.852
883.866
883.879
883.889
883.894
883.9
883.902
883.899
883.892
883.882
883.87
883.854
883.835
883.813
883.789
883.763
883.736
883.711
883.686
883.657
883.623
883.594
883.528
883.504
883.491
883.395
883.339
883.215
883.032
882.795
882.618
882.738
883.39
884.563
885.335
883.718
877.818
869.236
871.591
930.016
1159.49
976.029
892.697
898.532
895.199
890.201
887.05
885.286
884.311
883.788
883.519
883.391
883.338
883.323
883.326
883.336
883.349
883.373
883.396
883.382
883.412
883.445
883.445
883.469
883.494
883.508
883.529
883.554
883.576
883.595
883.616
883.637
883.658
883.678
883.697
883.715
883.732
883.748
883.763
883.777
883.79
883.801
883.808
883.816
883.821
883.823
883.828
883.825
883.818
883.814
883.806
883.794
883.78
883.764
883.745
883.725
883.704
883.681
883.656
883.629
883.603
883.581
883.556
883.529
883.492
883.42
883.411
883.259
883.097
882.851
882.605
882.591
883.116
884.393
885.68
884.801
879.131
868.94
866.461
919.687
1168.9
974.805
890.405
896.601
894.006
889.461
886.62
885.068
884.221
883.769
883.535
883.421
883.368
883.352
883.352
883.378
883.372
883.362
883.398
883.403
883.41
883.437
883.441
883.457
883.478
883.493
883.51
883.529
883.548
883.565
883.582
883.599
883.616
883.631
883.645
883.661
883.676
883.687
883.697
883.709
883.72
883.729
883.735
883.741
883.744
883.742
883.744
883.747
883.745
883.737
883.732
883.725
883.713
883.701
883.689
883.674
883.662
883.645
883.624
883.604
883.584
883.564
883.542
883.519
883.497
883.462
883.417
883.285
883.197
882.913
882.633
882.499
882.85
884.127
885.881
885.872
880.754
869.204
861.366
907.801
1178.79
972.422
887.666
894.517
892.88
888.833
886.294
884.931
884.194
883.794
883.576
883.468
883.415
883.422
883.381
883.367
883.391
883.384
883.398
883.402
883.405
883.423
883.431
883.442
883.456
883.47
883.483
883.498
883.511
883.522
883.536
883.551
883.563
883.575
883.588
883.6
883.609
883.619
883.626
883.635
883.644
883.649
883.655
883.659
883.661
883.661
883.662
883.663
883.66
883.658
883.654
883.649
883.644
883.635
883.626
883.617
883.606
883.595
883.582
883.57
883.558
883.545
883.531
883.513
883.492
883.459
883.415
883.331
883.207
882.968
882.74
882.475
882.64
883.803
885.92
886.88
882.687
870.17
856.382
893.834
1189.15
968.261
884.456
892.337
891.921
888.392
886.115
884.905
884.24
883.869
883.66
883.586
883.464
883.419
883.424
883.394
883.397
883.388
883.391
883.394
883.396
883.404
883.412
883.42
883.43
883.439
883.446
883.456
883.466
883.474
883.485
883.495
883.503
883.513
883.522
883.528
883.536
883.545
883.551
883.555
883.561
883.568
883.571
883.574
883.576
883.573
883.572
883.575
883.575
883.573
883.571
883.568
883.566
883.562
883.557
883.552
883.548
883.543
883.538
883.532
883.526
883.521
883.514
883.5
883.481
883.452
883.403
883.322
883.2
883.017
882.773
882.547
882.575
883.496
885.811
887.762
884.919
872.04
851.668
876.992
1199.77
961.931
881.05
890.344
891.391
888.301
886.17
885.044
884.411
884.098
883.767
883.607
883.553
883.467
883.44
883.406
883.393
883.382
883.376
883.374
883.374
883.376
883.379
883.386
883.392
883.397
883.403
883.409
883.413
883.419
883.426
883.432
883.438
883.444
883.449
883.454
883.461
883.465
883.469
883.473
883.476
883.479
883.483
883.487
883.488
883.486
883.486
883.489
883.489
883.49
883.49
883.489
883.49
883.491
883.492
883.491
883.492
883.493
883.495
883.496
883.496
883.494
883.487
883.474
883.453
883.418
883.362
883.277
883.151
882.983
882.788
882.632
882.65
883.397
885.634
888.453
887.39
875.103
847.591
856.174
1210.4
947.477
877.275
889.252
892.089
889.149
886.9
885.756
884.868
884.337
884.074
883.82
883.695
883.586
883.522
883.474
883.441
883.417
883.403
883.395
883.386
883.381
883.379
883.38
883.382
883.383
883.385
883.387
883.391
883.394
883.397
883.4
883.403
883.406
883.409
883.411
883.413
883.416
883.418
883.421
883.424
883.426
883.427
883.428
883.43
883.43
883.43
883.434
883.436
883.439
883.443
883.446
883.45
883.455
883.46
883.464
883.467
883.468
883.467
883.465
883.459
883.445
883.425
883.396
883.353
883.297
883.222
883.124
883
882.862
882.737
882.696
882.9
883.692
885.653
889.019
890.004
879.792
845.044
829.951
1220.75
901.515
870.723
889.684
895.208
892.05
888.913
887.051
886.146
885.395
884.948
884.603
884.37
884.199
884.078
883.988
883.921
883.868
883.827
883.794
883.77
883.752
883.738
883.724
883.714
883.706
883.699
883.695
883.692
883.688
883.684
883.681
883.68
883.678
883.677
883.677
883.676
883.675
883.675
883.675
883.674
883.674
883.674
883.674
883.675
883.675
883.673
883.671
883.665
883.656
883.644
883.629
883.612
883.591
883.565
883.536
883.503
883.465
883.421
883.373
883.318
883.255
883.187
883.111
883.028
882.939
882.848
882.758
882.682
882.643
882.687
882.903
883.453
884.628
886.808
890.057
892.928
886.749
845.727
795.748
1223.22
860.98
870.324
888.442
892.634
887.729
885.12
883.59
882.872
882.442
882.216
882.086
882.02
881.989
881.979
881.981
881.988
881.998
882.011
882.024
882.036
882.049
882.062
882.073
882.083
882.093
882.103
882.113
882.121
882.129
882.136
882.144
882.152
882.158
882.165
882.171
882.177
882.183
882.188
882.194
882.2
882.205
882.21
882.216
882.222
882.225
882.228
882.229
882.227
882.222
882.216
882.206
882.195
882.182
882.165
882.148
882.129
882.108
882.088
882.067
882.048
882.032
882.021
882.019
882.032
882.067
882.137
882.258
882.459
882.783
883.301
884.117
885.392
887.334
890.112
893.547
896.559
895.647
851.942
750.276
1188.52
1164.36
1040.68
943.095
913.198
899.377
892.239
887.706
884.636
882.492
880.964
879.846
879.006
878.361
877.858
877.458
877.134
876.867
876.645
876.458
876.299
876.162
876.045
875.94
875.849
875.769
875.697
875.633
875.576
875.525
875.48
875.44
875.404
875.371
875.342
875.318
875.296
875.277
875.26
875.248
875.237
875.23
875.225
875.222
875.222
875.228
875.244
875.27
875.309
875.359
875.42
875.493
875.581
875.684
875.802
875.938
876.092
876.268
876.469
876.695
876.952
877.246
877.582
877.967
878.412
878.932
879.544
880.27
881.141
882.198
883.494
885.086
887.031
889.325
891.778
893.916
895.214
893.332
861.943
708.365
1153.72
624.14
894.839
905.79
896.656
894.603
895.314
896.301
897.175
897.946
898.617
899.189
899.671
900.077
900.421
900.714
900.964
901.179
901.366
901.531
901.675
901.803
901.918
902.021
902.113
902.196
902.271
902.34
902.402
902.458
902.51
902.556
902.599
902.638
902.672
902.703
902.731
902.755
902.777
902.795
902.81
902.822
902.832
902.839
902.842
902.84
902.83
902.814
902.791
902.761
902.722
902.676
902.62
902.554
902.478
902.39
902.291
902.177
902.047
901.9
901.733
901.543
901.324
901.072
900.781
900.444
900.049
899.584
899.033
898.376
897.595
896.674
895.614
894.446
893.268
892.579
894.785
904.812
909.42
818.087
1488.52
)
;

boundaryField
{
    movingWall
    {
        type            fixedValue;
        value           uniform 900;
    }
    fixedWalls
    {
        type            fixedValue;
        value           uniform 900;
    }
    frontAndBack
    {
        type            empty;
    }
}


// ************************************************************************* //
